의안번호,의안명,제안일자,제안자구분,의결일자,의결결과,제안회기,제안이유,소관위원회,제안자
160661,  납세자소송법안(이주영의원등 25인),2001-03-02,의원,2004-05-29,임기만료폐기,제16대 (2000~2004) 제219회,"[""■ 제안이유현재 우리나라는 중앙정부나 지방자치단체 모두 과중한 채무에 시달리고 있고, 이것은 다음 세대들에게도 상당한 부담으로 작용하고 있음. 국가가 집행하는 예산은 국민의 혈세로 마련된다는 것을 상기할 때, 예산낭비를 막기 위한 사전적인 노력과 함께 그 환수를 위한 사후적인 노력이 절실히 요구되고 있음.특히 내부감사기관의 감사만으로는 예산낭비를 근절하거나 낭비된 예산을 환수하기 어려우므로, 납세자인 시민의 참여를 유도하고 보장하여 예산낭비를 막음으로써, 국회에서 여야 합의로 추진하고 있는 재정건전화를 위한 법률개정작업과 병행하여 재정건전화에 국민이 감시하고 참여할 수 있는 길을 열어두고자 미국？영국？일본 등 선진국에서 소위 Taxpayer's Suit로서 활용되고 있는 납세자소송 제도를 도입하고자 함.■ 주요내용가. 이 법은 공공재정의 건전성 확보와 참여민주주의 실현을 위해 국가, 지방자치단체, 공공기관의 재정에 관한 납세자의 권리를 보장하고, 납세자 소송제도의 절차에 관하여 규정함을 목적으로 함(안 제1조).나. 국민은 국가, 지방자치단체 등의 예산의 편성ㆍ집행, 결산, 공금지출, 채권ㆍ채무현황, 재산관리현황 기타 재정관련정보를 충분하고도 신속하게 제공받을 권리 및 국가 등의 재정에 손해를 끼치는 위법행위를 예방 또는 시정할 수 있는 권리를 규정함(안 제2조 제1항？제2항)다. 국가 등은 국민의 입장에서 재정의 적법성, 효율성, 투명성을 확보하기 위하여 최선의 노력을 다하여야 함(안 제2조 제3항).라. 국가 등의 위법한 공금지출, 재산의 취득ㆍ관리ㆍ처분, 계약의 체결ㆍ이행, 채무 기타 의무의 부담, 공금의 부과ㆍ징수를 태만히 하는 행위, 재산의 관리를 태만히 하는 행위에 의하여 손해를 입을 염려가 있거나 손해를 입은 납세자는 그 손해의 예방, 회복을 위하여 납세자 소송을 제기할 수 있도록 함(안 제3조).마. 납세자소송은 피고의 소재지를 관할하는 행정법원 또는 대법원 소재지 행정법원이 관할하도록 함(안 제4조 제1항)바. 법원에 계속중인 사건에 대하여는 다른 국민 또는 국가 등이 다시 동일한 납세자소송을 제기하지 못하도록 하고 기존 소송에 참가할 수 있도록 함(안 제5조, 제6조).사. 납세자 소송에 대한 확정판결은 제3자에 대하여도 효력을 인정함(안 제7조).아. 국가 등이 납세자 소송의 결과에 따라 손해발생이 사전 예방되거나 이행 또는 집행 등으로 실제로 경제적 이익을 얻은 경우에는 그 이익의 10분의 1(10억원을 한도로 함)을 소제기한 원고에게 보상금으로 지급하도록 함(안 제10조).자. 납세자 소송을 제기한 원고가 승소한 때에는 국가 등에 대하여 법정소송비용 기타 소송으로 인한 모든 비용의 지급을 청구할 수 있도록 함(안 제13조).차. 납세자 소송을 제기하였다는 이유로 소송의 원고가 된 국민에게 해고, 징계, 전보 기타의 불이익을 줄 수 없도록 함(안 제15조).""]",법제사법위원회,"['이주영', '권기술', '김문수', '김용학', '김원웅', '김찬우', '김태호', '김호일', '박세환', '박헌기', '송영길', '신기남', '심재권', '안경률', '안상수', '엄호성', '윤경식', '이강두', '이인기', '전재희', '정병국', '정인봉', '최병국', '현경대', '현승일']"
160660,  사립학교법중개정법률안(이재정의원등 32인 외 1인),2001-02-28,의원,2002-07-31,수정가결,제16대 (2000~2004) 제218회,"['■ 제안이유 및 주요골자국제교류 및 투자협력 등을 목적으로 국내에 거주하는 외국인 자녀에 대한 교육기회를 확대하기 위하여 외국인학교를 각종학교의 일종으로 설립?운영하는 경우 현행법상 외국인학교 교원도 사립학교법에 의거 초?중등교육법상의 교원규정을 준수해야 하나, 외국인학교는 국가별 특성에 맞는 교육제도 및 교육내용을 갖고 있으므로 국내법에 의한 교원 규정을 배제하여 외국인 자녀의 학교 적응을 쉽게 하고 실질적인 교육기회가 보장되도록 하기 위함■ 위원회 수정사항□ 수정이유 및 수정주요골자외국인학교 교원의 자격?임용에 대한 특례를 인정하는 개정규정의 위치를 제5장(보칙)에서 제4장(사립학교 교원)으로 변경하고 외국인학교의 근거를 분명히 표시하며,부칙에서 규정하고 있는 시행일이 이미 경과되었는 바, 이를 공포한 날부터 시행하도록 하려는 것임.']",교육위원회,"['이재정', '김경천', '김근태', '김덕규', '김민석', '김성순', '김성호', '김원웅', '김태홍', '김화중', '김희선', '문희상', '박용호', '배기운', '설훈', '송석찬', '송영길', '신기남', '심재권', '안영근', '유삼남', '유재건', '이미경', '이종걸', '이창복', '이호웅', '임종석', '전용학', '정동영', '조정무', '조희욱', '최용규']"
160658,  토양환경보전법중개정법률안(대안),2001-02-27,위원장,2001-02-28,원안가결,제16대 (2000~2004) 제218회,"['■ 제안경위1. 제218회국회(임시회) 제1차법안심사소위원회(2001.2.20)에서 2000년10월2일 정부가 제출한 土壤環境保全法中改正法律案과2000년12월16일 김원길의원이 대표발의한 土壤環境保全法中改正法律案을 심사한 결과 그 내용을 통합·보완하여 위원회대안으로 제안하기로 하고 2개의 법률안을 각각 본회의에 부의하지 아니하기로함.2. 제218회국회(임시회) 제5차위원회(2001.2.23)는 법안심사소위원회의 심사결과를 받아들여 土壤環境保全法中改正法律案을 위원회대안으로 심사ㆍ의결함.■ 제안이유공장부지, 폐광지역 등 토양오염이 심각하게 우려되는 지역을 적극적으로 조사·정화하기 위하여 오염원인자로하여금 토양오염지역을 조사하게 하고, 토지거래시 부지의 토양환경평가를 자율적으로 실시할 수 있도록 하며,토양관련전문기관이 오염토양개선사업을 감리·감독할 수 있도록 하는 등 현행 제도의 운영상 나타난 일부 미비점을 개선·보완하려는 것임.■ 주요골자1. 시·도지사는 측정망(測定網)을 설치하여 동일 지점의 토양오염도를 측정하도록 하던 것을 토양오염 우려지역을 선정하여 오염실태를 조사하도록 함(안 제5조제2항).2. 토양오염유발시설이 설치된 부지를 양도·양수하는 경우에는 부지의 토양오염을 사전에 조사하여 토양오염에 대한 법적 책임관계를 명확히 하기 위하여 양도인 또는 양수인 등이 토양환경평가를 자율적으로 실시할수 있도록 함(안 제10조의2 신설).3. 토양오염유발시설의 신고 및 토양오염유발시설의 설치자에 대한 시정명령 등의 업무를 시·도지사에서 시장·군수·구청장으로 이양함(안 제11조·제12조 및 제26조의2제1항).4. 시·도지사는 일정 기준 이상으로 토양이 오염되었다고 인정되는 지역에 대하여 그 오염을 발생시킨 자로하여금 토양정밀조사를 받게 할 수 있도록 함(안 제15조제1항 신설).5. 오염토양개선사업을 오염원인자가 실시하는 경우 토양관련전문기관으로 하여금 감리·감독할 수 있도록 함(안 제19조제1항).6. 토양오염에 대한 확실한 피해배상 및 정화를 위하여 토양오염유발시설을 인수한 자도 토양오염에 대한 책임을 지도록 함(안 제23조제3항 신설).7. 토양관련전문기관에 의한 토양오염검사 및 토양정밀조사의 부당행위를 방지하기 위하여 토양관련전문기관에 대한 업무정지 및 지정취소의 근거규정을 마련함(안 제23조의4 신설).']",환경노동위원회,[]
160657,  하수도법중개정법률안(대안),2001-02-27,위원장,2001-02-28,원안가결,제16대 (2000~2004) 제218회,"['■ 제안경위1. 제218회국회(임시회) 제1차법안심사소위원회(2001.2.20)에서 2000년10월14일 정부가 제출한 下水道法中改正法律案과 2000년12월7일 한명숙의원이 대표발의한 下水道法中改正法律案과 2000년12월16일 김원길의원이 대표발의한下水道法中改正法律案을 심사한 결과, 그 내용을 통합·보완하여 위원회대안으로 제안하기로 하고3개의 법률안을 각각 본회의에 부의하지 아니하기로 함.2. 제218회국회(임시회) 제5차위원회(2001.2.23)는 법안심사소위원회의 심사결과를 받아들여 下水道法中改正法律案을 위원회대안으로 심사ㆍ의결함.■ 제안이유지방자치단체가 하수종말처리시설에서 처리된 물을 재이용하는 계획을 수립하여 물부족현상에 대비한 물 수요관리정책을 적극적으로 추진하도록 하고, 하수종말처리시설뿐 아니라 하수관거에 관한 공사도 전문기관에 위탁할 수 있도록 하는 등 현행 제도의 운영상 나타난 일부 미비점을 개선·보완하려는 것임.■ 주요골자1. 건물 등의 부지로부터 공공하수도에 배출되는 지하수를 하수의 범위에 포함하여 관리함으로써 적정 규모의하수도를 설치·관리할 수 있도록 함(안 제2조제1호).2. 농어촌지역에 설치하는 마을하수도의 규모를 1일 하수처리능력 50세제곱미터 이상 500세제곱미터 미만으로정하고, 동 시설의 사업계획서에 관하여 환경부장관과 협의하도록 하던 것을 시·도지사와 협의하도록 함(안 제2조제2호의3 및 제6조의2).3. 시장·군수가 수립하여야 하는 하수도정비기본계획의 내용에 하수처리수의 재이용계획 및 하수처리오니(下水處理汚泥)의 처리계획 등을 포함하도록 함(안 제5조의2제3항).4. 지방자치단체가 하수도정비기본계획에 따른 하수종말처리시설을 정당한 사유없이 설치하지 아니하는 경우에는 환경부장관이 그 설치를 명할 수 있도록 함(안 제5조의2제7항 신설).5. 하수종말처리시설뿐 아니라 하수관거 공사도 전문기관에 위탁할 수 있도록 함(안 제8조).6. 하수도에 사용되는 하수도용자재는 대통령령이 정하는 기준에 적합한 것을 사용하도록 하고, 위반시 2년 이하의 징역 또는 1천만원 이하의 벌금에 처함(안 제15조제3항 및 제41조의2 신설).7. 하수종말처리시설의 불법운영을 금지하고, 이에 위반한 자에 대하여 5년 이하의 징역 또는 3천만원 이하의벌금에 처하도록 함(안 제17조제2항 및 제41조제1항제2호 신설).8. 하수도사용료·점용료 그 밖의 부담금을 납부하지 아니한 자에 대하여는 현행의 가산금외에 중가산금을 추가하여 징수할 수 있도록 함(안 제38조제2항).']",환경노동위원회,[]
160656,  자연공원법개정법률안(대안),2001-02-27,위원장,2001-02-28,원안가결,제16대 (2000~2004) 제218회,"['■ 제안경위1. 제218회국회(임시회) 제1차 법안심사소위원회(2001. 2. 20)에서 2000년 7월 20일 정부가 제출한 자연공원법개정법률안을 심사한 결과 내용을 통합·보완하여 위원회대안으로 제안하기로 하고 동 법률안은 본회의에부의하지 아니하기로 함.2. 제218회국회(임시회) 제5차위원회(2001. 2. 23)는 법안심사소위원회의 심사결과를 받아들여 자연공원법개정법률안을 위원회대안으로 심사·의결함.■ 제안이유국립공원 등 자연공원(自然公園)의 용도지구(用途地區)를 개편하고, 용도지구별로 허용되는 행위의 기준을 합리적으로 조정하여 자연공원을 더욱 잘 보전하도록 하되 지역주민의 생활불편을 줄일 수 있도록 하며, 아울러자연공원의 보전· 관리상 나타난 일부 미비점을 개선·보완하려는 것임.■ 주요골자1. 환경부장관은 자연공원의 보전·이용·관리를 위한 장기발전방향을 제시하는 공원기본계획을 수립하도록 함(안 제2조제5호 및 제11조).2. 자연공원의 보전을 강화하고 공원사업의 효율성을 높이기 위하여 공원시설중 진입도로와 주차시설은 자연공원 밖의 지역에서도 공원계획에 포함하여 설치할 수 있도록 함(안 제2조제8호).3. 공원위원회의 기능에 공원기본계획의 수립, 자연공원의 환경에 중대한 영향을 미치는 사업 및 계획을 심의사항으로 추가함(안 제10조).4. 공원관리청은 10년마다 공원계획의 타당성 검토시 지역주민, 전문가 기타 이해관계자의 의견을 수렴하도록하고, 공원자원, 관리여건, 환경영향 등을 고려하여 공원계획 타당성 검토 기준을 마련하도록 함(안 제15조).5. 주민의 생활불편을 줄이고 동시에 자연공원을 더욱 잘 보전하기 위하여 자연공원의 용도지구중 현행 취락지구를 취락의 밀집 정도 등에 따라 자연취락지구(自然聚落地區)와 밀집취락지구(密集聚落地區)로 구분하여허용행위를 다르게 하고, 자연공원중 가장 보전의 필요성이 높은 자연보존지구(自然保存地區)에서는 육림및 임도(林道)의 설치를 제한하는 등 허용행위기준을 강화함(안 제18조제1항 및 제2항).6. 구역조정으로 취락지구 또는 공원보호구역에서 자연환경지구 또는 자연보존지구로 행위제한이 강화되는 지역에 대한 기득권을 인정하여, 기존 건축물에 대해서는 환경부령이 정하는 규모이하의 증축·개축 및 재축과 용도변경을 할 수 있도록 함(안 제18조제5항).7. 대규모 개발사업으로 인한 자연공원의 훼손을 줄이기 위하여 일정한 규모 이상의 비공원사업에 대해서도 공원위원회(公園委員會)의 심의를 거치도록 함(안 제23조제3항 및 제71조제3항).8. 자연공원의 관리에 지장을 주는 금지행위의 대상에 나무를 말라죽게 하는 행위, 총 또는 석궁 휴대 등을 추가함(안 제27조).9. 공원사업을 위해서만 토지 등을 매수할 수 있던 것을 공원의 보전·관리상 필요시에도 공원관리청이 토지소유자와 협의하여 매수할 수 있도록 함(안 제76조).10. 자연공원의 지정으로 인하여 종전의 용도로 사용할 수 없는 토지의 소유자는 공원관리청에 그 토지의 매수를 청구할 수 있도록 함(안 제77조).']",환경노동위원회,[]
160655,  농어업재해대책법중개정법률안(대안),2001-02-27,위원장,2001-03-08,원안가결,제16대 (2000~2004) 제218회,"['■ 제안경위2000년 12월 12일 이상배의원외 29人, 2001년 1월 15일 송석찬 의원외 20人 및 2001년 2월 15일 김영진 의원외 27人로부터 각각 발의된 농어업재해대책법중개정법률안에 대하여 제218회국회(임시회) 제2차위원회(2001.2.19)에 각각 상정하여 제안설명과 전문위원의 검토보고를 듣고, 법률안심사소위원회에 회부하였음.법률안심사소위원회는 2001. 2.20 및 21일 제1,2차 소위원회를 개최하여 심도있게 심사한 결과, 3개의 법률안의 상당부분의 내용을 반영하고 미진한 부분을 보완하여 위원회안(대안)으로 제안하기로 함.제218회국회(임시회) 제4차 위원회(2001.2.21)에서는 소위원회에서 심사보고한 대로 이상 3개의 법률안은 본회의에 부의하지 아니하기로 하고, 동 법률안에 대한 대안을 위원회안으로 제안하기로 의결함.■ 제안이유농어업은 자연의 의존도가 높아 자연재해가 발생하면 농어가의 경제적 손실이 막대함에도 불구하고 정부의 지원수준은 매우 낮은 실정임.따라서 농어업재해를 입은 농가 및 어가에 대한 보조와 지원의 범위 등을 확대함으로써 농어가 경영안정에 도움을 주고, 신속히 재해를 극복하여 농어업에 지속적으로 종사할 수 있도록 하기 위하여 현행 농어업재해대책법을 개정하려는 것임.■ 주요골자1. 재해지원 대상 농가 및 어가의 범위를 확대하여 영농조합법인, 농업회사법인 및 영어조합법인을 추가함(안제2조제8호 및 동조제9호)2. 자연재해대책법 시행령 등 하위법령에 의하여 지원되고 있는 임업분야의 재해지원을 농어업 분야와 같이이 법에 의한 체계적 지원이 가능하도록 임업용 시설 및 산림작물의 정의규정을 신설하여 임업분야의 재해지원 제도를 정비함(안 제2조 등)3. 농림어업용 시설 피해에 대한 복구지원에 대하여 현행 시설비 이외에 철거비도 지원될 수 있도록 함(안 제4조제2항 및 제3항)4. 원활한 재해복구 지원을 위하여 필요한 경우 복구소요 자금의 일부를 복구이전에 지원할 수 있도록 하되,선급금을 지원받은 농가는 30일 이내에 복구에 착수하도록 하며, 동 기간내에 복구에 착수하지 않은 경우해당 지원농가는 당해 선급금을 반환하도록 함(안 제9조).5. 선급금을 지원받은 농어가가 부득이한 사유없이 기간내에 복구에 실시하지 아니하고 선급금을 반환하지 아니한 경우에는 500만원이하의 과태료를 처하도록 함(안 제11조).']",농림해양수산위원회,[]
160654,  증권거래법중개정법률안(대안),2001-02-27,위원장,2001-02-28,원안가결,제16대 (2000~2004) 제218회,"['■ 제안경위1. 2000. 10. 20 김부겸의원이 대표발의한 證券去來法中改正法律案, 2000. 11. 29 송영길의원이 대표발의한 證券去來法中改正法律案, 같은날 조재환의원이 발의(찬성자 23인)한 證券去來法中改正法律案, 2000. 12. 20이부영의원이 대표발의한 證券去來法中改正法律案, 2000. 12. 21 政府가 제출한 證券去來法中改正法律案 이상 5건의 법률안과 김민석의원이 소개한 증권거래법등개정에관한청원을 第217回國會(臨時會) 第2次 委員會(2001. 2. 8)에 상정하고 소위원회를 구성하여 심사함.2. 소위원회의 심사결과를 받아들여 第218回國會(臨時會) 第5次 委員會(2001. 2. 23)에서 5건의 법률안과 1건의 청원을 모두 本會議에 부의하지 않기로 하고, 이들 법률안과 청원의 내용과 수정된 내용을 담아 委員會案을 제안하기로 함.■ 제안이유1. 현재 시행령에 규정되어 있는 준법감시인에 관한 사항을 법률에서 직접 규정하면서 그 자격요건을 강화하려는 것임.2. 기존 보유주식도 신설되는 소각절차에 따라 소각할 수 있도록 하여는 것임.3. 감사위원회의 위원이 되는 사외이사 선임시 대주주의 영향력을 최소화하기 위하여 3%이상의 지분을 가진 자는 그 초과분에 대하여 의결권을 행사할 수 없도록 하려는 것 등임.■ 주요골자1. 유가증권시장 및 협회중개시장에서 거래되는 주식을 장종료이후에 정보통신망 및 전자정보처리장치를 이용하여 당일 최종거래가격으로 거래되도록 당해 주식매매의 중개 또는 대리를 하는 영업형태를 증권업의 한형태로 허용함(안 제2조제8항제8호 및 제28조제2항제4호 신설).2. 유가증권시장 또는 협회중개시장밖에서 불특정다수인을 대상으로 일정수 이상의 주식등을 공개매수하고자하는 때에는 사전에 금융감독위원회에 신고하도록 하고 있으나 앞으로는 공개매수공고를 한 후 금융감독위원회에 신고하도록 하는 등 공개매수절차를 개선함(안 제21조의2 내지 제23조의2).3. 대형 상장법인 또는 대형 협회등록법인의 경우 사외이사후보추천위원회는 일정지분을 보유한 소수주주가 추한 사외이사후보를 반드시 주주총회에 추천하도록 하고, 감사위원회의 위원인 사외이사를 주주총회에서 선임하는 경우 현행 감사를 선임하는 경우와 같이 주주의 의결권을 3%까지만 행사할 수 있도록 하는 한편 감사위원회의 위원장은 사외이사가 맡도록 함(안 제54조의5 및 제54조의6).4. 증권거래소가 유가증권시장에서의 매매거래와 관련한 회원간 또는 회원과 고객간 분쟁조정을 함에 있어 분쟁조정기구의 설치근거와 그 절차에 관한 사항을 정함(안 제73조, 안 제83조의2 신설 및 안 94조).5. 협회중개시장을 협회중개시장운영위원회 중심으로 운영할 수 있도록 그 설치근거와 운영에 관한 사항을 법률로 규정함(안 제172조의2 내지 제172조의4).6. 주권상장법인 및 협회등록법인이 주주에게 배당할 이익으로 주식을 소각을 하는 경우 따라야 할 절차를 규정하고, 기존에 보유중인 자기주식도 신설된 소각절차에 따라 소각할 수 있도록 함(안 제189조 및 부칙 제16조).7. 주권상장법인 또는 협회등록법인은 정관이 정하는 바에 따라 총 발행주식의 10퍼센트의 범위안에서 대통령령이 정하는 한도까지는 이사회결의로 주식매수선택권을 부여할 수 있도록 함(안 제189조의4제3항).8. 주권상장법인 또는 협회등록법인의 주주가 이사의 위법행위 유지(留止)를 법원에 청구하기 위한 소수주주권리행사요건을 총 발행주식의 0.5퍼센트 이상에서 0.05퍼센트 이상으로 완화하고, 대형 상장·협회등록법인에 대해서는 집중투표의 실시를 요구할 수 있는 주주의 지분보유요건을 현재 총 발행주식의 3퍼센트 이상에서 1퍼센트 이상으로 완화함(안 제191조의13, 안 제191조의18 신설).9. 협회등록법인의 경우에도 사외이사제도를 도입하고, 대형 협회등록법인에 대해서는 감사위원회 설치를 의무화하는 등 대형 상장법인의 경우와 같이 법인의 경영에 대한 감독체계를 강화함(안 제191조의16 및 제191조의17).10. 기업공시가 투명하게 이루어 질 수 있도록 부실·허위공시법인에 대한 과징금의 상한을 현행 5억원에서 20억원으로 상향조정하고 벌칙도 강화함(안 제206조의11·제207조의3 및 제210조).']",재정경제위원회,[]
160652,  전자정부구현을위한행정업무등의전자화촉진에관한법률안(대안),2001-02-27,위원장,2001-02-28,원안가결,제16대 (2000~2004) 제218회,"['■ 제안경위1. 제213회국회(임시회) 제1차위원회(2000. 7. 7)에서 법안심사소위원회를 구성함.2. 제218회국회(임시회) 제1차 법안심사소위원회(2001.2.20)는 2000년 11월 20일 정부가 제출한 「전자정부구현을위한법률안」과 2000년 11월 28일 이상희의원외 34인이 발의한 「전자정부의구현및운영에관한법률안」을 심사한 결과 2건의 법률안을 각각 본회의에 부의하지 아니하기로 하고 그 내용을 흡수·보완하여 단일안인 위원회대안으로 제안하기로 함.3. 제218회국회(임시회) 제3차위원회(2001. 2. 23)는 법안심사소위원회의 심사결과를 받아들여 「전자정부구현을위한행정업무등의전자화촉진에관한법률안」을 위원회대안으로 심사·의결함.■ 제안이유이 법률안은 전자정부분야중 행정사무 및 민원서비스의 전자적 처리를 위한 기본원칙·절차 및 추진방법 등에관한 필요한 사항을 규정하고 있으므로 법률안의 제명을 그 내용에 부합하도록 하고, 입법부·행정부 및 기타헌법기관에서도 행정업무 등의 전자화를 추진할 수 있도록 함으로써 전자정부의 구현을 위한 사업을 촉진시키고 지식정보화시대의 국민의 삶의 질을 향상 시키려는 것임.■ 주요골자1. 행정의 생산성 및 민주성을 제고하기 위해 행정부 외에 국회, 법원 등 기타 헌법기관에서도 정보기술을 활용하여 행정기관의 사무를 전자화 하도록 함(안 제2조).2. 행정기관의 업무처리과정은 국민의 편익을 중심으로 설계되도록 하고, 행정기관은 업무의 처리과정 전반을전자적 처리에 적합하도록 혁신하는 등 전자정부의 구현 및 운영 등에 관하여 필요한 원칙을 정함(안 제6조내지 제15조).3. 행정기관의 문서는 전자문서를 기본으로 하여 작성·관리되도록 하고, 행정기관은 전자문서에 적합한 서식을 마련하여 활용할 수 있도록 함(안 제16조).4. 전자공문서에는 전자관인을 사용하되, 행정기관의 전자거래의 경우에는 전자서명법에 의한 전자서명을 사용할 수 있도록 하고, 중앙사무관장기관의 장이 전자관인에 대한 인증업무를 행하도록 함(안 제20조).5. 행정기관의 장은 정보통신기술의 도입에 적합하도록 기존의 조직 및 업무절차를 재설계하고 이에 필요한 법령 및 제도를 정비하도록 함(안 제24조).6. 행정기관은 법령의 제·개정 및 행정예고사항 기타 법령에서 공청회·여론조사 등을 실시하도록 한 사항에관하여는 정보통신망을 통한 의견수렴절차를 병행하여야하고, 행정기관의 처분에 의견이 있는 당사자는 그의견을 정보통신망을 통해 제출할 수 있도록 함(안 제28조).7. 행정기관의 장은 공무원이 정보통신망을 이용하여 근무 및 교육훈련을 할 수 있게 하고, 중앙사무관장기관의 장은 공무원에 대한 정보통신기술의 활용능력을 정기적으로 조사하여 교육훈련계획에 반영할 수 있도록함 (안 제30조 내지 제32조).8. 관계 법령에서 문서, 서면 등의 종이문서로 신청·신고 또는 제출 등을 하도록 규정하고 있거나 종이문서로처리결과를 통보하도록 규정하고 있는 경우에도 이를 전자문서 등으로 행할 수 있도록 함(안 제33조).9. 행정기관의 장은 민원인이 행정기관을 직접 방문하지 아니하고도 민원업무를 처리할 수 있도록 관계 법령의 개선과 시설 등 제반 조치를 마련하도록 하고, 전자민원창구의 설치·운영방안을 마련하여야 함 (안 제34조).10. 중앙사무관장기관의 장은 민원관련 정보 기타 국민생활과 관련된 정보를 인터넷으로 제공하는 등 행정정보의 전자적 제공을 촉진하기 위해 필요한 시책을 추진하도록 함(안 제37조).11. 행정기관은 국민에게 일정한 급부·급여 등을 제공하는 경우에 이를 정보통신망을 통해 제공할 수 있도록함(안 제39조).12. 의사결정과정의 쇄신과 전자화, 각종 신청·신고·공고의 간소화 및 행정정보의 공동이용 등을 위하여 문서업무감축계획을 작성하고 이에 따른 자체 집행계획을 수립·시행하도록 함(안 제40조 내지 제42조).13. 중앙사무관장기관의 장 소속하에 문서감축위원회를 두어 문서업무 감축을 효율적으로 추진하고 이를 위한제반사항을 심의하도록 함(안 제44조).14. 2 이상의 지방자치단체는 지방자치단체간에 정보화사업을 공동으로 추진하기 위하여 지방자치단체조합을설립할 수 있도록 함(안 제51조).']",행정자치위원회,[]
160650,  국가공무원법중개정법률안(송영진의원 외 20인),2001-02-24,의원,2002-11-07,수정가결,제16대 (2000~2004) 제218회,"['■ 제안이유 및 주요골자국가공무원법 제33조제1항제5호에서는 금고이상의 형의 선고유예를 받은 경우에 그 선고유예기간중에 있는 자에 대하여는 공무원으로 임용될 수 없게 하고 있고 동법 제69조에서는 공무원이 위 사유에 해당될 때에는 당연히 퇴직하게 하고 있는 바, 현대사회에서 빈번하게 발생하고 있는 자동차사고 등 반윤리적 범죄가 아닌 범죄로 선고유예의 판결을 받는 경우가 발생하고 있으며 또한 선고유예제도는 죄질이 경미한 범인에 대하여 일정한 기간 동안 형의 선고를 유예하고 그 유예기간을 경과한 때에는 면소된 것으로 간주하는 형법이 인정하는 제재 가운데 가장 가벼운 제재이므로 선고유예의 판결을 받은 경우에 공무원으로서의 공무수행에 지장이 있다고 보이지 아니하여 국가공무원법 제33조제1항제5호를 삭제하고자 함.■ 위원회 수정사항□ 수정이유지방공무원의 퇴직사유중 금고이상의 형의 선고유예자를 당연히 퇴직하도록 하고 있는 지방공무원법의 해당조항이 2002년 8월 29일헌법재판소에서 위헌결정됨에 따라 국가공무원과 지방공무원의 당연 퇴직사유 등에 있어 형평성을 유지하고 법체계를 맞추기 위하여 국가공무원법의 관련조항을 정비하려는 것임□ 수정주요골자1. 당연 퇴직사유 중 금고이상의 형의 선고유예를 받은 경우 그 선고유예기간중에 있는 자는 제외함(안 제69조).2. 재직중의 사유로 인하여 금고이상의 형의 선고유예를 받은 경우 에 대해서는 명예퇴직수당을 환수할 수 있는 규정을 삭제함(안 제72조의2제3항제1호).']",행정자치위원회,"['송영진', '김옥두', '김학원', '김화중', '남경필', '박인상', '배기선', '송광호', '송석찬', '오장섭', '원유철', '원철희', '이용삼', '이인제', '이재선', '이희규', '임종석', '장영신', '정장선', '조부영']"
160649,  국가인권위원회법안(이인기의원등 10인 외 123인),2001-02-23,의원,2001-04-30,대안반영폐기,제16대 (2000~2004) 제218회,"['■ 제안이유국가는 개인이 가지는 불가침의 기본적 인권을 확인하고 이를 보장할 의무를 지도록 헌법에 명시하고 있지만, 과거 권위주의 시절은 물론 국민의 정부라는 현정부하에서도 수사기관 등에 의한 인권의 침해는 계속되고 있는 실정임. 이제는 인권침해로 인한 국제사회에서의 부정적인 이미지를 불식하고 국민 개개인의 인권의 옹호와 신장을 향상시키기 위해서는 기존의 제도가 갖는 한계성을 극복하고, 인권의 파수꾼이어야 할 수사기관 등의 인권의식을 제고하여야 할 필요가 있음.따라서 인간의 존엄과 가치를 구현할 수 있는 선진민주사회로의 정착을 보장하고, 간이？신속한 방법으로 개개인의 인권침해를 구제하기 위하여 ‘국가인권위원회’의 설치를 법제화하고자 함.']",법제사법위원회,"['이인기', '김용균', '김용학', '박종희', '안상수', '엄호성', '오세훈', '윤경식', '이주영', '정인봉', '김광원', '김기배', '김기춘', '김덕룡', '김동욱', '김락기', '김만제', '김무성', '김문수', '김부겸', '김성조', '김영구', '김영일', '김영춘', '김용갑', '김원웅', '김일윤', '김정숙', '김종하', '김진재', '김찬우', '김태호', '김학송', '김형오', '김호일', '김홍신', '나오연', '남경필', '도종이', '맹형규', '목요상', '민봉기', '박관용', '박근혜', '박명환', '박세환', '박승국', '박시균', '박원홍', '박재욱', '박종근', '박종웅', '박주천', '박창달', '박헌기', '박혁규', '박희태', '백승홍', '서상섭', '서정화', '서청원', '손태인', '손학규', '손희정', '신경식', '신영국', '신영균', '신현태', '심규철', '심재철', '안경률', '안영근', '안택수', '원희룡', '유성근', '유흥수', '윤두환', '윤여준', '윤영탁', '윤한도', '이강두', '이규택', '이방호', '이병석', '이부영', '이상득', '이상배', '이상희', '이성헌', '이연숙', '이원창', '이원형', '이윤성', '이재오', '이재창', '이한구', '이해봉', '이회창', '임인배', '임진출', '임태희', '전용원', '전재희', '정문화', '정병국', '정의화', '정재문', '정창화', '정형근', '조웅규', '조정무', '주진우', '최돈웅', '최병국', '최병렬', '최연희', '하순봉', '허태열', '현경대', '현승일', '홍사덕', '황승민', '황우여']"
160648,  건축사법중개정법률안(백승홍의원 외 31인),2001-02-22,의원,2001-06-28,대안반영폐기,제16대 (2000~2004) 제218회,"['■ 제안이유건축사제도는 1963년 12월 16일 건축사법 제정 이후 10여차례의 부분개정으로 많은 변화가 있었으나 건축설계 또는 공사감리 용역을 시행함에 있어 용역 발주단계에서 부터 기술능력을 갖춘 건축사를 선정하여 적정한 대가에 의거 용역계약을 체결할 수 있도록 건축사의 업무수행실적을 유지？관리하여 건축주의 요구가 있을 때에는 자료를 제공 함으로써 업무실적과 기술능력을 판단할 수 있도록 하고,건축에 대한 전문지식이 부족한 일반국민도 용역의 구체적인 범위와 그 대가를 인지하고 계약체결에 임할 수 있도록 건설교통부장관이 객관적 입장에서 건축사의 업무의 범위와 그 대가에 관한 표준을 공고토록 하는 등 미비점을 보완하여 현안문제가 되어있는 부실건축물발생과 건축설계시장의 개방에 대비하여 국제경쟁력을 강화하려는 것임.■ 주요내용가. 건축사의 업무수행 실적관리 제도를 도입하여 설계？ 공사감리 등 기술발전을 유도함과 아울러 정부와 국민들이 경쟁력 있는 건축사를 선정함에 있어 체계적이고 공정성을 확보토록 함(안 제19조의2).나. 건축물의 부실설계, 부실감리를 예방하고 공정한 거래 질서를 확립할 수 있도록 발주자와 건축사간에 협의에 의하여 정하여야할 업무범위와 그 대가기준을 건설교통부장관이 고시하도록 함(안 제19조의3).다. 건전한 건축질서 확립을 위하여 건축사협회의 설립기준을 현실에 맞도록 개선함(안 제38조).']",건설교통위원회,"['백승홍', '강재섭', '권오을', '김광원', '김영배', '김용갑', '김일윤', '김태호', '김호일', '도종이', '박근혜', '박세환', '박승국', '박시균', '박종근', '박혁규', '손태인', '신영국', '안경률', '안상수', '안택수', '유재규', '윤영탁', '윤한도', '이상배', '이원형', '이재창', '장성원', '조성준', '주진우', '현승일']"
160646,  금융실명거래및비밀보장에관한법률중개정법률안(김문수의원등 10인 외 123인),2001-02-21,의원,2002-02-28,폐기,제16대 (2000~2004) 제218회,['■ 제안이유국정조사의 효율적 수행을 위하여 금융거래정보등의 제공요구의 요건을 완화하고자 함.■ 주요내용국정감사및조사에관한법률에 의한 국정조사에 필요한 금융거래정보등의 제공요구의 요건을 해당 조사위원회의 의결에서 해당 조사위원회 재적위원의 3분의 1 이상의 요구로 완화함(안 제4조제1항제3호).'],재정경제위원회,"['김문수', '안상수', '엄호성', '원희룡', '윤경식', '이원창', '임태희', '정병국', '정인봉', '정형근', '김광원', '김기배', '김기춘', '김덕룡', '김동욱', '김락기', '김만제', '김무성', '김부겸', '김성조', '김영구', '김영일', '김영춘', '김용갑', '김용균', '김용학', '김원웅', '김일윤', '김정숙', '김종하', '김진재', '김찬우', '김태호', '김학송', '김형오', '김호일', '김홍신', '나오연', '남경필', '도종이', '맹형규', '목요상', '민봉기', '박관용', '박근혜', '박명환', '박세환', '박승국', '박시균', '박원홍', '박재욱', '박종근', '박종웅', '박종희', '박주천', '박창달', '박헌기', '박혁규', '박희태', '백승홍', '서상섭', '서정화', '서청원', '손태인', '손학규', '손희정', '신경식', '신영국', '신영균', '신현태', '심규철', '심재철', '안경률', '안영근', '안택수', '오세훈', '유성근', '유흥수', '윤두환', '윤여준', '윤영탁', '윤한도', '이강두', '이규택', '이방호', '이병석', '이부영', '이상득', '이상배', '이상희', '이성헌', '이연숙', '이원형', '이윤성', '이인기', '이재오', '이재창', '이주영', '이한구', '이해봉', '이회창', '임인배', '임진출', '전용원', '전재희', '정문화', '정의화', '정재문', '정창화', '조웅규', '조정무', '주진우', '최돈웅', '최병국', '최병렬', '최연희', '하순봉', '허태열', '현경대', '현승일', '홍사덕', '황승민', '황우여']"
160645,  초·중등교육법중개정법률안(김원웅의원등 20인),2001-02-21,의원,2004-05-29,임기만료폐기,제16대 (2000~2004) 제218회,"['■ 제안이유사립학교 학교운영위원회의 자문기능을 심의기능으로 하여 국?공립과 사립학교간의 형평성을 유지하고, 학생회?교사회 및 학부모회의 설치 근거를 마련함으로써 학생, 교사 및 학부모 등 구성주체의 학교 운영과 발전에 대한 책임의식을 제고하고자 함.■ 주요골자1. 초·중등학교에 학생회·교사회 및 학부모회를 설치하는 조항을 신설하여 학생, 교사 및 학부모의 다양한 의견이 학교 운영에 반영될 수 있도록 함(안 제17조, 안 제20조의2,안 제31조의2).2. 사립학교에 두는 학교운영위원회의 위원 구성도 현행 국·공립학교에 두는 학교운영위원회의 위원 구성과 동 일하게 학교의 교원대표?학부모대표 및 지역사회인사로 하도록 함(안 제3조제2항).3. 사립학교의 학교운영위원회의 기능을 국?공립학교에 두는 학교운영위원회와 동일하게 자문기능에서 심의기능으로 하고, 또한 그 기능중 학교발전기금의 조성?운용 및 사용에 관한 제3항을 삭제하고, 사립학교법 제15조의 신설에 따라 학교법인 이사 정수의 2분의 1에 해당하는 공익이사의 선임에 관한 사항을 추가함(안 제32조).']",교육위원회,"['김원웅', '김근태', '김부겸', '김성호', '김태홍', '김호일', '김홍신', '손태인', '송영길', '심재권', '심재철', '안영근', '원희룡', '이미경', '이성헌', '이창복', '장성민', '정병국', '정철기', '천정배']"
160644,  고등교육법중개정법률안(김원웅의원등 20인),2001-02-21,의원,2004-05-29,임기만료폐기,제16대 (2000~2004) 제218회,"['■ 제안이유 및 주요내용학생회？교수회 및 직원회를 대학교육기관의 공식적인 기구로 그 설치 근거를 규정함으로써 내부구성원들의 자치역량을 강화하여 학교운영의 민주성을 도모하고, 동시에 그들의 역할과 책임을 부여함으로써 대학발전에 기여할 수 있도록 하고자 함.']",교육위원회,"['김원웅', '김근태', '김부겸', '김성호', '김태홍', '김호일', '김홍신', '손태인', '송영길', '심재권', '심재철', '안영근', '원희룡', '이미경', '이성헌', '이창복', '장성민', '정병국', '정철기', '천정배']"
160643,  사립학교법중개정법률안(김원웅의원등 20인),2001-02-21,의원,2004-05-29,임기만료폐기,제16대 (2000~2004) 제218회,"['■ 제안이유사립학교의 경우 설립자？이사장 위주로 된 현행법규와 사립학교에 대한 내？외부 통제체제의 미흡으로 인하여 학교운영에 있어서 교육의 공공성이 약화되고 각종 비리로 사회적 물의가 야기되고 있어, 임원취임승인취소요건 등을 구체화하고 확대하여 비리？분규 당사자가 다시 학교 경영에 참여하는 것을 제한함과 아울러 학교법인의 권한을 학교경영의 당사자인 학교의 장에게 부여함으로써 학교와 법인 운영의 공공성 및 민주성을 제고함과 아울러 투명한 학교 운영을 기하고자 함.■ 주요내용가. 학교법인 이사의 2분의 1을 학교운영위원회 또는 교수회와 직원회에서 학부모, 교직원, 지역인사 등의 의견을 수렴하여 추천하는 공익이사로 충당하여 설립자？이사장 위주의 학교 운영을 지양하고, 학교운영의 공공성과 민주성 및 투명성을 확보함(안 제14조제2항).나. 감사 중 1인은 초？중등학교의 경우 학교운영위원회가, 대학의 경우 교수회와 직원회가 추천하는 공인회계사 및 회계전문가로 함으로써 내부 감사 기능을 강화함(안 제14조제4항).다. 현행 이사회의 기능을 조정하여 학교의 장이 아닌 교원의 임면권을 학교장에게 부여하고 학교경영에 관한 중요사항을 삭제함으로써 사립학교 운영의 합리화와 효율성 제고함(안 제16조제1항).라. 현행의 임원취임 승인취소 요건 중 추상적이고 모호한 부분을 구체적으로 규정하고, 교육당국의 감독권과 시정조치에 대한 이행을 의무화하며, 취임승인이 취소된 자가 학교법인 및 학교의 경영에 간여하지 못하게 함(안 제20조의2).마. 현행 임원선임 제한 규정을 이사 상호간 친족관계에 있는 자를 5분의 1을 초과하지 못하도록 하여 사립학교 교육의 공공성과 투명한 운영을 확보함(안 제21조).바. 사학 비리？분규 당사자로서 비위사실의 적발로 인해 임원취임 승인 취소된 자가 임원에 다시 선임될 경우 비리 재발 및 학내 분규가 발생하는 등의 문제가 야기되어 당사자의 학교 복귀에 관한 경과기간을 연장하고, 다시 선임할 경우 재적이사 3분의2 이상의 찬성을 요하도록 하며 관할청이 판단하여 승인하지 아니할 수 있도록 규정을 강화함(안 제20조 및 제22조).사. 학교법인의 임원 취임승인을 취소한 경우 교육부장관 직권으로 임시이사를 선임하도록 하고, 임시이사는 임시이사의 파견사유가 해소된 때까지 재임하도록 하여 현행 임시이사 임기제한 규정을 삭제함(안 제25조).아. 사립학교의 교원을 학교장이 임명하도록 하여 교원 임용의 공정성을 기하고, 대학교육기관의 교원의 임면권을 정관이 정하는 바에 의하여 총장？학장에게 위임할 수 있는 조항을 삭제함(안 제53조의2).자. 사학 비리？분규 당사자로서 임원취임 승인이 취소되었거나 학교의 장의 직에서 해직된 경우와 학교법인 운영과 관련하여 횡령 등의 죄로 처벌을 받은 자에 대한 학교의 장 임명제한에 관한 경과 기간을 연장하여 비리와 분규 재발을 방지함(안 제54조의3).차. 각급학교의 소속사무직원의 임면에 관한 권한을 학교의 장에 부여하여 학교장의 책임성과 권한을 강화하고, 사무직원의 명예퇴직？징계？신분에 관한 규정을 교원에게 적용되는 조항에 준용하도록하여 신분 보장을 도모함(안 제70조의2제3항).']",교육위원회,"['김원웅', '김근태', '김부겸', '김성호', '김태홍', '김호일', '김홍신', '손태인', '송영길', '심재권', '심재철', '안영근', '원희룡', '이미경', '이성헌', '이창복', '장성민', '정병국', '정철기', '천정배']"
160642,  한빛은행불법대출사건등의혹사건진상규명을위한특별검사의임명등에관한법률안(정형근의원등 10인 외 123인),2001-02-21,의원,2004-05-29,임기만료폐기,제16대 (2000~2004) 제218회,"['■ 제안이유지난해 국민적 분노와 의혹을 쌓았던 한빛은행불법대출사건에 대한 검찰의 수사미진으로 국회는 사건의 실체적 진실규명을 위한 국정조사를 하였던 바, 그동안 검찰에서 주장해왔던 단순대출사기 사건이 아니라 권력실세의 외압에 의한 권력형금융비리라는 의혹이 더욱 강하게 제기되었음.이는 지난 2월13일 법원의 1심 판결에 의해서도 사실이 뒷받침되고 있음. 그리고 우리 국회는 지난해 10월5일 한나라당과 민주당의 원내총무회담에서 한빛은행의혹사건에 대해 국정조사를 실시하고 필요하다고 인정하면 특별검사제를 실시한다고 합의서명한 바 있음. 이에 따라 중립적인 위치에 있는 특별검사를 임명하여 이 사건을 원점에서 엄정하게 재수사 토록하여 진상을 명백히 규명함으로써 국민적 의혹을 불식하기 위하여 이 법안을 제안하는 것임.■ 주요내용가. 이 법은 한빛은행불법대출사건 및 신용보증기금대출보증 외압사건등의 진상규명을 위하여 독립적인 지위를 갖는 특별검사의 임명과 직무 기타 필요한 사항을 규정함을 목적으로 함(안 제1조).나. 특별검사의 수사대상은 한빛은행불법대출사건, 신용보증기금대출보증과정의 외압의혹사건, 경찰청조사과정의 불법의혹과 관련된 제반사건, 검찰수사과정의 가혹수사 및 이와 관련된 사건으로 함(안 제2조).다. 국회의장은 이 법 시행일부터 2일이내에 각 교섭단체 대표의원과의 협의를 거쳐 특별검사를 임명할 것을 대통령에게 서면으로 요청하고, 대통령은 요청서를 받은날부터 3일이내에 특별검사를 임명하기 위한 후보자 추천을 대한변호사협회에 서면으로 의뢰하며, 대한변호사협회는 의뢰서를 받은날부터 7일이내에 10년이상 법원조직법 제42조제1항제1호의 직에 있던 변호사중에서 2인의 특별검사후보자를 대통령이 서면으로 추천하여야 하고, 대통령은 특별검사후보자추천서를 받은 때에는 추천서를 받은 날부터 3일이내에 추천후보자중에서 1인을 특별검사로 임명함(안 제3조).라. 특별검사는 정치적으로 중립을 지키고 독립하여 그 직무를 수행하도록 함(안 제5조).마. 특별검사는 나항의 사건과 관련된 수사와 공소제기 여부의 결정 및 공소유지를 담당하며, 그 직무를 수행함에 있어서 필요한 경우에는 대검찰청, 경찰청등 관계기관의 장에게 나항의 사건과 관련된 사건의 수사기록 및 증거 등 자료의 제출, 수사활동의 지원등 수사협조를 요청할 수 있으며, 그 직무를 수행함에 있어서 필요한 경우에는 대검찰청, 경찰청등 관계기관의 장에게 소속공무원의 파견근무와 이에 관련되는 지원을 요청할 수 있도록 함(안 제6조).바. 특별검사는 7년이상 법원조직법 제42조제1항제1호의 직에 있던 변호사중에서 4인의 특별검사보후보자를 선정하여 대통령에게 특별검사보로 임명할 것을 요청할 수 있고, 대통령은 3일이내에 그 후보자중에서 2인을 특별검사보로 임명함. 특별검사는 그 직무를 수행함에 있어서 필요한 경우에는 20인이내의 특별수사관을 임명할 수 있음(안 제7조).사. 특별검사는 임명된 날부터 10일동안 수사에 필요한 시설의 확보, 특별검사보의 임명요청등 직무수행에 필요한 준비를 하고, 위 준비기간이 만료된 날의 다음날부터 6개월 이내에 나항의 사건에 대한 수사를 완료하고 공소제기여부를 결정하여야 함. 그러나 특별검사가 위 기간내에 수사를 완료하지 못하거나 공소제기여부를 제출하기 어려운 경우에는 대통령에게 그 사유를 보고하고 대통령의 승인을 얻어 1회에 한하여 수사기간을 3개월 연장할 수 있도록 함(안 제9조).아. 특별검사는 정당한 사유가 없는 한 퇴직할 수 없도록 함(안 제13조).자. 위계 또는 위력으로써 특별검사등의 직무수행을 방해한 자는 5년 이하의 징역 또는 5천만원이하의 벌금에 처함(안 제18조).']",법제사법위원회,"['정형근', '김문수', '안상수', '엄호성', '원희룡', '윤경식', '이원창', '임태희', '정병국', '정인봉', '김광원', '김기배', '김기춘', '김덕룡', '김동욱', '김락기', '김만제', '김무성', '김부겸', '김성조', '김영구', '김영일', '김영춘', '김용갑', '김용균', '김용학', '김원웅', '김일윤', '김정숙', '김종하', '김진재', '김찬우', '김태호', '김학송', '김형오', '김호일', '김홍신', '나오연', '남경필', '도종이', '맹형규', '목요상', '민봉기', '박관용', '박근혜', '박명환', '박세환', '박승국', '박시균', '박원홍', '박재욱', '박종근', '박종웅', '박종희', '박주천', '박창달', '박헌기', '박혁규', '박희태', '백승홍', '서상섭', '서정화', '서청원', '손태인', '손학규', '손희정', '신경식', '신영국', '신영균', '신현태', '심규철', '심재철', '안경률', '안영근', '안택수', '오세훈', '유성근', '유흥수', '윤두환', '윤여준', '윤영탁', '윤한도', '이강두', '이규택', '이방호', '이병석', '이부영', '이상득', '이상배', '이상희', '이성헌', '이연숙', '이원형', '이윤성', '이인기', '이재오', '이재창', '이주영', '이한구', '이해봉', '이회창', '임인배', '임진출', '전용원', '전재희', '정문화', '정의화', '정재문', '정창화', '조웅규', '조정무', '주진우', '최돈웅', '최병국', '최병렬', '최연희', '하순봉', '허태열', '현경대', '현승일', '홍사덕', '황승민', '황우여']"
160640,  노동조합및노동관계조정법중개정법률안(이상수의원등 13인),2001-02-19,의원,2001-02-28,수정가결,제16대 (2000~2004) 제218회,"['■ 제안이유1997년 3월 13일 노동조합및노동관계조정법 제정으로 2002년 1월 1일부터 사업 또는 사업장단위에서 복수노조를 허용하고, 노동조합 전임자에 대한 급여지원을 금지하였으나, 이를 시행하기 위한 의식·관행이 정립되어있지 않고 복수노조의 단체교섭 방법 등 준비가 충분하지 못한 상황을 감안하여 노사정위원회에서 2006년 12월31일까지 준비기간을 두고 시행하기로 합의함에 따라 관련규정을 정비하고, 노사정위원회의 합의사항인 단체협약의 실효성을 확보하는 방안에 대해 규정하며, 단체협약의 신고제를 폐지하는 등 행정규제를 완화함으로써 노사관계를 합리화하려는 것임.■ 주요골자1. 단체협약의 당사자가 단체협약을 체결한 경우 이를 신고하던 제도를 폐지함(현행 제31조제2항 삭제).2. 1998년 3월 26일 헌법재판소의 위헌결정으로 인해 단체협약 위반에 대해 처벌할 수 없었으나, 단체협약의실효성을 확보하기 위해, 형사처벌의 내용을 특정·정형화해야 한다는 헌법재판소의 권고 취지를 존중하여단체협약의 내용중 임금·복리후생비, 퇴직금에 관한 사항, 쟁의행위에 관한 사항 등을 위반한 자는 1천만원 이하의 벌금에 처하도록 함(안 제92조제1호).3. 사업 또는 사업장단위 복수노조 허용 규정을 2006년 12월 31일까지 유예하고, 유예기간동안 노동부장관으로하여금 단체교섭창구 단일화를 위한 단체교섭의 방법·절차 기타 필요한 사항을 강구하도록 함(안 부칙 제5조제1항 및 제3항).4. 노동조합 전임자에 대한 급여지원 금지규정 및 전임자에 대한 급여지원이 부당노동행위에 해당한다는 규정의 시행을 2006년 12월 31일까지 유예하고, 노동조합과 사용자에게 전임자에 대한 급여지원 규모의 축소 노력을 하도록 하되, 축소된 재원은 노동조합의 재정자립에 사용하도록 함(안 부칙 제6조).■ 위원회 수정사항□ 수정이유 및 주요골자단체협약의 적법성을 확보하고 합리적인 노사관계를 정립하기 위하여 개정안에서 폐지하고 있는 단체협약 신고제를 현행대로 존치하여 위법한 단체협약에 대해서는 당사자의 신청과 관계없이 시정명령을 할 수 있도록 하며, 신고의무의 실효성을 확보하기 위하여 노동조합 설립신고사항중 변경신고의무 및 단체협약 신고의무를 위반한 자에 대하여 현행과 같이 과태료를 부과하려는 것임.']",환경노동위원회,"['이상수', '김성순', '남궁석', '박양수', '박인상', '신계륜', '유용태', '이양희', '이재선', '이호웅', '정균환', '정우택', '조희욱']"
160637,  농어업재해대책법중개정법률안(김영진의원등 28인),2001-02-15,의원,2001-02-28,대안반영폐기,제16대 (2000~2004) 제218회,"['■ 제안이유농어업 재해로 매년 농어가가 막심한 피해를 입고 있으나, 재해 대책이 긴급복구와 생계지원 차원에서 지원되고 있을 뿐만 아니라 재해보험제도도 시범사업단계에 있어, 농어업 재해를 입은 농가 및 어가에 대한 보조와 지원의 범위를 확대함으로써 농어가 경영 안정에 도움을 주고자 현행 농어업재해대책법을 일부 개정하려는 것임.■ 주요내용가. 농업용시설범위에 축사？잠실？원예재배시설이외에 농업용창고 등 부대시설도 추가하여 지원을 받을 수 있도록 함(안제2조).나. 재해지원 대상 농가와 어가의 범위에 영농조합법인, 농업회사법인 및 영어조합법인을 추가시킴.(안제2조).다. 유실되었거나 죽은 농작물의 경우 대파를 위한 종묘대금 및 비료대금을 지원하던 것을 대파를 할 수 없을 때에는 대파비용에 갈음하는 지원을 할 수 있도록 함(안제4조제2항).라. 농업용시설물의 피해가 있는 경우 복구비만 지원하도록 되어 있던 것을 철거비도 지원할 수 있도록 함(안제4조제2항).마. 정부는 예산의 범위안에서 농작물과 가축 피해액의 일부를 지원할 수 있도록 함(안제4조제4항).바. 재해복구를 위하여 필요한 경우 복구에 소요되는 자금을 이전에도 지원할 수 있도록 함(안제9조).']",농림해양수산위원회,"['김영진', '강현욱', '김경천', '김덕규', '김원기', '김택기', '김효석', '문석호', '박용호', '배기운', '안대륜', '오장섭', '원철희', '유재건', '윤철상', '이낙연', '이미경', '이완구', '이재선', '이정일', '장성원', '장정언', '전갑길', '정세균', '정장선', '정철기', '조부영', '최선영']"
160636,  창군및6·25참전장기복무군인지원에관한특별법안(정대철의원등 11인 ),2001-02-15,의원,2001-04-24,철회,제16대 (2000~2004) 제218회,"['■ 제안이유대한민국 국군창설에 참여하였거나 6·25전쟁에 참전하여 국가를 위해 공헌하고 전역한 장기복무군인중 퇴역연금등을 받지 못한 자에게 국가가 응분의 지원을 함으로써 이들의 생활안정을 도모하고, 명예를 존중하여 국민의 애국정신 함양에 이바지하고자 함.■ 주요골자1. 이 법의 적용대상자는 대한민국 국군창설에 참여하였거나 6·25전쟁에 참여한 군인으로서 1959년 12월 31일이전에 전역한 하사관 이상의 장기복무군인중 퇴역연금등을 받지 못한 자로 함(안 제3조).2. 이 법의 적용대상자가 되고자 하는 자는 국가보훈처장에게 등록신청을 하여야 하며, 국가보훈처장이 그 요건을 확인하여 적용대상자여부를 결정하도록 함(안 제4조).3. 이 법의 적용대상자로 결정·등록된 창군에 참여하고 전역한 장기복무군인 또는 6·25전쟁에 참전하고 전역한 장기복무군인과 그 배우자에 대하여 퇴역보상금 및 유족보상금을 지급하되, 그 지급액을 전역시의 계급과 복무기간을 고려하여 정하도록 함(안 제6조 및 제7조).4. 복무기간의 계산은 군인연금법 제16조제1항 내지 제4항의 규정을 준용하여 정함(안 제8조).5. 보상금을 받을 권리는 등록신청을 한 날이 속하는 달부터 발생하도록 함(안 제10조).6. 허위 기타 부정한 방법 또는 잘못 지급된 보상금에 대하여 환수할 수 있도록 하고, 보상금을 받은 자가 기간내에 반환하지 아니하는 경우 국세체납처분의 예에 의하여 징수할 수 있도록 하며, 불가피한 사유로 환수가 불가능할 경우 결손처분할 수 있도록 함(안 제11조).7. 보상금에 대한 소멸시효기간을 지급사유가 발생한 날부터 3년간 으로 함(안 제12조).8. 창군에 참여하고 전역한 장기복무군인 또는 6·25전쟁에 참전하고 전역한 장기복무군인이 형법상의 죄를 범하여 금고 1년이상의 실형의 선고를 받고 그 형이 집행중에 있는 경우 보상금의 지급을 정지하도록 함(안제13조).9. 창군에 참여하고 전역한 장기복무군인 또는 6·25전쟁에 참전하고 전역한 장기복무군인이 국가보안법 위반행위, 내란의 죄 등 형법상의 죄 또는 미성년자 약취·유인 등 사회보호법 별표의 죄를 범하여 금고 1년이상의 실형의 선고를 받고 그 형이 확정된 경우 이 법의 적용대상에서 제외함(안 제14조).10. 허위 기타 부정한 방법으로 보상금을 지급 받거나 지급 받게 한 자에 대하여 5년이하의 징역 또는 500만원하의 벌금에 처하도록 함(안 제16조).']",정무위원회,"['정대철', '강숙자', '강현욱', '남궁석', '박주선', '박희태', '이원형', '이해봉', '장정언', '정병국', '최선영', '김효석', '김희선', '남궁석', '문석호', '박주선', '박희태', '심규섭', '심재권', '유삼남', '이강래', '이근진', '이낙연', '이원형', '이주영', '이해봉', '장정언', '전갑길', '정병국', '최선영', '함승희', '허태열']"
160635,  파산법중개정법률안(이용삼의원등 8인 외 24인),2001-02-14,의원,2004-05-29,임기만료폐기,제16대 (2000~2004) 제218회,"['■ 제안이유 및 주요내용건설회사가 임대주택의 형식으로 지은 아파트에 입주한 일반 세입자의 경우 임대인인 건설회사가 파산한 경우, 일반 세입자의 임차보증금은 파산법상의 일반파산채권으로 분류되어 파산재단으로부터 다른 채권자와 평등한 취급을 받는 정도에 그치는 데, 이는 서민의 주거생활의 안정을 보장하기 위하여 제정된 주택임대차보호법의 목적과도 부합하지 아니하는 바, 임차인에게 책임없는 사유인 임대인인 건설회사가 파산한 경우에 주택임대차보호법상 대항력을 갖춘 임차권에 대하여 별제권을 인정하고자 함.']",법제사법위원회,"['이용삼', '김명섭', '김충조', '박병석', '박병윤', '원유철', '장성원', '한승수', '신현태', '오세훈', '오장섭', '이미경', '이연숙', '이주영', '전용학', '전재희', '정병국', '정우택', '정장선', '조희욱', '최선영', '최영희', '추미애', '허태열']"
160634,  예방접종피해보상에관한법률안(심재철의원등 17인 외 116인),2001-02-14,의원,2001-12-06,폐기,제16대 (2000~2004) 제218회,"['■ 제안이유국가는 전염병의 확산을 예방하고 국민보건을 증진시키기 위하여 전염병예방법 및 기타 법률의 규정에 따라 예방접종을 실시하고 있으나 그로 인한 피해에 대하여 정당한 보상을 하고 있지 못한 실정이며, 의학의 발달에힘입어 새롭게 전염병을 정복할 수 있는 예방백신의 개발이 눈앞에 다가오고 있으나 법률적인 대응책이 미비된현시점에서, 국민보건의 증진이라는 취지로 행해지는 예방접종으로 인하여 발생하는 피해에 대한 적절한 보상책이 더욱 절실히 요청되고 있는바, 예방접종피해보상에관한법률을 제정하여 국가적 차원에서 실시되는 전염병예방접종사업에 대한 국민의 신뢰를 제고하고자 하는 것임.■ 주요골자1. 예방접종을 받고 질병에 걸린 사람에 대하여는 진료비와 간병비를, 장애인이 된 사람에 대하여는 일시보상금을, 예방접종으로 인하여 사망한 유족에 대하여는 일시보상금과 장제비를 지급함(안 제4조).2. 유족의 보상금 수급에 있어 태아의 권리능력을 인정하는 등 유족의 범위와 순위를 명시함(안 제 5조).3. 보상금은 보건복지부장관에게 피해가 발생한 것을 안 날로부터 1년 이내에 신청하도록 하도록 함(안 제6조).4. 보건복지부장관은 신청을 받은 날로부터 90일 이내에 예방접종심의위원회의 심의를 거쳐 보상여부를 결정하도록 함(안 제7조).5. 보상금의 지급을 받을 권리의 소멸시효를 보상결정의 송달일로부터 2년으로 함(안 제10조).6. 예방접종피해보상금에 충당하기 위하여 정부 및 정부외의 자의 출연금과 예방접종백신의 제조·판매업자가부담하는 부담금을 재원으로 조성되는 기금을 설치하도록 함(안 제12조 내지 제15조).']",보건복지위원회,"['심재철', '김부겸', '김종하', '김홍신', '박원홍', '손희정', '안영근', '오세훈', '원희룡', '윤한도', '이성헌', '이연숙', '이원형', '이윤성', '전재희', '정병국', '황승민', '김무성', '김문수', '김성조', '김영구', '김영일', '김영춘', '김용갑', '김용균', '김용학', '김원웅', '김일윤', '김정숙', '김진재', '김찬우', '김태호', '김학송', '김형오', '김호일', '나오연', '남경필', '도종이', '맹형규', '목요상', '민봉기', '박관용', '박근혜', '박명환', '박세환', '박승국', '박시균', '박재욱', '박종근', '박종웅', '박종희', '박주천', '박창달', '박헌기', '박혁규', '박희태', '백승홍', '서상섭', '서정화', '서청원', '손태인', '손학규', '신경식', '신영국', '신영균', '신현태', '심규철', '안경률', '안상수', '안택수', '엄호성', '유성근', '유흥수', '윤경식', '윤두환', '윤여준', '윤영탁', '이강두', '이규택', '이방호', '이병석', '이부영', '이상득', '이상배', '이상희', '이원창', '이인기', '이재오', '이재창', '이주영', '이한구', '이해봉', '이회창', '임인배', '임진출', '임태희', '전용원', '정문화', '정의화', '정인봉', '정재문', '정창화', '정형근', '조웅규', '조정무', '주진우', '최돈웅', '최병국', '최병렬', '최연희', '하순봉', '허태열', '현경대', '현승일', '홍사덕', '황우여']"
160633,  승강기제조및관리에관한법률중개정법률안(심재철의원등 7인 외 126인),2001-02-14,의원,2001-12-06,대안반영폐기,제16대 (2000~2004) 제218회,['■ 제안이유 및 주요내용지난 1월 22일 안산시 오이도역의 휠체어 리프트의 추락사고로 노인？임산부？장애인을 위한 편의시설의 안전성에 대한 심각한 문제점이 노정되었으나 현재는 리프트에 대한 안전점검규정이 전혀없어 사고재발방지대책이 제대로 수립될 수 없는 바 법제2조를 개정하여 노인？임산부？장애인을 위한 편의시설의 하나인 휠체어리프트를 승강기에 포함시켜 안전점검을 받게 함으로써 사고재발을 방지하고자함.'],산업자원위원회,"['심재철', '김문수', '손희정', '오세훈', '윤한도', '정병국', '황승민', '권오을', '권철현', '권태망', '김광원', '김기배', '김기춘', '김덕룡', '김동욱', '김락기', '김만제', '김무성', '김부겸', '김성조', '김영구', '김영일', '김영춘', '김용갑', '김용균', '김용학', '김원웅', '김일윤', '김정숙', '김종하', '김진재', '김찬우', '김태호', '김학송', '김형오', '김호일', '김홍신', '나오연', '남경필', '도종이', '맹형규', '목요상', '민봉기', '박관용', '박근혜', '박명환', '박세환', '박승국', '박시균', '박원홍', '박재욱', '박종근', '박종웅', '박종희', '박주천', '박창달', '박헌기', '박혁규', '박희태', '백승홍', '서상섭', '서정화', '서청원', '손태인', '손학규', '신경식', '신영국', '신영균', '신현태', '심규철', '안경률', '안상수', '안영근', '안택수', '엄호성', '원희룡', '유성근', '유흥수', '윤경식', '윤두환', '윤여준', '윤영탁', '이강두', '이규택', '이방호', '이병석', '이부영', '이상득', '이상배', '이상희', '이성헌', '이연숙', '이원창', '이원형', '이윤성', '이인기', '이재오', '이재창', '이주영', '이한구', '이해봉', '이회창', '임인배', '임진출', '임태희', '전용원', '전재희', '정문화', '정의화', '정인봉', '정재문', '정창화', '정형근', '조웅규', '조정무', '주진우', '최돈웅', '최병국', '최병렬', '최연희', '하순봉', '허태열', '현경대', '현승일', '홍사덕', '황우여']"
160632,  장사등에관한법률중개정법률안(심재철의원등 15인 외 118인),2001-02-14,의원,2001-12-21,대안반영폐기,제16대 (2000~2004) 제218회,['■ 제안이유 및 주요내용국민들이 장례식장을 이용할 때 각 장례식장이 영업기준시간을 자정 또는 새벽 5시로 정하여 국민들은 불합리하게 3일분 사용료를 내게 되는 등 사망에 따른 슬픔에 더해 적잖은 부담을 져야 하는 실정인바 법률 제25조를 개정하여 장례식장의 임대료 산정 시간을 정오로 명시하도록 함.'],보건복지위원회,"['심재철', '김부겸', '김정숙', '김종하', '박원홍', '손희정', '안영근', '원희룡', '윤한도', '이성헌', '이원형', '이윤성', '전재희', '최연희', '황승민', '김락기', '김만제', '김무성', '김문수', '김성조', '김영구', '김영일', '김영춘', '김용갑', '김용균', '김용학', '김원웅', '김일윤', '김진재', '김찬우', '김태호', '김학송', '김형오', '김호일', '김홍신', '나오연', '남경필', '도종이', '맹형규', '목요상', '민봉기', '박관용', '박근혜', '박명환', '박세환', '박승국', '박시균', '박재욱', '박종근', '박종웅', '박종희', '박주천', '박창달', '박헌기', '박혁규', '박희태', '백승홍', '서상섭', '서정화', '서청원', '손태인', '손학규', '신경식', '신영국', '신영균', '신현태', '심규철', '안경률', '안상수', '안택수', '엄호성', '오세훈', '유성근', '유흥수', '윤경식', '윤두환', '윤여준', '윤영탁', '이강두', '이규택', '이방호', '이병석', '이부영', '이상득', '이상배', '이상희', '이연숙', '이원창', '이인기', '이재오', '이재창', '이주영', '이한구', '이해봉', '이회창', '임인배', '임진출', '임태희', '전용원', '정문화', '정병국', '정의화', '정인봉', '정재문', '정창화', '정형근', '조웅규', '조정무', '주진우', '최돈웅', '최병국', '최병렬', '하순봉', '허태열', '현경대', '현승일', '홍사덕', '황우여']"
160631,  사회복지사업법중개정법률안(심재철의원등 14인 외 119인),2001-02-14,의원,2003-06-30,대안반영폐기,제16대 (2000~2004) 제218회,"['■ 제안이유 및 주요내용복지사업을 위한 복지법인 및 복지시설이 국가로부터 지원을 받은 국고보조금을 횡령？유용하는 등의 불법을 저질러 감사원의 감사에서 많은 지적을 받고 있는바, 제18조를 개정하여 복지법인의 임원을 구성함에 있어 시장？군수？구청장이 추천하는 자를 임명하게 하여 불법적인 행위를 근절하고, 제36조제1항을 개정하여 운영위원회의 설치를 의무화하여 복지법인 및 복지시설의 운영의 투명성을 제고하고자함.']",보건복지위원회,"['심재철', '김부겸', '김정숙', '김종하', '박원홍', '손희정', '안영근', '오세훈', '윤한도', '이성헌', '이원형', '이윤성', '정병국', '황승민', '김동욱', '김락기', '김만제', '김무성', '김문수', '김성조', '김영구', '김영일', '김영춘', '김용갑', '김용균', '김용학', '김원웅', '김일윤', '김진재', '김찬우', '김태호', '김학송', '김형오', '김호일', '김홍신', '나오연', '남경필', '도종이', '맹형규', '목요상', '민봉기', '박관용', '박근혜', '박명환', '박세환', '박승국', '박시균', '박재욱', '박종근', '박종웅', '박종희', '박주천', '박창달', '박헌기', '박혁규', '박희태', '백승홍', '서상섭', '서정화', '서청원', '손태인', '손학규', '신경식', '신영국', '신영균', '신현태', '심규철', '안경률', '안상수', '안택수', '엄호성', '원희룡', '유성근', '유흥수', '윤경식', '윤두환', '윤여준', '윤영탁', '이강두', '이규택', '이방호', '이병석', '이부영', '이상득', '이상배', '이상희', '이연숙', '이원창', '이인기', '이재오', '이재창', '이주영', '이한구', '이해봉', '이회창', '임인배', '임진출', '임태희', '전용원', '전재희', '정문화', '정의화', '정인봉', '정재문', '정창화', '정형근', '조웅규', '조정무', '주진우', '최돈웅', '최병국', '최병렬', '최연희', '하순봉', '허태열', '현경대', '현승일', '홍사덕', '황우여']"
160630,  국가인권위원회법안(정대철의원등 11인 외 103인),2001-02-14,의원,2001-04-30,대안반영폐기,제16대 (2000~2004) 제218회,"['■ 제안이유인권의 국제화 추세에 따라 각 국가의 인권상황에 대한 국제사회의 관심이 고조되어 가고 있으나, 그 동안 우리 나라는 과거 권위주의 정권하의 인권침해로 인하여 인권상황에 관하여 국제적으로 부정적 이미지가 남아 있는 바 이제 질서와 인권이 함께 살아 숨쉬는 사회를 구현함으로써 인간의 존엄성이 존중되는 사회, 즉 인권침해와 차별이 없는 선진민주사회를 만들어 나가야 할 것임이에 인권침해 행위 및 평등권 침해의 차별행위에 대한 조사？구제를 비롯하여 인권의 보호와 향상 및 인권교육의 업무 등을 수행하는 국가인권위원회를 설치하여 모든 개인이 가지는 불가침의 기본적 인권을 보호하고 그 수준을 향상시킴으로써 인간으로서의 존엄과 가치를 구현하고 민주적 기본질서의 확립에 이바지 하고자 이 법안을 제안하는 것임.■ 주요내용가. 이 법은 국가인권위원회를 설립하여 모든 개인이 가지는 불가침의 기본적 인권을 보호하고 그 수준을 향상시킴으로써 인간으로서의 존엄과 가치를 구현하고 민주적 기본질서의 확립에 이바지함을 목적으로 함(안 제1조).나. 인권을「헌법 및 법률에서 보장하거나 대한민국이 가입？비준한 국제인권조약 및 국제관습법에서 인정하는 인간으로서의 존엄과 가치 및 자유와 권리」라고 정의함으로써 인권의 헌법적 보장과 세계적 추세를 반영함(안 제2조제1호).다. 인권의 보호와 향상을 위한 업무를 수행하기 위하여 국가인권위원회(이하 “위원회”라고 함)를 설립함(안 제3조제1항).라. 위원회의 구성？조직 등에 관하여 다음과 같이 규정함⑴ 위원회는 위원장 1인과 2인 이내의 상임위원을 포함한 11인의 인권위원(이하 “위원”이라 함)을 대통령이 임명하되, 위원장과 상임위원은 정무직 공무원으로 보함(안 제5조).⑵ 위원장은 위원회를 대표하고 위원회의 업무를 통할함(안 제6조제1항).⑶ 위원장은 위원회의 예산관련 업무를 수행함에 있어서 예산회계법 제14조의 규정에 의한 중앙관서의 장에 준함(안 제6조제5항).⑷ 위원은 금고 이상의 형의 선고에 의하지 아니하고는 그 의사에 반하여 면직되지 아니 함(안 제8조).⑸ 위원회는 위원회의 업무 중 일부를 수행하는 소위원회를 둘 수 있음(안 제11조).⑹ 업무수행에 필요한 사항을 자문하게 하기 위하여 위원회에 자문기구를 둘 수 있음(안 제14조).⑺ 위원회의 사무를 처리하게 하기 위하여 사무처를 설치함(안 제15조).마. 위원 또는 위원이었던 사람 등은 그 업무처리과정에서 알게 된 비밀을 누설하여서는 아니됨(안 제18조).바. 위원회는 ①인권에 관한 법령 또는 법령안？제도？정책 등에 관한 권고 또는 의견표명 ②인권침해행위에 대한 조사와 구제 ③차별행위에 대한 조사와 구제 ④인권상황에 대한 실태조사 ⑤인권에 관한 교육 및 홍보 ⑥인권침해의 유형？판단기준 및 그 예방조치 등에 관한 지침의 제시 및 권고 ⑦국제인권조약에의 가입 및 그 조약의 이행에 관한 연구와 권고 또는 의견의 표명 ⑧인권의 옹호와 신장을 위하여 활동하는 단체 및 개인과의 협력 ⑨인권과 관련된 국제기구 및 외국의 인권기구와의 교류？협력 등을 그 업무로 함(안 제21조)사. 위원회는 그 업무를 수행하는 데 필요하다고 인정하는 경우 관계기관 등에 필요한 자료 등의 제출을 요구하거나 사실에 관하여 조회할 수 있음(안 제24조).아. 위원회는 그 업무를 수행하기 위하여 필요하다고 인정하는 경우 구금？보호시설을 방문하여 조사할 수 있음(안 제25조).자. 위원회로부터 개선 또는 시정권고를 받은 기관의 장은 그 권고사항을 존중하고 이행하기 위하여 노력하여야 하며, 권고내용을 이행하지 않을 경우 그 이유를 문서로 설명하여야 함(안 제26조).차. 위원회는 해마다 전년도의 활동내용과 인권상황 및 개선대책에 관한 보고서를 작성하여 대통령과 국회에 보고하여야 함(안 제30조).카. 국가행정기관, 지방자치단체 또는 구금？보호시설의 업무수행과 관련하여 헌법 제10조 내지 제22조에 정한 자유권적 기본권을 침해당하거나 법인, 단체 또는 사인에 의하여 평등권침해의 차별행위를 당한 경우 위원회에 진정할 수 있음(안 제31조).타. 평등권 침해의 차별행위라 함은 합리적인 이유없이 성별, 종교, 장애, 나이, 사회적 신분, 출신지역, 출신국가, 출신민족, 용모 등 신체조건, 혼인여부, 임신 또는 출산, 가족상황, 인종, 피부색, 사상 또는 정치적 의견, 사면되거나 형의 효력이 실효된 전과, 성적 지향, 병력을 이유로 고용과 재화？용역？교통수단？상업시설 등의 공급이나 이용 등에 있어서 특정한 사람(특정한 사람들의 집단을 포함)을 우대？배제？구별하거나 불리하게 대우하는 행위를 말함(안 제31조제2항).파. 시설에 수용되어 있는 진정인(진정을 하려는 자를 포함한다)과 위원과의 면담에는 구금？보호시설의 직원이 참여하거나 그 내용을 청취 또는 녹취하지 못하도록 하고, 위원회에 제출할 목적으로 작성하는 진정서의 열람을 금지하여 진정권을 보장함(안 제32조).하. 진정이 제기될 당시 진정의 원인이 된 사실에 관하여 법원 또는 헌법재판소의 재판, 수사기관의 수사 또는 그밖의 법률에 따른 권리구제절차가 진행중이거나 종결된 경우에는 각하. 다만, 수사기관이 인지하여 수사중인 형법 제123조(직권남용) 내지 제125조(폭행, 가혹행위)의 죄에 해당하는 사건과 동일한 사안에 대하여 위원회에 진정이 접수된 경우에는 그러하지 아니함(안 제33조제1항제5호)거. 위원회의 조사방법으로 당사자 등에 대한 출석요구 및 진술청취권, 진술서 제출요구권, 관계자료 등의 제출요구권, 자료 등에 대한 실지조사 또는 감정 및 사실조회권 등을 규정함(안 제37조).너. 피진정인에 대한 출석요구는 인권침해행위나 차별행위를 행한 행위당사자로서 진술서만으로는 사안을 판단하기 어렵고, 인권침해행위와 차별행위가 있었다고 볼 만한 상당한 이유가 있는 경우에 한하여 할 수 있도록 함(안 제37조제3항).더. 인권침해에 대한 위원회의 조사와 조사결과에 따른 처리에 관하여 ①진정의 각하 ②다른 구제절차와 이송 ③수사기관과 위원회의 협조 ④합의의 권고 ⑤조정 ⑥고발 및 징계요구 ⑦법률구조 ⑧긴급구제조치의 권고 등을 규정함(안 제33조 내지 제35조, 제40조, 제42조, 제45조, 제48조, 제49조).러. 위원회는 진정의 조사 및 조정의 내용과 처리결과, 관계기관 등에 대한 권고와 관계기관 등이 한 조치 등을 공표할 수 있음(안 제51조).머. 이 법의 실효성을 확보하기 위하여 다음과 같은 벌칙과 과태료를 규정함.(1) 인권위원 및 직원의 업무수행 방해, 진정서 작성 방해, 자격사칭, 비밀누설 행위 등에 대하여는 형사처벌함(안 제54조 내지 제58조).(2) 정당한 이유없이 방문조사나 실지조사를 방해한 경우, 위원회의 진술서 제출요구 또는 출석요구에 정당한 이유없이 불응한 경우, 위원회에 허위의 자료 등을 제출한 자에 대하여는 1천만원 이하의 과태료에 처함(안 제60조).']",법제사법위원회,"['정대철', '남궁석', '송영길', '이낙연', '이미경', '이상수', '이종걸', '이해찬', '조순형', '천정배', '함승희', '김명섭', '김민석', '김방림', '김성순', '김성호', '김영배', '김영진', '김영환', '김옥두', '김운용', '김원기', '김원길', '김윤식', '김충조', '김태식', '김태홍', '김택기', '김홍일', '김화중', '김효석', '김희선', '문석호', '문희상', '박광태', '박병석', '박병윤', '박상규', '박상천', '박상희', '박양수', '박용호', '박인상', '박종우', '박주선', '배기운', '설송웅', '설훈', '송훈석', '신계륜', '신기남', '심규섭', '심재권', '안동선', '원유철', '유삼남', '유용태', '유재건', '유재규', '윤철상', '이강래', '이근진', '이용삼', '이원성', '이윤수', '이인제', '이재정', '이정일', '이창복', '이협', '이호웅', '이훈평', '이희규', '임종석', '임채정', '장성민', '장성원', '장영달', '장영신', '장정언', '장태완', '전갑길', '전용학', '정균환', '정동영', '정동채', '정범구', '정세균', '정장선', '정철기', '조성준', '조재환', '조한천', '천용택', '최명헌', '최선영', '최영희', '최용규', '최재승', '추미애', '한화갑', '허운나', '홍재형']"
160629,  수산물품질관리법중개정법률안(이방호의원등 4인 외 22인),2001-02-14,의원,2001-02-28,수정가결,제16대 (2000~2004) 제218회,"['■ 제안이유 및 주요골자굴을 위생적이고 현대화된 시설에서 생산·가공함으로써 굴 산업의 생산성 제고와 품질향상을 도모하고, 나아가 국제시장에서의 경쟁력을 제고하는 한편, 굴 수출산업의 장기적인 발전을 도모코자 굴패각매립으로 조성된국·공유지에 굴껍질을 까기 위한 시설물을 축조할 수 있게 하려는 것임.■ 위원회 수정사항□ 수정이유 및 주요골자본 개정안(원안)에서는 굴패각 매립으로 조성된 국·공유지를 굴양식어업인에게 대부하는 때에는 그 토지 위에굴 껍질 제거를 위한 용도의 영구시설물을 축조할 수 있도록 하고, 대부기간은 20년의 범위내로 할 수 있도록국유재산법과 지방재정법에 대한 특례규정을 두고 있으나, 국유재산(공유재산 제외) 중 잡종재산에 대해서만국유재산법의 특례를 두는 것이 바람직하다고 보아, 국유재산 중 행정재산·보존재산과 관련한 조항인 국유재산법 제27조제1항의 규정과, 공유재산과 관련한 조항인 지방재정법 제82조제2항 및 제83조제2항의 규정을 본개정안에서 삭제함(안 제17조제4항).']",농림해양수산위원회,"['이방호', '김동욱', '김영진', '원철희', '김종하', '문석호', '박관용', '박원홍', '박재욱', '박희태', '손태인', '신경식', '신영국', '이상배', '장성원', '정의화', '정장선', '조웅규', '주진우', '최선영', '허태열', '홍재형']"
160628,  자동차손해배상보장법중개정법률안(이윤수의원등 40인),2001-02-13,의원,2001-12-07,수정가결,제16대 (2000~2004) 제218회,"['■ 제안이유자동차사고로 인한 후유장해인의 원상회복 및 사회적 자립을 이루는 데 도움이 되는 재활사업을 수행하기 위하여는 재활시설의 건립등 복지기반의 구축이 필수적이므로 자동차손해배상보장법 제29조에 의한 손해배상보장사업분담금의 일정 비율을 이에 지원하도록 하고, 건설교통부장관이 동 재활사업을 수행할 수 있는 단체를 선정하여 재활사업의 전문성·효율성을 높이고자 함.■ 주요골자1. 건설교통부장관은 제26조제2항의 규정에 의한 모든 지원업무를 교통안전공단에 위탁할 수 있도록 하였으나제26조제2항의 규정에의한 재활사업을 수행하는 데에 필요한 지원을 받을 수 있는 후유장애인관계단체를 선정할 수 있음(안 제26조제5항).2. 재활사업의 기반구축을 위하여 후유장해인관계단체의 재활사업의 지원에 대하여는 제29조제1항의 규정에 의한 손해배상보장사업분담금 총액에서 제26조제1항의 규정에 의한 보상금 총액을 제외한 금액의 100분의 30이상으로 지원 함(안 제29조의2).3. 교통안전공단에 위탁한 지원업무중 후유장해인관계단체의 재활사업은 제외 함(안 제37조제2항).■ 위원회 수정사항□ 수정이유후유장해인단체의 재활사업을 보다 효율적이고 투명성있게 집행하기 위하여 후유장해인관계단체에 공익법인의설립·운영에관한법률에 의하여 건설교통부장관의 허가를 받은 단체가 선정될 수 있도록 하고 재활시설의 건립업무는 교통안전공단에 위탁할 수 있도록 하였으며, 재활사업의 위한 재원은 기 추진중인 교통사고 유자녀등의지원사업에 지장을 초래하지 않도록 손해배상보장사업 분담금 교부금의 100분의 20으로 하기로 함.□ 수정주요골자1. 자동차사고 후유장해인 재활사업에 필요한 재원은 손해배상보장사업분담금 교부금의 100분의 20으로 함(안제26조의2 제2항).2. 건교부장관은 재활시설의 운영업무를 위하여 민법 제32조 및 공익법인의설립·운영에관한법률에 의하여 건설교통부장관의 허가를 받은 후유장해인단체중에서 선정함(안 26조의2 제4항).3. 재활시설의 건립을 위한 업무는 교통안전공단법에 의하여 설립된 교통안전공단에 위탁할 수 있도록 함(안제37조 제2항).4. 교통사고유자녀 등에 대한 지원사업 자금중 2001년 말까지 발생한 잔액을 재활시설의 건립에 사용할 수 있도록 함(부칙 제2항).']",건설교통위원회,"['이윤수', '강재섭', '고진부', '권철현', '김근태', '김덕배', '김명섭', '김문수', '김성조', '김영일', '김윤식', '김태홍', '김호일', '김홍일', '도종이', '백승홍', '설송웅', '설훈', '송광호', '송영진', '송훈석', '심재철', '안경률', '안동선', '안상수', '오세훈', '오장섭', '원희룡', '유재건', '윤한도', '이낙연', '이상희', '이양희', '이원창', '이윤성', '이재창', '이희규', '장영달', '전용원', '조한천']"
160627,  국회법중개정법률안(이강두의원등 5인 외 128인),2001-02-13,의원,2002-02-28,대안반영폐기,제16대 (2000~2004) 제218회,['제안이유 및 주요골자？？？？？？？？？？？？？？？？？？？？？？국가정보원 소관의 예산안과 결산 심사는 국회정보위원회의 심사로 예산결산특별위원회의 심사를 대신하여 왔으나 남북관계의 진전에 따라 국가정보원의 기능과 역할 변화가 필요함으로 국가정보원 예산결산도 국방부 예산과 마찬가지로 정보위원회의 예비심사와 예산결산특별위원회의 실질심사를 받도록 하려는 것임.'],정치개혁특별위원회,"['이강두', '권오을', '김원웅', '신영국', '이한구', '고흥길', '권기술', '권철현', '권태망', '김광원', '김기배', '김기춘', '김덕룡', '김동욱', '김락기', '김만제', '김무성', '김문수', '김부겸', '김성조', '김영구', '김영일', '김영춘', '김용갑', '김용균', '김용학', '김일윤', '김정숙', '김종하', '김진재', '김찬우', '김태호', '김학송', '김형오', '김호일', '김홍신', '나오연', '남경필', '도종이', '맹형규', '목요상', '민봉기', '박관용', '박근혜', '박명환', '박세환', '박승국', '박시균', '박원홍', '박재욱', '박종근', '박종웅', '박종희', '박주천', '박창달', '박헌기', '박혁규', '박희태', '백승홍', '서상섭', '서정화', '서청원', '손태인', '손학규', '손희정', '신경식', '신영균', '신현태', '심규철', '심재철', '안경률', '안상수', '안영근', '안택수', '엄호성', '오세훈', '원희룡', '유성근', '유흥수', '윤경식', '윤두환', '윤여준', '윤영탁', '윤한도', '이규택', '이방호', '이병석', '이부영', '이상득', '이상배', '이상희', '이성헌', '이연숙', '이원창', '이원형', '이윤성', '이인기', '이재오', '이재창', '이주영', '이해봉', '이회창', '임인배', '임진출', '임태희', '전용원', '전재희', '정문화', '정병국', '정의화', '정인봉', '정재문', '정창화', '정형근', '조웅규', '조정무', '주진우', '최돈웅', '최병국', '최병렬', '최연희', '하순봉', '허태열', '현경대', '현승일', '홍사덕', '황승민', '황우여']"
160626,  고엽제후유의증환자지원등에관한법률중개정법률안(유재건의원 외 26인),2001-02-12,의원,2003-04-30,대안반영폐기,제16대 (2000~2004) 제218회,"['■ 제안이유현행법상 고엽제후유증2세환자는 고엽제의 직접적인 원인으로 질병을 앓고 있는 고엽제후유증환자임에도 불구하고 고엽제로 인한 질병으로 추정되고 있는 고엽제후유의증환자와 마찬가지로 장애정도를 고도장애, 중등도장애 및 경도장애로 구분하여 동일한 수당 및 진료체계를 유지하고 있는 바, 고엽제후유증2세환자를 고엽제후유의증환자와 구분하고 고엽제후유증환자와 같이 그 등급을 세분화하여 이들에 대한 실질적인 보상 및 진료가 행해질 수 있도록 하고자 함.■ 주요내용가. 고엽제후유의증환자와 고엽제후유증2세환자에 대한 보상 및 진료체계를 구분함(안 제7조제1항？제7항 및 안제7조의2).나. 고엽제후유증2세환자에 대한 보상금을 등급에 따라 차별적으로 지급할 수 있도록 함(안 제7조의2제1항 및 제3항).다. 고엽제후유증2세환자의 등급을 1급 내지 6급으로 세분화 함(안 제7조의2제2항).라. 고엽제후유증2세환자에 대한 진료를 고엽제후유증환자와 동일한 의료보호를 할 수 있도록 함(안 제7조의2제4항).']",정무위원회,"['유재건', '김민석', '김부겸', '김진재', '김호일', '김화중', '박용호', '박주천', '서상섭', '송영길', '신기남', '안대륜', '유삼남', '이부영', '이상수', '이성헌', '이인제', '이재오', '임진출', '정균환', '정동영', '정범구', '정형근', '조성준', '조재환', '천정배']"
160625,  국가유공자등예우및지원에관한법률중개정법률안(안경률의원등 13인 외 9인),2001-02-12,의원,2004-05-29,임기만료폐기,제16대 (2000~2004) 제218회,"['■ 제안이유6？25전쟁 당시 18세미만의 소년들이 병역의무가 없음에도 불구하고 자원 참전하여 국가수호를 위해 공헌하였으나, 현행법은 전사자와 전상자만을 국가유공자로서의 예우를 하고 있는 바, 국가유공자의 범위를 6？25참전재일학도의용군인과 같이 모든 6.25참전 소년지원병으로 확대하여 이들의 명예를 선양하고자 함.■ 주요내용가. 6？25참전소년지원병을 국가유공자의 범위에 포함시킴(안 제4조제1항제8호의2)나. 6？25참전소년지원병과 그 유족에 대하여 교육보호 및 취업보호를 행하도록 함(안 제22조 및 제29조)']",정무위원회,"['안경률', '강신성일', '김덕룡', '김일윤', '김형오', '박관용', '박세환', '안영근', '윤영탁', '임진출', '장태완', '정의화', '홍사덕']"
160624,  공군사격장소음방지및피해보상등에관한법률안(이규택의원등 2인 외 48인),2001-02-12,의원,2004-05-29,임기만료폐기,제16대 (2000~2004) 제218회,"['■ 제안이유공군사격장으로부터 발생되는 소음은 간헐적으로 소음을 일으키는 육군의 포사격장등과는 비교할 수 없을 만큼 심각한 실정임. 이러한 공군사격장에서의 소음에 의한 피해를 적극적으로 방지하고 최소화하기 위해 공군사격장 주변지역주민에 대한 피해보상 등을 규정함으로써 주민의 생활편익을 도모하고자 함.■ 주요내용가. 이 법은 공군사격장으로부터 발생하는 소음？진동？실탄 및 파편으로 인한 피해방지 및 보상을 규정하기 위함(안 제1조).나. 국방부장관은 대통령령이 정하는 소음도에 따른 등급별로 공군 사격장 소음지역을 지정？고시함(안 제3조).다. 국방부장관은 이미 설치된 공군사격장 또는 설치중이거나 설치예정인 공군사격장으로부터 환경영향을 받게되는 지역에 대하여는 환경영향평가서를 작성하여 환경부장관과 협의하고 그 결과에 따라 피해방지시설을 설치하여야 함(안 제4조).라. 국방부장관은 공군사격장 및 피해방지시설의 설치등을 위하여 토지등을 수용？사용할 경우 그로 인하여 생활근거를 상실하게 되는 주민에 대하여는 이주대책을 마련하여야 함(안 제5조).마. 국방부장관은 소음지역에 거주하는 주민의 신체적？정신적 피해등에 대하여 소음지역의 등급에 따라 피해보상금을 지급함(안 제6조).바. 국방부장관의 자문에 응하기 위하여 국방부장관소속하에 공군사격장피해대책심의위원회를 설치함(안 제7조).사. 공군사격장피해대책심의위원회는 공군사격장으로부터 발생하는 피해의 방지, 피해와 관련한 분쟁조정사항, 피해의 보상 및 이주대책에 관한 사항, 기타 대통령령으로 정하는 사항을 심의함(안 제7조).아. 국방부장관은 공군사격장, 그리고 공군사격장의 피해방지시설을 설치하는 자에 대하여 예산의 범위내에서 필요한 재정？금융상의 지원을 할 수 있음(안 제9조).']",국방위원회,"['이규택', '이상배', '강현욱', '권오을', '김부겸', '김성조', '김영일', '김용학', '김원웅', '김진재', '김찬우', '김태호', '남경필', '박명환', '박세환', '박시균', '박종희', '박주천', '박헌기', '서정화', '손태인', '신영균', '심재철', '안경률', '안상수', '엄호성', '윤한도', '이부영', '이성헌', '이용삼', '이원성', '이윤성', '이인기', '이주영', '이해봉', '임진출', '장성원', '전용원', '전재희', '정병국', '정인봉', '정형근', '조정무', '조희욱', '주진우', '최연희', '하순봉', '현승일']"
160621,  가정복지기본법안(김성순의원등 31인),2001-02-09,의원,2004-05-29,임기만료폐기,제16대 (2000~2004) 제218회,"['■ 제안이유가정은 사회를 안정적으로 유지되도록 하는 기반이므로 가정문제를 효율적으로 해결하고 가정복지를 증진하기 위하여 가정중심의 통합적 복지서비스 체계를 확립할 수 있는 행정적？제도적 기틀을 마련하고자 하는 것임.■ 주요내용가. 보건복지부장관은 5년 단위로 가정복지기본계획을 수립하고 매년 시행계획을 수립？시행하도록 하고, 지방자치단체의 장은 기본계획과 시행계획에 따라 지역별시행계획을 수립하도록 함(안 제7조 내지 제9조).나. 가정복지에 관한 주요시책을 심의하도록 하기 위하여 보건복지부에 가정복지심의위원회를 두도록 함(안 제10조).다. 가정복지관련업무를 담당하게 하기 위하여 시？군？자치구에 가정복지 전담요원을 둘 수 있도록 함(안 제11조).라. 국가는 가정복지의 향상과 관련된 연구 및 활동에 필요한 지원을 할 수 있도록 함(안 제12조).마. 보건복지부장관은 가정복지의 현황을 파악하기 위하여 가정복지실태조사를 실시하고 그 결과를 발표하도록 함(안 제13조).바. 가정복지 향상을 위하여 지방자치단체의 장이 가정복지센터를 둘 수 있도록 함(안 제14조).']",보건복지위원회,"['김성순', '고진부', '김경천', '김방림', '김부겸', '김영배', '김옥두', '김원기', '김태홍', '김호일', '배기운', '손희정', '송석찬', '심재권', '안경률', '원유철', '유재건', '이강래', '이원형', '이재정', '이정일', '이창복', '이훈평', '임채정', '전갑길', '정철기', '조성준', '조재환', '조한천', '최명헌', '최영희']"
160620,  지방세법중개정법률안(안상수의원등 27인),2001-02-09,의원,2004-05-29,임기만료폐기,제16대 (2000~2004) 제218회,"['■ 제안이유현재 컨테이너에 대한 지역개발세는 부산광역시에 한하여 징수하고 있음. 그러나, 컨테이너 수송을 위한 내륙화물기지의 경우 컨테이너 수송으로 인하여 도로파손·교통체증, 소음 등의 피해가 발생하고 있음. 이에 컨테이너에 대한 지역개발세를 내륙화물기지에서도 징수할 수 있는 근거를 마련하고자 함.■ 주요내용가. 컨테이너에 대한 지역개발세의 납세의무는 컨테이너를 취급하는 부두를 이용하기 위하여 컨테이너를 입·출항하거나 내륙화물기지를 이용하기 위하여 컨테이너를 반출·입하는 때에 성립함(안 제29조제1항라목).나. 컨테이너의 납세의무자로서 철도？육로 운송컨테이너의 경우 당해 내륙화물기지를 이용하는 자를 포함시킴(안 제254조제4호).다. 철도？육로 운송컨테이너에 대한 지역개발세의 납세지를 내륙화물기지를 관할하는 도로 함(안 제256조제4호).라. 철도？육로 운송컨테이너에 대한 지역개발세의 세율은 1티이유(TEU)당 10,000원으로 함(안 제257조제1항제4호).']",행정자치위원회,"['안상수', '강신성일', '강창성', '권기술', '김문수', '김용학', '김학송', '김홍신', '맹형규', '박세환', '박시균', '박창달', '백승홍', '손희정', '심재철', '엄호성', '유성근', '윤여준', '이원형', '이인기', '이재오', '임태희', '정인봉', '조정무', '최연희', '황승민', '황우여']"
160618,  개발제한구역의지정및관리에관한특별조치법중개정법률안(안상수의원등 31인),2001-02-08,의원,2004-05-29,임기만료폐기,제16대 (2000~2004) 제217회,"['■ 제안이유 및 주요내용개발제한구역이 전체 행정구역에서 차지하는 비중이 지나치게 큰 지방자치단체들의 경우 자생적인 발전이 어려운 실정이고 해당 지역주민들의 생활불편이 심하여 이러한 자치단체들의 자생적인 발전과 주민생활불편해소를 위해, 행정구역면적의 10분의 7 이상이 개발제한구역인 시 또는 군의 경우 시장 또는 군수는 개발제한구역이 행정구역면적의 10분의 7 미만이 되지 아니하는 범위 내에서 개발제한구역의 지정해제를 건설교통부장관에게 요구할 수 있게 함.']",건설교통위원회,"['안상수', '강창성', '권기술', '김용학', '김원웅', '김진재', '김학송', '김호일', '박세환', '박시균', '박종희', '백승홍', '손태인', '신영국', '신영균', '안택수', '유성근', '윤한도', '이성헌', '이윤성', '이인기', '이재오', '이주영', '이해봉', '임진출', '전재희', '정인봉', '정형근', '조웅규', '조정무', '현경대']"
160617,  국회법중개정법률안(안상수의원등 21인 외 112인),2001-02-06,의원,2002-02-28,대안반영폐기,제16대 (2000~2004) 제217회,"['제안이유 및 주요골자？？？？？？？？？？？？？？？？？？？？예산결산특별위원회의 예산안심사시 소관상임위원회의 예산안심사내용을 반영하지 않음으로 인하여 상임위원회의 예산안 예비심사제도를 유명무실하게 하는 사례가 있으므로, 소관상임위원회의 예산안 예비심사내용을 실질적으로 반영시키기 위하여 소관상임위원회에서 삭감한 예산을 증액하거나 새 비목을 설치할 경우 소관상임위원회와 협의를 하도록 하려는 것임.']",정치개혁특별위원회,"['안상수', '권오을', '김문수', '김용학', '김원웅', '김정숙', '박세환', '손태인', '신영균', '안경률', '안영근', '이원형', '이인기', '이주영', '임태희', '정인봉', '정재문', '정형근', '주진우', '허태열', '황우여', '김영춘', '김용갑', '김용균', '김일윤', '김종하', '김진재', '김찬우', '김태호', '김학송', '김형오', '김호일', '김홍신', '나오연', '남경필', '도종이', '맹형규', '목요상', '민봉기', '박관용', '박근혜', '박명환', '박승국', '박시균', '박원홍', '박재욱', '박종근', '박종웅', '박종희', '박주천', '박창달', '박헌기', '박혁규', '박희태', '백승홍', '서상섭', '서정화', '서청원', '손학규', '손희정', '신경식', '신영국', '신현태', '심규철', '심재철', '안택수', '엄호성', '오세훈', '원희룡', '유성근', '유흥수', '윤경식', '윤두환', '윤여준', '윤영탁', '윤한도', '이강두', '이규택', '이방호', '이병석', '이부영', '이상득', '이상배', '이상희', '이성헌', '이연숙', '이원창', '이윤성', '이재오', '이재창', '이한구', '이해봉', '이회창', '임인배', '임진출', '전용원', '전재희', '정문화', '정병국', '정의화', '정창화', '조웅규', '조정무', '최돈웅', '최병국', '최병렬', '최연희', '하순봉', '현경대', '현승일', '홍사덕', '황승민']"
160616,  국회법중개정법률안(이양희의원 외 19인),2001-02-05,의원,2002-02-28,대안반영폐기,제16대 (2000~2004) 제217회,"['■ 제안이유현행 헌법은 소수정당의 보호를 위한 복수 정당제를 채택하고 있음에도 불구하고, 헌법정신에 충실해야할 국회법은 교섭단체 구성요건을 규정하면서 대다수 외국(의원총수의 2%～3% 내지 2人～3人으로 교섭단체 구성)과 비교하여 그 요건을 강화함으로써 소수정당의 원내활동을 제한하고 있음.그리고 2000년 2월 8일 의원 정수를 축소하는「공직선거및선거부정방지법」의 개정이 이루어졌지만 국회법상의 교섭단체구성요건이「공직선거및선거부정방지법」개정 이전과 같은 20인으로 존치함으로써 소수정당의 조정역할 축소 등 원내활동을 더욱 제약하는 결과를 초래하고 있음.이에 따라, 교섭단체 구성요건을 현행 20인에서 이 제도를 시행하고 있는 외국의 수준인 의원정수의 5%에 맞추고 「공직선거및선거부정방지법」에 5%이상 득표한 정당에 비례대표를 배분하도록 한 것과의 균형을 맞추기 위하여 14인으로 축소하고, 이에 맞추어 체포 및 구금된 의원의 석방요구, 의사일정의 변경, 의안의 발의 요건, 위원회에서 폐기된 의안의 본회의 부의요구, 의안에 대한 수정동의, 국무위원의 출석요구, 긴급현안질문, 위원회에서 본회의에 부의할 필요가 없다고 결정한 청원의 본회의 부의 요건 등을 완화하려는 것임.■ 주요내용가. 체포 및 구금된 의원의 석방요구를 발의할 때에는 14인 이상의 연서로 가능하도록 요건을 완화함(안 제28조).나. 교섭단체 구성 요건을 국회에 14인 이상의 소속의원을 가진 정당 또는 다른 교섭단체에 속하지 아니하는 14인 이상의 의원으로 구성할 수 있도록 요건을 완화함(안 제33조제1항).다. 의사일정의 변경시 의장이 각 교섭단체대표의원과 협의하여 필요하다고 인정할 때 이외에 의원 14인 이상의 연서에 의한 동의로 본회의의 의결이 있을시 가능하도록 요건을 완화함(안 제77조).라. 의안의 발의요건을 의원 14인 이상의 찬성으로 가능하도록 함(안 제79조제1항).마. 위원회에서 폐기된 의안은 위원회의 결정이 본회의에 보고된 날부터 폐회 또는 휴회중의 기간을 제외한 7일 이내에 의원 20인 이상의 요구가 있을 때에는 본회의에 부의할 수 있도록 함(안 제87조제1항).바. 의안에 대한 수정동의는 그 안을 갖추고 이유를 붙여 의원 20 인 이상의 찬성자와 연서하여 의장에게 미리 제출하도록 함(안 제95조제1항).사. 국무위원의 출석을 요구할 경우, 그 발의는 의원 14인 이상이 이유를 명시한 서면으로 할 수 있도록 요건을 완화함(안 제121조제1항).아. 의원은 14인 이상의 찬성으로 긴급현안질문을 할 것을 의장에게 요구할 수 있도록 요건을 완화함(안 제122조의3제1항).자. 위원회에서 본회의에 부의하지 아니하기로 결정한 청원은 폐회 또는 휴회기간을 제외한 7일 이내에 의원 20인 이상의 요구가 있을 때에 본회의에 부의할 수 있도록 함(안 제125조제6항).차. 의원의 자격심사요건을 20인이상의 연서로 의장에게 청구할 수 있도록 완화함(안 제138조)카. 의원이 윤리심사대상자 또는 징계대상자에 대한 윤리심사 또는 징계를 요구하고자 할 때에는 의원 14인 이상의 찬성으로 요구서를 의장에게 제출할 수 있도록 함(안 제156조제3항)']",정치개혁특별위원회,"['이양희', '김종필', '김종호', '김학원', '배기선', '송광호', '송석찬', '송영진', '안대륜', '오장섭', '원철희', '이완구', '이재선', '이한동', '정우택', '정진석', '조부영', '조희욱', '함석재']"
160607,  의료법중개정법률안(김홍신의원등 21인),2001-02-02,의원,2004-05-29,임기만료폐기,제16대 (2000~2004) 제217회,"['■ 제안이유 및 주요내용의료법의 규율을 받는 방사선발생장치의 범위를 종래의 진단용방사선발생장치에서 의료용방사선장치로 확대함으로써, 의료에 사용되는 방사선장치에 대하여는 환자의 생명？건강의 보호에 중점을 둔 안전관리기준이 적용되도록 함.']",보건복지위원회,"['김홍신', '고진부', '김명섭', '김부겸', '김성순', '김성호', '김영환', '김원기', '김원웅', '김찬우', '김태홍', '신영국', '심재철', '오세훈', '이부영', '이성헌', '이원형', '이호웅', '전재희', '최영희', '추미애']"
160606,  한국원자력안전기술원법중개정법률안,2001-02-02,정부,2001-02-28,수정가결,제16대 (2000~2004) 제217회,"[""■ 제안이유 및 주요골자정부보조기관 등 경영혁신 추진계획에서 정원이나 예산 등이 일정 규모 이상인 기관에 한하여 상근감사를 두도록 함에 따라 한국원자력안전기술원의 상근인 감사를 비상근으로 전환하며, 그밖에 정부조직법의 개정에 따라변경된 기관의 명칭을 정리하려는 것임.■ 위원회 수정사항□ 수정이유 및 주요골자상근임원인 감사의 비상근으로의 개정과 관련하여 당해 조항인 제9조는 임원에 관한 사항을 규정하고 있기는하나 이사장과 원장을 포함한 이사와 감사가 임원임이 분명하게 표현되어 있지 않으므로 동조제1항중 '安全技術院에'를 '安全技術院에 任員으로서'로 수정함.""]",과학기술정보통신위원회,[]
160604,  공무원직장협의회의설립·운영에관한법률중개정법률안(김락기의원등 32인),2001-01-30,의원,2004-05-29,임기만료폐기,제16대 (2000~2004) 제217회,"['■ 제안이유동법률은 98년 2월 “결사의 자유 원칙에 따라 공무원직장협의회를 설치하고 조속한 시일내에 공무원노동조합 결성을 허용한다”는 노사정위원회의 합의에 따라 공무원직장협의회를 설치할 수 있도록 제정되었음. 그러나 동 법률 시행령 제2조는 직장협의회간 연합협의회 설립을 금지하고 있어 노사정위원회의 합의정신을 위배하고 있을 뿐만아니라 ILO(국제노동기구)협약 제87호(결사의자유 및 단결권보호에 관한 조약) 및 제98호(단결권 및 단체교섭권에 대한 원칙의 적용에 관한 조약)에 상충되고 있으며, 협의회의 설치 및 운영에 있어서도 불필요한 각종 규제를 규정함으로써 활성화를 저해하고 있음. 따라서 직장협의회의 기능을 활성화시켜 공무원의 근로조건 개선 및 사기진작, 국가경쟁력 향상을 위해 현행 법률의 불필요한 규제조항을 개정하고자 함.■ 주요내용가. 직장협의회는 노동조합의 전 단계로 설립한다는 노사정위원회의 합의정신에 따라 법률의 목적을 공무원의 근로조건 유지？개선 및 직장내 권익향상으로 확대함(안 제1조).나. 각 기관단위로 구성된 직장협의회간 정보교류, 공통적인 활동추진 및 단결력 확보를 위해 연합협의회를 설립할 수 있도록 함(안 제2조의2).다. 예산, 경리, 물품출납 업무에 종사하는 공무원중 지휘？감독의 업무에 종사하는 공무원을 제외한 6급 이하 공무원의 직장협의회 가입을 허용함(안 제3조제2항).라. 직장협의회 기능을 민간기업의 노사협의회와 같이 근로조건 개선？후생복지 및 교육훈련 등으로 확대함(안 제5조제1항).']",행정자치위원회,"['김락기', '김동욱', '김문수', '김성조', '김영춘', '김정숙', '김찬우', '김홍신', '박세환', '박인상', '박창달', '박혁규', '손태인', '신현태', '심규철', '안영근', '오세훈', '윤경식', '윤두환', '이강두', '이방호', '이상득', '이인기', '이주영', '이호웅', '정문화', '정병국', '정인봉', '조웅규', '최연희', '하순봉', '한명숙']"
160603,  청소년보호법중개정법률안,2001-01-26,정부,2001-04-26,수정가결,제16대 (2000~2004) 제217회,"['■ 제안이유사회통념상 성인으로 간주되는 대학생·근로청소년들이 자유롭게 사회활동을 할 수 있도록 하기 위하여 보호대상 청소년의 연령을 조정하고, 청소년유해업소 업주가 종업원 고용시에 연령을 확인하도록 하여 동 업소에의청소년 고용을 사전에 차단하며, 그밖에 현행 제도의 운영과정에서 나타난 일부 미비점을 개선·보완하려는 것임.■ 주요골자1. 고등학교를 졸업한 후 대학에 진학하였거나 취업한 자 등은 사회통념상 성인으로 간주되고 있으므로 이들이자유롭게 사회활동을 할 수 있도록 하기 위하여 청소년의 연령을 만 19세 미만으로 하되, 만 19세 미만이라도 당해 연도 중에 만 19세가 되는 자는 청소년에서 제외함(안 제2조제1호).2. 청소년유해매체물로부터 청소년을 보호하기 위하여 청소년유해매체물을 판매·대여·배포하거나 시청·관람·이용에 제공하고자 하는 자는 그 상대방의 연령을 확인하도록 하고, 청소년유해업소에서의 청소년 고용을사전에 차단하기 위하여 청소년유해업소의 업주는 종업원 고용시 연령을 확인하도록 함(안 제17조제1항 및제24조제1항).3. 청소년보호법 위반행위를 적극적으로 유발시키거나 연령을 속이는 등 그 원인을 제공한 일탈 청소년중 선도·보호조치가 필요한 청소년에 대하여는 관할경찰서장·소속학교장·보호자 등에게 그 사실을 통보하도록하여 효과적인 선도·보호조치가 이루어질 수 있도록 함(안 제44조의2 신설).4. 과징금 부과처분을 받은 자가 자연재해로 재산에 현저한 손실을 입은 경우 등 과징금 전액을 일시에 납부하기가 어려운 때에는 납부기한을 연장하거나 분할납부하게 할 수 있도록 함(안 제49조제4항 및 제5항 신설).■ 위원회 수정사항□ 수정이유 및 주요골자청소년보호법 위반과징금의 사용주체를 시행령에 위임하는 규정을 수정하여 이를 법률에서 명확하게 규정하고일부 개정안의 자구를 보완하려는 것임.']",정무위원회,[]
160602,  도로법중개정법률안(오세훈의원등 21인),2001-01-17,의원,2004-05-29,임기만료폐기,제16대 (2000~2004) 제217회,"['■ 제안이유도로노선의 지정 등이 있은 후 도로구역을 결정하기 전에 도로노선에 관한 계획을 수립하도록 함으로써 체계적이고 환경친화적인 도로건설 등을 도모하려는 것임.■ 주요내용가. 도로의 관리청은 도로노선의 지정이 있거나 도로노선의 인정 또는 변경의 공고가 있는 때에는 지체없이 도로노선에 관한 도로노선계획을 수립하도록 함(안 제24조의2제1항 신설).나. 도로노선계획에는 도로노선의 구간, 사업시행의 방법, 환경보전에 관한 사항 등을 포함시키도록 하고, 그 계획을 수립하는 경우에는 관계행정기관의 장과 협의하도록 함(안 제24조의2제2항 및 제3항 신설)다. 종전에는 도로노선의 지정이 있거나 도로노선의 인정 또는 변경의 공고가 있는 때에 도로구역의 결정을 하도록 하였으나, 앞으로는 도로노선계획의 고시가 있는 때에 도로구역의 결정을 하도록 함(안 제25조제1항).']",건설교통위원회,"['오세훈', '권기술', '김락기', '김문수', '김부겸', '김성조', '김영춘', '남경필', '박인상', '박혁규', '심규철', '심재철', '안경률', '안상수', '윤한도', '이성헌', '이호웅', '전재희', '정병국', '조한천', '한명숙']"
160601,  농어업재해대책법중개정법률안(송석찬의원등 21인),2001-01-15,의원,2001-02-28,대안반영폐기,제16대 (2000~2004) 제217회,"['■ 제안이유 및 주요내용지금까지 자연재해에 대한 정부의 보조 및 지원은 유실？매몰된 농경지 또는 파손된 시설물 등에만 한정되고 농작물에 대한 피해대책이 없어 농가의 어려움이 많았는바, 유실되었거나 쓰러진 농작물에 대하여도 그 피해액을 지원할 수 있도록 그 근거를 마련하고자 하는 것임.']",농림해양수산위원회,"['송석찬', '강성구', '권기술', '김용갑', '김원웅', '문석호', '박주선', '배기선', '송광호', '심규섭', '원철희', '유재규', '윤경식', '이강래', '이인기', '이인제', '이정일', '전용학', '정병국', '정세균', '한화갑']"
160599,  정치비자금의혹사건진상규명을위한특별검사의임명등에관한법률안(목요상의원등 10인 외 123인),2001-01-11,의원,2004-05-29,임기만료폐기,제16대 (2000~2004) 제217회,"['■ 제안이유안기부 비자금의혹사건을 계기로 야기된 정치비자금이 국정혼란의 요인이 됨에 따라 차제에 지금까지 미궁에 빠져있는 1992년 김대중 민주당 총재의 20억＋α수수사건, 1997년 대통령 선거시 제기되었으나 민란이 우려된다하여 중단한 김대중 새정치국민회의 대통령 후보의 670억＋α수수사건, 천용택 전국가정보원원장의 발언으로 밝혀진 김대중 새정치국민회의 총재의 재벌제공 대선자금 수수사건, 4.13총선이후 제기된 새천년민주당 및 한나라당의 총선자금 의혹사건, 2001년 1월에 제기된 안기부 비자금 의혹사건에 대하여 특별검사로 하여금 중립적이고 공정한 수사를 하도록 하여 철저히 그 진상을 규명함으로써 이들 사건을 둘러싼 국민적 의혹을 불식하고자 함.■ 주요내용가. 이 법은 국민적 의혹이 짙은 5대 정치비자금 의혹사건의 진상규명을 위하여 독립적인 지위를 갖는 특별검사의 임명과 직무 기타 필요한 사항을 규정함을 목적으로 함(안 제1조).나. 특별검사의 수사대상은 1992년 김대중 민주당 총재의 20억＋α수수사건, 1997년 대통령 선거시 제기된 새정치국민회의 김대중 대통령 후보의 670억＋α비자금 의혹사건, 천용택 전국가정보원장의 발언으로 밝혀진 김대중 새정치국민회의 총재의 재벌제공 대선자금 수수사건, 4.13총선이후 제기된 새천년민주당 및 한나라당의 총선자금 의혹사건, 2001년 1월에 제기된 안기부비자금 의혹사건으로 한함(안 제2조).다. 국회의장은 이 법 시행일부터 2일이내에 각 교섭단체 대표의원과의 협의를 거쳐 특별검사를 임명할 것을 대통령에게 서면으로 요청하고, 대통령은 요청서를 받은날부터 3일이내에 특별검사를 임명하기 위한 후보자 추천을 대한변호사협회에 서면으로 의뢰하며, 대한변호사협회는 의뢰서를 받은날부터 7일이내에 10년이상 법원조직법 제42조제1항제1호의 직에 있던 변호사중에서 2인의 특별검사후보자를 대통령에게 서면으로 추천하여야 하고, 대통령은 특별검사후보자추천서를 받은 때에는 추천서를 받은 날부터 3일이내에 추천후보자중에서 1인을 특별검사로 임명함(안 제3조).라. 특별검사는 정치적으로 중립을 지키고 독립하여 그 직무를 수행하도록 함(안 제5조).마. 특별검사는 나항 사건과 관련된 수사와 공소제기 여부의 결정 및 공소유지를 담당하며, 그 직무를 수행함에 있어서 필요한 경우에는 대검찰청, 경찰청등 관계기관의 장에게 나항의 사건과 관련된 사건의 수사기록 및 증거 등 자료의 제출, 수사활동의 지원등 수사협조를 요청할 수 있으며, 그 직무를 수행함에 있어서 필요한 경우에는 대검찰청, 경찰청등 관계기관의 장에게 소속공무원의 파견근무와 이에 관련되는 지원을 요청할 수 있도록 함(안 제6조).바. 특별검사는 7년이상 법원조직법 제42조제1항제1호의 직에 있던 변호사중에서 10인의 특별검사보후보자를 선정하여 대통령에게 특별검사보로 임명할 것을 요청할 수 있고, 대통령은 3일이내에 그 후보자중에서 5인을 특별검사보로 임명함. 특별검사는 그 직무를 수행함에 있어서 필요한 경우에는 나항 각호의 사건마다 10인이내의 특별수사관을 임명할 수 있음(안 제7조).사. 특별검사는 임명된 날부터 10일동안 수사에 필요한 시설의 확보, 특별검사보의 임명요청등 직무수행에 필요한 준비를 하고, 위 준비기간이 만료된 날의 다음날부터 6개월 이내에 나항 사건에 대한 수사를 완료하고 공소제기여부를 결정하여야 함. 그러나 특별검사가 위 기간내에 수사를 완료하지 못하거나 공소제기여부를 제출하기 어려운 경우에는 대통령에게 그 사유를 보고하고 대통령의 승인을 얻어 1회에 한하여 수사기간을 3개월 연장할 수 있도록 함(안 제9조).아. 특별검사는 정당한 사유가 없는 한 퇴직할 수 없도록 함(안 제13조).자. 위계 또는 위력으로써 특별검사등의 직무수행을 방해한 자는 5년 이하의 징역 또는 5천만원이하의 벌금에 처함(안 제18조).']",법제사법위원회,"['목요상', '김기배', '김용균', '박헌기', '윤경식', '이주영', '정인봉', '정창화', '최병국', '최연희', '김광원', '김기춘', '김덕룡', '김동욱', '김락기', '김만제', '김무성', '김문수', '김부겸', '김성조', '김영구', '김영일', '김영춘', '김용갑', '김용학', '김원웅', '김일윤', '김정숙', '김종하', '김진재', '김찬우', '김태호', '김학송', '김형오', '김호일', '김홍신', '나오연', '남경필', '도종이', '맹형규', '민봉기', '박관용', '박근혜', '박명환', '박세환', '박승국', '박시균', '박원홍', '박재욱', '박종근', '박종웅', '박종희', '박주천', '박창달', '박혁규', '박희태', '백승홍', '서상섭', '서정화', '서청원', '손태인', '손학규', '손희정', '신경식', '신영국', '신영균', '신현태', '심규철', '심재철', '안경률', '안상수', '안영근', '안택수', '엄호성', '오세훈', '원희룡', '유성근', '유흥수', '윤두환', '윤여준', '윤영탁', '윤한도', '이강두', '이규택', '이방호', '이병석', '이부영', '이상득', '이상배', '이상희', '이성헌', '이연숙', '이원창', '이원형', '이윤성', '이인기', '이재오', '이재창', '이한구', '이해봉', '이회창', '임인배', '임진출', '임태희', '전용원', '전재희', '정문화', '정병국', '정의화', '정재문', '정형근', '조웅규', '조정무', '주진우', '최돈웅', '최병렬', '하순봉', '허태열', '현경대', '현승일', '홍사덕', '황승민', '황우여']"
160596,  보건의료기술진흥법중개정법률안(김홍신의원등 20인),2001-01-08,의원,2001-04-26,대안반영폐기,제16대 (2000~2004) 제216회,"['■ 제안이유 및 주요내용보건복지부장관은 연구개발사업으로 연도별？분야별 연구과제를 선정하여 국？공립연구기관이나 대학 또는 민간연구기관등과 협약을 맺어 연구하게 할 수 있는바, 특정 기관이나 단체에만 출연금을 지급하지 아니하도록 규정하고자 함.']",보건복지위원회,"['김홍신', '고진부', '김명섭', '김부겸', '김성순', '김영춘', '김원기', '김원웅', '김찬우', '서상섭', '안영근', '오세훈', '윤여준', '이부영', '이성헌', '이원형', '이재정', '임종석', '전재희', '정병국']"
160595,  자원의절약과재활용촉진에관한법률중개정법률안(전재희의원등 13인 외 28인),2001-01-04,의원,2001-12-21,대안반영폐기,제16대 (2000~2004) 제216회,['■ 제안이유 및 주요내용자원의 재활용은 폐기물 발생을 억제하고 자원을 효율적으로 이용하도록 함으로써 환경보전과 지속가능한 경제발전에 기여하는 바가 매우 큼.재활용이 제도적으로 정착되려면 재활용산업이 활성화되어야 하고 이를 위해서는 재활용제품에 대한 시장형성이 필수적인 요소임.그러나 재활용의 중요성에 비해 우리나라의 재활용 산업 기반은 매우 취약하며 인식부족과 제도적 미비로 인해 재활용 제품 소비가 매우 미약한 실정임.제품가격에 환경가치가 제대로 반영되어 있지 않는 현실에서 친환경제품에 대한 구매를 시장논리에만 의해서만 접근하는 것은 한계가 있기 때문에 이에 대한 정책적 지원을 통해 소비를 촉진할 필요가 있음.현행 법률에서 재활용제품 구매 및 사용의 촉진을 위해 우선구매제도를 두고 있으나 법적 구속력이 없는 권장사항으로서 실효성이 희박하여 공공기관에서조차 구매를 기피하거나 거부하는 실정임.따라서 공공기관부터 적극적으로 재활용제품을 구매하게 함으로써 재활용제품에 대한 소비를 촉진하고 재활용 산업육성 및 환경보전에 기여하도록 개선하려는 것임.'],환경노동위원회,"['전재희', '김덕룡', '김명섭', '김홍신', '안영근', '오세훈', '유흥수', '이부영', '이재창', '정병국', '정형근', '조웅규', '주진우', '심재철', '안경률', '안상수', '이연숙', '이재오', '이주영', '정재문', '최병렬', '최연희', '최영희', '하순봉', '한명숙', '현경대', '현승일', '홍사덕']"
160594,  고용정책기본법중개정법률안,2001-01-03,정부,2003-12-09,대안반영폐기,제16대 (2000~2004) 제216회,"['제안이유？？？？행정규제기본법에 의한 규제정비계획에 따라 대규모 고용인원 변동시의 사업주 신고제도를 폐지하여 사업주에 대한 규제를 완화하고, 정규직 근로자를 비정규직 근로자 등으로 대체하여 채용하는 고용추세에 따라 국가는 이들 비정규직 근로자를 위한 고용정책을 수립·시행하도록 하며,그 밖에 중소기업의 인력난 완화를 위한 대책을 수립하도록 하는 등 현행 제도의 운영과정에서 나타난 일부 미비점을 개선·보완하려는 것임.주요골자？？？？가. 국가는 고용구조의 변화에 따라 발생하는 일용근로자 및 파견근로자 등의 고용안정을 위하여 그들의 특성에 적합한 고용정보의 제공과 직업상담을 하며, 직업능력 개발기회를 확대하기 위하여 필요한 조치 등을 취하도록 함(안 제16조의2 신설).나. 국가는 중소기업의 인력난을 완화하기 위하여 필요한 경우에는 외국인력의 활용을 위한 대책을 수립·시행하도록 함(안 제25조제2항 신설).다. 사업주는 생산설비의 자동화·신설 또는 증설이나 사업규모의 축소·조정 등으로 일정 규모 이상의 고용량 변동이 있는 경우에는 직업안정기관에 신고하도록 하던 신고제를 폐지함(현행 제27조 삭제).']",환경노동위원회,[]
160593,  사회복지사업법중개정법률안,2001-01-03,정부,2003-06-30,대안반영폐기,제16대 (2000~2004) 제216회,"['제안이유？？？？지역사회중심의 사회복지사업을 효율적으로 추진하기 위한 기반을 조성하고, 사회복지서비스의 제공절차를 구체적으로 정하는 한편, 재가복지서비스를 활성화하도록 하는 등 현행 제도의 운영상 나타난 일부 미비점을 개선·보완하려는 것임.주요골자？？？？가. 종전에 시·군·구에 설치되어 있던 사회복지위원회를 폐지하고 그에 갈음하여 시·군·구에 지역사회복지협의체를 설치하도록 하고, 동 협의체는 관할지역안의 사회복지사업에 관한 중요사항과 지역사회복지계획을 심의하도록 함(안 제7조 및 제7조의2).나. 지역사회복지를 효율적으로 실시하기 위하여 시·도지사 및 시장·군수·구청장은 지역보건의료계획과 연계하여 시·도 및 시·군·구 지역사회복지계획을 수립·시행하도록 하고, 보건복지부장관 또는 시·도지사는 시·도 및 시·군·구의 지역사회복지계획의 시행결과를 평가하도록 함(안 제15조의3 및 제15조의6 신설).다. 시장·군수·구청장은 사회복지서비스를 필요로 하는 자에 대하여 개인별 보호계획을 수립하고, 동 보호계획에 따라 사회복지서비스를 제공하도록 함(안 제33조의5 및 제33조의6 신설).라. 사회복지시설을 거주자보호시설·재가복지서비스시설·이용복지시설 및 그 밖의 복지시설로 구분하여 사회복지서비스를 보다 효율적으로 제공하도록 함(안 제34조).마. 사회복지서비스를 필요로 하는 자에게 사회복지서비스를 제공하는 경우 재가복지서비스를 우선하여 제공하도록 하고, 국가 또는 지방자치단체는 재가복지서비스를 담당하는 가정봉사원을 양성하도록 함(안 제41조의2 및 제41조의4 신설).']",보건복지위원회,[]
160592,  옥외광고물등관리법중개정법률안,2000-12-30,정부,2001-06-28,대안반영폐기,제16대 (2000~2004) 제216회,"['제안이유？？？？옥외광고물관리의 합리적 규제를 통하여 건전한 옥외광고문화의 창달을 도모하고, 옥외광고물의 난립에 따른 미풍양속과 자연경관 및 생활환경의 파괴를 사전에 방지함으로써 도시미관 및 국민 개개인의 삶의 질 향상에 기여할 수 있도록 하며, 종전에 시·도지사가 관장하던 옥외광고물 관리업무를 시·군·자치구의 사무로 이관하는 한편, 현행 제도의 운영상 나타난 일부 미비점을 개선·보완하려는 것임.주요골자？？？？가. 불법광고물의 난립을 방지하기 위하여 옥외광고업의 범위에 광고물의 제작·대행업 등이 포함되도록 함(안 제2조제3호).나. 종전에 시·도지사가 관장하던 옥외광고물 관리업무를 시·군·자치구의 사무로 이관함(안 제3조제1항).다. 불법광고물에 대한 조치대상에 토지·건물 등의 소유·관리자를 포함하도록 함으로써 제재조치의 실효성이 확보될 수 있도록 함(안 제10조).라. 난립하고 있는 불법광고물에 대한 제재를 강화하기 위하여 위반행위에 대한 벌금 및 과태료의 상한액을 각각 상향조정함(안 제18조 및 제20조제1항).마. 불법광고물에 대한 조치명령을 이행하지 아니한 광고물 관리자에 대하여 대통령령이 정하는 바에 의하여 500만원 이하의 이행강제금을 1년에 2회의 범위안에서 당해 조치명령이 이행될 때까지 반복하여 부과할 수 있도록 하여 불법광고물에 대한 자진철거를 유도하고 제재조치의 실효성을 확보하도록 함(안 제20조의2 신설).']",행정자치위원회,[]
160591,  호적법중개정법률안(김원웅의원등 22인),2000-12-30,의원,2001-02-28,원안가결,제16대 (2000~2004) 제216회,"['■ 제안이유 및 주요골자남·북기본합의서 체결 등으로 남과 북이 화해와 협력의 관계로 나아가고 있으며, 통일을 대비하여 북한관련법령이 정비되고 있는 바, 남·북대치상황을 전제로 하는 용어인 ""미수복지구""를 보다 가치중립적인 개념으로 바꾸고자 함.']",법제사법위원회,"['김원웅', '김근태', '김부겸', '김성호', '김영춘', '김호일', '남경필', '문석호', '서상섭', '송석찬', '송영길', '안영근', '오세훈', '이미경', '이부영', '이종걸', '이창복', '이호웅', '임종석', '정범구', '정의화', '조웅규']"
160590,  부재선고등에관한특별조치법중개정법률안(김원웅의원등 20인),2000-12-30,의원,2001-02-28,원안가결,제16대 (2000~2004) 제216회,"['■ 제안이유 및 주요골자남·북기본합의서 체결 등으로 남과 북이 화해와 협력의 관계로 나아가고 있으며, 통일을 대비하여 북한관련법령이 정비되고 있는 바, 남·북대치상황을 전제로 하는 용어인 ""미수복지구""를 보다 가치중립적인 개념으로 용어를 바꾸고자 함.']",법제사법위원회,"['김원웅', '김근태', '김부겸', '김성호', '김호일', '남경필', '문석호', '서상섭', '송석찬', '송영길', '안영근', '오세훈', '이미경', '이부영', '이종걸', '이창복', '이호웅', '임종석', '정범구', '정의화']"
160589,  국유재산법중개정법률안(김원웅의원등 22인),2000-12-30,의원,2001-12-14,원안가결,제16대 (2000~2004) 제216회,"['■ 제안이유남·북기본합의서 체결 등으로 남과 북이 화해와 협력의 관계로 나아가고 있으며, 통일을 대비하여 북한관련법령이 정비되고 있는 바, 남·북대치상황을 전제로 하는 용어인 ""미수복지구""를 보다 가치중립적인 개념인 ""군사분계선 이북지역""으로 용어를 바꾸고자 함.■ 주요골자\'미수복지구\'라는 용어를 \'군사분계선 이북지역\'으로 변경함(안 제55조의2)']",재정경제위원회,"['김원웅', '김근태', '김부겸', '김성호', '김영춘', '김호일', '남경필', '문석호', '서상섭', '송석찬', '송영길', '안영근', '오세훈', '이미경', '이부영', '이종걸', '이창복', '이호웅', '임종석', '정범구', '정의화', '조웅규']"
160588,  기금관리기본법중개정법률안(홍재형의원등 20인 외 95인),2000-12-30,의원,2001-12-21,대안반영폐기,제16대 (2000~2004) 제216회,"['■ 제안이유기금의 투명성？효율성？책임성을 높이고 재정민주화를 달성하고자 일부 금융성기금을 제외한 모든 기금에 대하여 기금관리기본법의 적용을 받도록 하고, 기금운용계획은 국회에 보고하도록 하며, 기금으로 존치할 필요성이 낮고 유사？중복되는 일부 기금은 폐지함.■ 주요내용가. “기금”을 ‘특정한 목적을 위하여 특정한 기간동안 특정한 자금을 운용할 필요가 있을 때에 한하여 법률로 설치한 기금’이라 정의함(안 제2조 및 제2조의2).나. 정부는 기금운용계획에 대해 국회의 소관상임위원회와 예산결산특별위원회에 보고하여야 함 (안 제7조제2항).다. 기금관리주체는 기획예산처장관과의 협의와 국무회의의 심의를 거쳐 변경된 기금운용계획의 내용을 국회의 소관상임위원회와 예산결산특별위원회에 보고하여야 함 (안 제8조제2항).라. 기금관리주체는 감사원의 검사를 거친 기금결산에 대하여 국회의 소관상임위원회와 예산결산특별위원회에 보고하고, 기금의 운용에 있어 국회의 의견을 반영하도록 노력하여야 함 (안 제9조제6항).마. 국회와 정부는 기금설치 목적을 달성 또는 특정한 기한내에 기금설치 목적달성이 불가능하다고 판단될 때와 특별회계와 기금간에 또는 기금간에 유사하거나 중복 설치된 경우에는 정부의 기금정책심의회와 국회의 예산결산특별위원회의 심의를 거쳐 이를 폐지하거나 통합할 수 있음 (안 제12조의2).바. 기금으로 존치할 타당성이 낮고, 유사 중복되는 일부 기금은 폐지함(안 별표).']",국회운영위원회,"['홍재형', '강성구', '강운태', '김근태', '김기재', '김태식', '김택기', '남궁석', '박병윤', '박용호', '배기운', '설송웅', '심규섭', '이정일', '이희규', '임종석', '장영신', '정균환', '정세균', '천정배', '김충조', '김태홍', '김홍일', '김화중', '김효석', '김희선', '문석호', '문희상', '박광태', '박병석', '박상규', '박상천', '박상희', '박인상', '박종우', '박주선', '서영훈', '설훈', '송영길', '송훈석', '신계륜', '신기남', '심재권', '안동선', '원유철', '유삼남', '유용태', '유재건', '유재규', '윤철상', '이강래', '이근진', '이낙연', '이미경', '이상수', '이용삼', '이원성', '이윤수', '이인제', '이재정', '이종걸', '이창복', '이해찬', '이협', '이호웅', '이훈평', '임채정', '장성민', '장성원', '장영달', '장재식', '장정언', '장태완', '전갑길', '전용학', '정대철', '정동영', '정동채', '정범구', '정장선', '정철기', '조성준', '조순형', '조재환', '조한천', '천용택', '최선영', '최영희', '최용규', '최재승', '추미애', '한명숙', '한화갑', '함승희', '허운나']"
160587,  섭외사법개정법률안,2000-12-30,정부,2001-03-08,수정가결,제16대 (2000~2004) 제216회,"['■ 제안이유현행 섭외사법은 1962년에 제정된 이래 현재까지 실질적인 내용의 개정없이 그대로 시행되어 온 결과, 뒤떨어진 법이론에 근거한 준거법 결정방식과 법규정의 불비 등으로 시대적 요구와 국제적 변화에 부응하지 못하고있다는 지적을 받아 온 점을 감안하여, 정보화 혁명 등으로 하나의 지구촌을 형성하여 가는 오늘날 국제사회의변화를 수용하고 국제사법 분야의 현저한 이론적 성과를 적극 반영할 수 있도록 동법을 전면적으로 정비함으로써 국제화시대에서 외국과 관련이 있는 사법적(私法的) 법률문제를 해결하는 기본법으로서의 기능을 효율적으로 수행할 수 있도록 하려는 것임.■ 주요골자1. 법 명칭을 현재 국제적으로 널리 통용되고 있는 국제사법으로 변경함.2. 당사자 또는 분쟁이 된 사안이 대한민국과 실질적 관련이 있는 경우에는 우리 나라 법원이 국제재판관할권을 가지도록 국제재판관할에 관한 일반적인 원칙규정을 마련함(안 제2조).3. 각종 법률관계에 있어서 가장 밀접한 관련이 있는 국가의 법을 그 법률관계의 준거법으로 지정하고, 이 법에 의하여 지정된 준거법 외에 해당 법률관계와 가장 밀접한 관련이 있는 다른 국가의 법이 존재하는 경우에는 그 국가의 법을 적용하도록 하는 예외조항을 둠(안 제3조·제8조·제26조 및 제37조).4. 국제조약 및 선진국 대다수의 입법례에서 사용하고 있는 상거소(常居所, habitual residence) 개념을 주소에 대체하는 새로운 연결점으로 도입하여 상거소지법(常居所地法)을 각종 법률관계의 준거법으로 적용함(안제3조제2항, 제4조, 제37조 내지 제39조, 제41조, 제42조, 제45조, 제46조, 제49조 및 제50조).5. 외국법이 준거법으로 지정된 경우에 법원은 당사자의 입증이 없더라도 그 외국법의 내용을 직권으로 조사·적용하여야 함을 명시함(안 제5조).6. 종전에 아무런 규정이 없던 권리능력, 법인 또는 단체, 임의대리, 운송수단, 이동중의 물건, 채권 등에 대한 약정담보물권, 지적재산권, 채무인수, 법률에 의한 채권의 이전, 준정(準正) 등에 관한 규정을 신설하여법의 미비를 보완함(안 제11조, 제16조, 제18조, 제20조, 제22조 내지 제24조, 제34조, 제35조 및 제42조).7. 사회？경제적 약자인 소비자 및 근로자를 보호할 목적으로 각종 실질법적 내용을 고려하여 준거법 결정 및재판관할에 관한 특칙을 규정함으로써 국제사법적 차원에서 이들에 대한 보호규정을 마련함(안 제27조 및제28조).8. 종전에는 친족 분야에 있어 부(夫) 또는 부(父) 단독의 본국법을 준거법으로 지정하였으나, 앞으로는 부부공통의 본국법이나 상거소지법 등을 준거법으로 지정함으로써 남녀평등의 원칙을 구현함(안 제37조 내지 제40조).■ 위원회 수정사항□ 수정이유 및 주요골자안 제3조제2항에서는 섭외사건의 준거법으로서 당사자가 국적이 없을 때에는 그의 상거소지 국가의 법에 의하고, ""상거소가 없는 때에는"" 그의 거소지 국가의 법에 의하도록 하고 있는 바, 이 경우 ""상거소가 없는 때에는""이라는 표현은 상거소가 확정적으로 없는 경우만을 의미하고 상거소가 있어도 확인할 수 없는 경우는 포함하지 않는 것으로 해석되므로 이를 안 제4조의 표현과의 통일성 및 입법취지에 부합되도록 ""상거소를 알 수 없는때""로 수정하였고, 안 제15조제1항에서는 법률행위를 행한 자와 상대방이 ""동일한 국가안에 있는 경우에"" 그행위자가 그의 본국법에 의하면 무능력자 이더라도 법률행위가 행하여진 국가의 법에 의하여 능력자인 때에는그의 무능력을 주장할 수 없도록 규정하고 있는 바, 이 경우 ""동일한 국가안""에 있다는 표현이 양 당사자의 상거소가 동일한 국가안에 있어야 한다는 것인지 아니면 법률행위 당시에 동일한 국가안에 있어야 한다는 것인지가 불명확하므로 이를 입법취지에 맞게 ""법률행위의 성립 당시 동일한 국가안에 있는 경우""로 수정하도록 하였으며, 안 제26조제1항에서는 당사자가 준거법을 선택하지 아니한 경우에 계약은 가장 밀접한 관련이 있는 국가의 법에 의하도록 규정하고 있는 바, 이 경우 ""가장 밀접한 관련""이라는 표현이 무엇과의 밀접한 관련인지가불명확하므로 이를 ""그 계약과 가장 밀접한 관련""이 있어야 하는 것으로 명확히 하였음.']",법제사법위원회,[]
160586,  상법중개정법률안,2000-12-30,정부,2001-06-28,수정가결,제16대 (2000~2004) 제216회,"['■ 제안이유기업경영의 투명성을 제고하고 국제경쟁력을 강화하기 위하여 주주총회 결의사항을 확대하고 이사회제도를 개선하며 주주의 신주인수권을 강화하는 등 기업지배구조를 개선하고, 지주회사 설립을 위한 주식의 포괄적 교환ㆍ이전제도를 도입하여 기업의 구조조정을 지원하려는 것임.■ 주요골자1. 회사의 주가관리 등의 편의를 위하여 이익배당 한도안에서 정기 주주총회의 특별결의에 의하여 주식을 매수하여 소각할 수 있도록 함(안 제343조의2 신설).2. 지주회사 설립 등을 용이하게 하기 위하여 회사가 주식의 포괄적 교환 또는 이전에 의하여 다른 회사의 발행주식의 전부를 소유할 수 있도록 하는 제도를 도입함으로써 기업의 구조조정을 지원함(안 제360조의2 내지 제360조의23 신설).3. 회사경영의 중요사항에 대한 주주의 의결권을 강화하여 회사 영업의 중요부분을 양도하는 경우 뿐만 아니라회사 영업에 중대한 영향을 미치는 다른 회사의 영업 일부의 양수에 대하여도 주주총회 특별결의를 얻도록함(안 제374조제1항제4호 신설).4. 주식매수청구권 행사시 주식의 매수가액은 회사 또는 주식매수를 청구한 주주간의 협의가 이루어지지 아니한 경우에 종전에는 회계전문가에 의한 산정을 거친후 법원에 매수가액 결정을 청구하도록 하였으나, 앞으로는 곧바로 법원에 대하여 매수가액의 결정을 청구할 수 있도록 함(안 제374조의2제4항 및 제5항).5. 이사회의 활성화를 위하여 이사회 결의사항의 범위를 구체화하고, 이사에게 회사의 업무에 관한 정보접근권을 강화하며, 이사로 하여금 업무집행상황을 3월에 1회 이상 이사회에 보고하도록 함(안 제393조).6. 주주 외의 자에게 신주를 배정하는 경우에는 정관에 의하도록 하되 신기술의 도입, 재무구조의 개선 등 회사의 경영목적상 필요한 경우로 제한함으로써 주주의 신주인수권을 강화함(안 제418조).■ 위원회 수정사항□ 수정이유간이주식교환의 경우 반대주주의 주식매수청구권을 명확히 하는 등 주식교환 및 주식이전제도의 신설에 따른제도를 정비하고, 이사회의 소집권자를 확대하는 한편 주주총회의 소집통지를 전자서면으로 하는등 일부 조문을 수정하고자 하는 것임.□ 수정주요골자1. 간이주식교환의 경우 반대주주의 주식매수청구권을 명확히 규정함(안 제360조의5제2항).2. 주주총회의 소집통지를 전자문서에 의하여도 할수 있도록 하여 주주들이 보다 신속하게 주주총회 소집에 대응할수 있도록 함(제363조제1항).3. 이사회 소집권자로 지정된 이사가 정당한 이유없이 이사회를 소집하지 않을 경우 다른 이사가 이사회를 소집할수 있도록 함(제390조제2항 신설).4. 회사가 수종의 주식을 발행한 경우에 주식교환 및 주식이전으로 인하여 어느 종류의 주주에게 불이익이 발생할 가능성이 있는 때에는 종류주주총회의 의결을 거치도록 함(제436조).5. 이 법 시행당시 법원에 계속중인 대표소송을 제기한 주주가 승소하는 경우에도 소송비용을 회사에 청구할수있도록 함( 안 부칙 제2항 신설).']",법제사법위원회,[]
160585,  여성발전기본법중개정법률안(이연숙의원등 29인 외 9인),2000-12-27,의원,2002-11-07,대안반영폐기,제16대 (2000~2004) 제216회,"['■ 제안이유 및 주요내용정부조직개편에 의해 신설되는 여성부가 여성업무를 전담하는 독립된 하나의 부처이기는 하나 여성관련업무가 모두 이관되지 않고 타부처에서도 집행됨에 따라 다른 부처의 여성정책에 영향을 미치는데 한계가 있는 바, 여성정책을 조정？총괄하는 기능을 수행하기 위한 여성정책조정위원회를 국무총리 소속하에 두며, 국가기관 및 지방자치단체에 여성관련정책을 기획？조정할 수 있는 권한을 가진 여성정책책임관을 설치하려는 것임.']",국회운영위원회,"['이연숙', '강숙자', '고진부', '권기술', '김경천', '김근태', '김기배', '김영구', '김용학', '김원웅', '김정숙', '김호일', '박세환', '박승국', '송광호', '심재철', '안상수', '유재건', '윤경식', '이인기', '이정일', '이주영', '전재희', '정병국', '정인봉', '정창화', '한명숙', '한승수', '홍사덕']"
160582,  근로기준법중개정법률안(이주영의원등 51인),2000-12-26,의원,2004-05-29,임기만료폐기,제16대 (2000~2004) 제216회,"['■ 제안이유많은 기업들이 경쟁력강화와 경영합리화를 위해 구조조정을 활발히 하고 있음. 기업의 구조조정은 사업의 전부나 일부의 양도, 위탁, 임대차, 자산매매 등 다양한 형태로 이루어지고 있으나, 근로관계의 승계 등 고용관계에 기초한 권리？의무의 변동과 관련된 법규상의 미비로 고용승계를 둘러싼 의견대립으로 집단시위, 파업, 장기적인 재판과정을 거치는 등 불필요한 갈등과 소모적 분쟁을 야기하고 있는바, 사업의 합병？분할, 사업의 전부 또는 일부의 양도등으로 사업주의 변경이 있는 경우에 판례와 학설 및 외국 입법례(독일민법 제613조 a, 스위스채무법 제333조, 프랑스노동법 제112-12조, EU지침(77/187/EEC), 일본 의 회사분할에 따르는 노동계약승계 등에 관한 법률)에 맞추어 새로운 사업주에게 근로계약 및 근로조건의 승계를 명문화하여 보장하는 한편, 경영합리화를 위한 구조조정의 필요에 따른 인원정리는 현행 근로기준법상 정리해고의 규정이 있으므로 그 요건과 절차에 따라 하도록 함으로써, 종래의 갈등과 소모적 분쟁을 예방하고자 함.■ 주요내용가. 사업, 사업장 또는 사업장 일부의 양도, 합병, 혹은 사업등의 위탁, 임대차에 의하여 사업주가 변경된 경우에도 근로관계는 포괄적으로 승계되며, 자산매각 등 계약의 형식을 달리 하더라도 사실상 사업의 이전에 해당하는 경우에는 근로관계가 포괄적으로 승계된 것으로 보도록 함(안 제29조의2제1항).나. 사업양도 등으로 인하여 사업주의 변경이 있는 경우, 단체협약, 취업규칙, 노사의 임의적 합의나 노사협의회의 의결사항은 사업양도후에도 새로운 단체협약 등에 의해서 대체될 때까지 효력을 갖도록 하고, 내용이 서로 다른 수개의 단체협약 등이 승계되는 경우에도 새로운 단체협약 등이 체결되지 아니한 경우에는 사업양도후 1년까지 그 효력을 인정하도록 함(안 제29조의2제2항).다. 사용자는 사업 등의 양도가 있는 경우, 적어도 2개월 이전에 사업양도의 사유 및 사업양도로 발생할 수 있는 근로자의 법적지위에 대한 정보를 제공해야 하고, 당해 노동조합 또는 노동조합이 없는 경우에는 근로자대표와 성실히 협의하도록 함(안 제29조의2제3항).라. 근로관계의 승계전에 성립하고 승계후 1년이 경과하기 전에 이행기에 도달한 채무에 대하여 양도인과 양수인은 연대하여 책임을 지도록 함(안 제29조의2제4항).마. 제29조의2제1항과 제2항의 규정에 반하여 근로관계의 포괄승계를 거부하거나 단체협약등의 효력지속을 거부한 자에 대하여 벌칙을 규정함(안 제113조제4호).']",환경노동위원회,"['이주영', '강신성일', '강창성', '권기술', '김광원', '김락기', '김문수', '김부겸', '김성조', '김용학', '김원웅', '김정숙', '김종하', '김학송', '김호일', '맹형규', '박승국', '박원홍', '박인상', '박주선', '박헌기', '박혁규', '박희태', '배기선', '신현태', '심규철', '안대륜', '안영근', '안택수', '엄호성', '오세훈', '유재규', '윤경식', '윤여준', '윤영탁', '이낙연', '이상희', '이원형', '이인기', '이재오', '이종걸', '이훈평', '임인배', '정병국', '정인봉', '조순형', '조재환', '최병국', '최연희', '함승희', '황승민']"
160581,  기금관리기본법중개정법률안(김학원의원등 16인 외 25인),2000-12-26,의원,2001-12-21,대안반영폐기,제16대 (2000~2004) 제216회,"['■ 제안이유정부의 방만한 기금운용 행태를 규제하고 재정건전화를 도모하기 위한 것임.■ 주요내용가. 기타기금을 공공기금화하여 기금운용에 대한 규제를 강화하고자 함(안 별표 1).나. 기금관리주체는 기금결산에 대하여 국회 소관상임위원회의 예비심사를 거쳐, 예산결산특별위원회의 의결을 얻어야 함(안 제9조제6항).']",국회운영위원회,"['김학원', '강창희', '김종필', '김종호', '송광호', '안대륜', '오장섭', '원철희', '이양희', '이완구', '이재선', '정우택', '정진석', '조부영', '조희욱', '함석재', '이상배', '이재오', '전용학', '정문화', '정세균', '정의화', '천정배', '최병국', '허태열']"
160580,  헌법재판소법중개정법률안(김학원의원등 16인 외 34인),2000-12-26,의원,2003-02-26,대안반영폐기,제16대 (2000~2004) 제216회,"['■ 제안이유헌법소원제도는 국가의 공권력의 남용으로부터 헌법상 보장된 국민의 자유와 권리를 보호하는 헌법재판제도이기 때문에 통치권의 기본권기속성을 실현시킬 수 있는 가장 실효성 있는 권력통제장치이므로 이에 대한 심판청구는 개인간의 쟁송과는 달리 공익성이 강한 데도 불구하고 그 심판청구기간이 행정소송의 제소기간보다도 오히려 단기간이어서 국민의 기본권구제나 헌법질서의 유지와 보장이 미흡하였고, 변호사강제주의를 채택하여 소송경제적 취지를 살리고 있다 하더라도 국선대리인의 선임요건을 무자력인 경우만을 인정함으로써 공익적 소송으로서의 한계를 나타내고 있는 바, 우선 그 심판청구기간을 늘리고 국선대리인의 선임요건으로 무자력 이외에 공익상요건을 추가함으로써 헌법소원의 심판을 받을 권리를 실질적으로 보장하고자 함.■ 주요내용가. 헌법소원의 심판청구기간을 그 사유가 있음을 안 날부터 90일 이내로 하고, 그 사유가 있은 날부터 1년 이내로 함(안 제69조제1항).나. 법률의 위헌여부심판의 제청신청이 기각된 경우에 제기하는 헌법소원의 경우에는 제청신청이 기각된 날부터 30일 이내에 청구하여야 함(안 제69조제2항).다. 법률에 대한 헌법소원에 대하여는 심판청구기간의 제한을 두지 아니함(안 제69조제3항 신설).라. 헌법소원심판의 경우 국선대리인 선임요건에 공익상 필요하다고 인정할 경우를 추가함(안 제70조제2항 신설).']",법제사법위원회,"['김학원', '김광원', '김영구', '김찬우', '김태호', '박승국', '박헌기', '안영근', '엄호성', '윤경식', '윤두환', '이원창', '이인기', '이주영', '최병국', '함승희', '서청원', '송영길', '신경식', '원유철', '이상배', '이완구', '이재선', '이재오', '전용학', '정문화', '정세균', '정인봉', '정진석', '조희욱', '천정배', '최연희', '함석재', '허태열']"
160579,  공무원연금법중개정법률안(대안),2000-12-23,위원장,2000-12-23,원안가결,제16대 (2000~2004) 제216회,"['■ 제안경위1. 제213회국회(임시회) 제1차위원회(2000.7.7)에서 법안심사소위원회를 구성함2. 제216회국회(임시회) 제2차법안심사소위원회(2000.12.18)에서 2000년11월6일 정부가 제출한 公務員年金法中改正法律案과2000년12월6일 민봉기의원이 발의한 公務員年金法中改正法律案을 심사한 결과 2개의 법률안을각각 본회의에 부의하지 아니하기로 하고 그 내용을 통합·보완하여 위원회대안으로 제안하기로 함.3. 제216회국회(임시회) 제3차위원회(2000.12.19)는 법안심사소위원회의 심사결과를 받아들여 公務員年金法中改正法律案을 위원회대안으로 심사ㆍ의결함.■ 제안이유연금제도의 성숙에 따른 연금수급자의 증가와 정년단축·인력감축 등 정부구조조정으로 인한 퇴직자의 급증으로 공무원연금재정이 악화되고 있으므로 일부 불합리한 연금제도를 개선하면서 정부와 공무원의 비용부담률을상향조정하여 장기적으로 연금재정의 안정을 도모하는 한편, 기타 현행 제도의 운영상 나타난 일부 미비점을개선·보완하려는 것임.■ 주요골자1. 퇴직연금·조기퇴직연금 및 유족연금의 산정기준을 퇴직직전의 보수월액에서 최종 3년간 평균보수월액으로변경함(안 제3조제1항제5호 및 제27조제3항).2. 공무원의 임용전 군의무복무기간에 대하여 당연히 기여금을 납부하고 재직기간에 산입하게 하던 것을 본인이 원하는 바에 따라 산입하도록 함(안 제23조제3항 및 제24조의2 신설).3. 공무상요양비의 지급범위를 확대하여 화상 등 특수한 치료가 필요한 경우에도 요양비를 지급할 수 있도록함(안 제39조).4. 연금액의 조정을 재직자 보수기준으로 하던 것을 전국소비자물가변동률을 기준으로 조정하고, 공무원보수변동률·전국소비자물가변동률 등을 고려하여 5년마다 조정하되 최초 조정은 3년후 실시하도록 함(안 제43조의2 및 부칙 제9조제2항)5. 1995년 12월 31일 이전에 임용된 공무원에 대하여는 연금지급개시연령을 50세부터 2년에 1세씩 인상하여 60세(법령에 의한 정년 또는 근무상한연령이 60세 미만인 경우에는 당해 정년 또는 근무상한연령)로 하고, 법령에서 정한 계급정년에 도달하여 퇴직한 경우에는 당해 계급정년에 도달한 때, 직제와 정원의 개폐 또는예산의 감소 등으로 폐직 또는 과원이 되어 퇴직하는 경우에는 퇴직한 때, 대통령령이 정하는 폐질상태에해당하는 경우에는 폐질상태로 된 때부터 연금을 지급하며, 2001년 1월 1일 현재 재직기간이 20년 이상인공무원에 대하여는 퇴직한 때부터 퇴직연금을 지급받을 수 있도록 하고, 이 법 시행당시 재직기간이 20년미만인 공무원은 20년이 된 후 20년에 미달하였던 기간 이상을 재직하고 퇴직한 때에는 그 때부터 퇴직연금을 지급받을 수 있도록 함(안 제46조제1항·제2항 및 부칙 제10조).6. 연금수급자가 공공의 직에 재취업시에만 연금을 감액지급하던 것을 이자소득·배당소득·부동산임대소득 그밖에 대통령령이 정하는 소득 외의 소득이 있는 때에도 연금액의 1/2범위내에서 감액지급하되, 소득파악 등을 고려하여 5년의 범위내에서 대통령령이 정하는 날부터 시행하도록 함(안 제47조 및 부칙 제1조 단서).7. 재직기간이 5년 미만인 자의 퇴직일시금은 보수월액에 재직연수를 곱한 금액으로 하던 것을 보수월액에 재직연수를 곱한 금액의 100분의 120에 상당하는 금액으로 인상함(안 제48조제2항).8. 기여금 및 연금부담금의 금액을 보수월액 및 보수예산의 1,000분의 75의 범위안에서 정하던 것을 각각1,000분의 85의 범위안에서 정할 수 있도록 상향조정함으로써 연금재정의 건전화를 도모하도록 함(안 제66조제2항 및 제69조제1항).9. 퇴직급여 및 유족급여(장해연금에서 승계된 유족연금 및 유족보상금을 제외한다)에 소요되는 비용을 기여금및 연금부담금으로 충당할 수 없는 경우에는 그 부족한 금액을 국가 또는 지방자치단체에서 보전하도록 함(안 제69조제1항 단서).10. 국가 및 지방자치단체는 공무원연금재정의 안정을 위하여 예산의 범위안에서 책임준비금을 연금기금에 적립하도록 함. (안 제69조의2 신설)11. 재해보상급여(공무상요양비·공무상요양일시금·장해급여·유족보상금)의 결정 및 지급업무를 종전의 공무원연금관리공단 및 지방자치단체에서 공무원연금관리공단으로 일원화하되, 2002년 1월 1일부터 시행함(안제26조제1항·제69조의3 및 부칙 제1조 단서).12. 대여장학금의 대부대상을 공무원의 자녀에서 본인까지 확대함(안 제72조).13. 공무원연금제도에 관한 사항, 공무원연금재정계산에 관한 사항등을 심의하기 위하여 행정자치부에 15인 이상 20인 이내의 위원으로 구성하는 공무원연금운영위원회를 둠(안 제75조)14. 정년단축에 따라 정년 또는 근무상한연령까지 근무하여도 재직기간이 연금을 받을 수 있는 20년에 미달하는 공무원에게는 2001년 12월 31일까지 재직기간합산을 신청할 수 있도록 함(안 부칙 제5조).']",행정자치위원회,[]
160578,  도로교통법중개정법률안(대안),2000-12-22,위원장,2000-12-22,원안가결,제16대 (2000~2004) 제216회,"['■ 제안경위1. 2000년 11월 13일 정부로부터 제출된 도로교통법중개정법률안과 동년 11월 23일 이연숙의원등 26인외 9인이발의한 도로교통법중개정법률안을 함께 심사한 결과, 2건의 개정법률안을 각각 폐기하고 그 내용을 하나의법률안으로 입안하여 위원회대안을 제안하기로 합의함2. 제216회국회(임시회) 제3차행정자치위원회(2000. 12. 19)에 서 법안심사소위원회 위원장의 심사보고를 듣고 소위원회 의 심사결과를 받아들여 이들 2건의 개정법률안은 본회의에 부의하지 아니하기로 하고 위원회대안으로 제안하기로 의결함.■ 제안이유학원의설립·운영에관한법률에 있는 자동차운전학원관련 규정을 도로교통법으로 이관하고, 상습적인 주취운전을 근절하기 위하여 3회 이상 주취운전으로 단속된 경우에는 운전면허 정지사유에 해당하더라도 운전면허를취소하며, 도로여건상 횡단보도가 설치되어 있지 않은 도로를 횡단하여야 하는 보행자를 보호하기 위하여 운전자가 일시정지하도록 하였음.또한 교통사고 위험을 방지하기 위하여 운전중 휴대용 전화의 사용을 금지하고, 최근 급속히 보급되고 있는 키보드등 놀이기구를 어린이가 도로에서 탈 때 안전장구를 착용하도록 어린이 보호자에게 의무화하는 등 현행 제도의 운영상 나타난 일부 미비점을 개선·보완하려는 것임.■ 주요골자1. 최근 급속히 보급되고 있는 킥보드 등의 놀이기구로 인한 어린이의 교통사고를 예방하기 위해 어린이가 도로에서 놀이기구를 탈 때 안전장구를 착용하도록 어린이 보호자에게 의무를 부과 함(안 제11조제3항)2. 제10조제3항의 규정에 의하여 보행자가 도로를 횡단하고 있는 때에는 안전거리를 두고 일시정지하여 보행자가 안전하게 횡단하도록 함.(안 제24조제5항)3. 운전중 휴대용 전화 사용으로 인한 교통사고 위험이 증대됨에 따라 이를 방지하기 위하여 자동차가 정지하고 있는 경우, 긴급자동차를 운전하는 경우, 재해신고 등 긴급을 요하는 경우 및 대통령령이 정하는 바에의하여 안전에 장애를 주지 아니하는 장치를 이용하는 경우 외에는 운전중 휴대용 전화 사용을 금지하도록함(안 제48조제1항제11호 신설).4. 상습 주취운전을 방지하기 위하여 3회 이상 주취운전 등으로 단속된 경우에는 혈중알코올농도가 운전면허정지사유에 해당하더라도 운전면허를 취소하도록 하고, 운전면허 재취득금지기간을 1년에서 2년으로 연장함(안 제70조제2항제5호 및 제78조제1항제14호).5. 학원의설립?운영에관한법률에 규정된 자동차운전학원관련 규정을 도로교통법으로 이관함(안 제70조의2 내지제70조의11·제71조의15 및 제71조의17 신설).6. 자동차운전전문학원 학감이 학사관리를 충실히 수행할 수 있도록 하기 위하여 학감의 정년제를 신설하고,학감·기능검정원 및 강사의 연령요건을 조정함(안 제71조의3제1호·제71조의4제3항제1호 및 제71조의5제3항제1호).7. 운전면허시험장 주변에서 단시간에 실시되는 불법운전교육 등을 방지하기 위하여 학원으로 등록하지 아니한사람은 대가를 받고 자동차운전교육을 할 수 없도록 함(안 제71조의16 및 제107조의2제5호).8. 제2종 운전면허증 갱신기간을 7년에서 9년으로 연장하여 국민의 편의를 도모하고, 갱신기간내에 면허증을갱신하지 아니한 경우에 부과되던 범칙금을 과태료로 전환함(안 제74조제4항·제113조제7호 및 제115조의2제2항).']",행정자치위원회,[]
160577,  예금자보호법중개정법률안(대안),2000-12-22,위원장,2000-12-22,원안가결,제16대 (2000~2004) 제216회,"['■ 제안경위1. 2000년 11월 23일 정부가 제출한 예금자보호법중개정법률안과 2000년 10월 17일 김만제의원등 11인외 찬성자 122인으로부터 발의된 예금자보호법중개정법률안, 2000년 11월 21일 홍재형의원등 30인외 찬성자 1인으로부터 발의된 예금자보호법중개정법률안을 제216회국회(임시회) 제2차 위원회(2000. 12. 18)에 상정하고법률안등심사소위원회를 구성하여 심사함.2. 동 소위원회의 심사결과를 받아들여 제216회국회(임시회) 제 차위원회(2000. 12. 19)에서 정부안 및 2건의의원발의안을 모두 본회의에 부의하지 않기로 하고, 이를 통합·조정한 단일안을 마련하여 위원회 대안으로제안하기로 함.■ 제안이유예금보험공사가 부실금융기관에 지원한 자금을 원활히 회수하고 금융부실의 재발을 방지하기 위하여 예금보험공사의 공적자금 회수 및 부실예방기능을 강화하는 한편, 현행 제도의 운영상 나타난 일부 미비점을 개선·보완하며, 공적자금관리특별법의 제정에 따라 관련 조문을 정비하려는 것임.■ 주요골자1. 예금보험공사가 부실 또는 부실우려금융기관 결정을 위하여 부보금융기관 및 그 지주회사 등에 대하여 업무및 재산상황에 관한 자료제출요구 및 조사를 할 수 있도록 하고, 조사결과 보험사고의 위험이 있다고 판단되는 경우 금융감독위원회에 적절한 조치를 취하여 줄 것을 요청할 수 있도록 함(안 제21조).2. 예금보험공사가 부실금융기관등의 부실관련자에 대하여 손해배상청구를 하거나 이를 위한 업무 및 재산상황을 조사함에 있어서 부실관련자의 범위에 당해 부실금융기관등에 대하여 채무를 이행하지 아니한 채무자가포함됨을 명확히 함(안 제21조의2).3. 부보금융기관의 보험사고를 예방하기 위하여 대통령령이 정하는 부보금융기관의 경우에는 예금보험공사가당해 부보금융기관의 임·직원의 채무불이행 또는 불법행위로 인한 손해를 보전하기 위한 배상책임보험에가입할 것을 요구할 수 있도록 하고, 부보금융기관이 가입요구에 응하지 아니한 대에는 예금보험공사가 당해 부보금융기관을 대리하여 보험가입계약을 체결할 수 있도록 함(안 제35조의9 신설).']",재정경제위원회,[]
160576,  자동차교통관리개선특별회계법중개정법률안(이재선의원등 3인 외 44인),2000-12-22,의원,2001-12-20,수정가결,제16대 (2000~2004) 제216회,"['■ 제안이유 및 주요골자1990년대 이후 자동차 보유대수가 급속히 증가하여 1997년에 이미 1,000만대를 넘어섰고 2010년에는 2,000만대를 기록할 것으로 예측되고 있으나, 교통안전시설의 증가가 자동차 증가를 따르지 못하고 있어 빈번한 교통사고로 많은 인명피해 및 재산손실이 발생하고 있는 바, 이러한 교통사고 예방을 위하여 교통법규위반자로부터거두어 일반회계의 세입·세출로 활용하고 있는 2∼3천억원(연간)의 교통범칙금을 특별회계로 전환하여 교통안전시설의 설치·관리 및 교통안전교육을 위하여 사용하려는 것임(안 제4조의2).■ 위원회 수정사항□ 수정이유특별회계의 계정을 구분할 실익이 없으므로 계정을 구분하지 아니하고, 도로구조개선의 대상도로가 명확하지아니하여 이를 일반국도와 지방자치단체의 장이 관리하는 도로로 하며, 교통사고 방지효과가 큰 도로구조개선및 교통안전시설 개선의 용도에 특별회계의 주 세입원인 과태료와 범칙금의 100분의 50 이상을 사용하도록 하는 등 개정안의 미비사항을 보완하려는 것임.□ 수정주요골자1. 회계의 세출예산은 중앙관서의 조직별로 구분할 수 있도록 함(안 제2조제2항).2. 교통사고가 빈발하거나 교통사고 위험이 높은 도로구간 및 도로부속물의 개선 범위를 일반국도와 지방자치단체의 장이 관리하는 도로로 함(안 제4조제1항제3호 및 제4호).3. 도로교통안전관리공단 기금 및 분담금의 폐지에 따라 공단에 출연할 수 있는 근거를 마련함(안 제4조제1항제8호).4. 특별회계의 주 세입원인 과태료와 범칙금을 도로구조개선 및 교통안전시설의 용도에 100분의 50이상을 사용하도록 함(안 제4조제2항).5. 제3조 및 제4조제2항의 개정규정은 2003년 1월 1일부터 시행함(안 부칙).']",행정자치위원회,"['이재선', '원유철', '최병렬', '김근태', '김동욱', '김명섭', '김문수', '김부겸', '김성순', '김옥두', '김원기', '김형오', '김효석', '김희선', '남궁석', '손태인', '심재철', '안대륜', '안영근', '엄호성', '오장섭', '원철희', '원희룡', '윤두환', '이근진', '이상희', '이양희', '이완구', '이용삼', '이원형', '이재오', '이재정', '이희규', '임인배', '임채정', '전갑길', '전재희', '정장선', '정진석', '정형근', '조희욱', '최영희', '함석재', '황승민']"
160575,  유전자변형생물체의국가간이동등에관한법률안,2000-12-22,정부,2001-02-28,수정가결,제16대 (2000~2004) 제216회,"['■ 제안이유최근들어 유전자조작기술의 발달로 다양한 유전자변형생물체가 개발되어 사용됨에 따라 유전자변형생물체로 인한 국민의 건강 등에 미칠 위해를 사전에 방지하기 위하여 국제협약으로 바이오안전성에관한카르타헤나의정서가 채택되었는 바, 우리나라도 이에 가입하기 위하여 유전자변형생물체의 국가간 이동에 관한 사항을 정하는등 동 협약의 시행을 위하여 필요한 사항을 정하려는 것임.■ 주요골자1. 유전자변형생물체를 수입하거나 생산하고자 하는 자는 관계중앙행정기관의 장의 승인을 얻도록 하고, 관계중앙행정기관의 장은 당해 유전자변형생물체의 위해성 등을 심사한 결과 및 당해 유전자변형생물체가 국내생물다양성의 가치에 미칠 사회·경제적 영향을 고려하여 그 승인 여부를 결정하도록 함(안 제8조 및 제12조).2. 관계중앙행정기관의 장은 유전자변형생물체의 수입 또는 생산에 대한 승인기준을 미리 고시하도록 하고, 승인을 함에 있어서도 당해 유전자변형생물체가 인체·환경 등에 미칠 영향에 대한 관련 중앙행정기관의 장의의견과 이에 대한 일반 국민의 의견을 수렴하여 이를 참작하도록 함(안 제13조).3. 국민의 건강과 생물다양성의 보전 및 지속적인 이용에 위해를 미치거나 미칠 우려가 있다고 인정되거나 이러한 변형생물체와 교배하여 생산된 생물체 또는 사회·경제적으로 부정적인 영항을 미치거나 미칠 우려가있다고 인정되는 유전자변형생물체에 대하여는 그 수입 또는 생산을 금지하거나 제한할 수 있도록 함(안 제14조).4. 수입이나 생산승인을 얻은 유전자변형생물체라 하더라도 국민의 건강과 생물다양성의 보전 및 지속적인 이용에 위해를 미치거나 미칠 우려가 있다는 사실이 밝혀진 경우에는 그 승인을 취소할 수 있도록 하고, 당해유전자변형생물체의 소유자에 대하여 이를 폐기 또는 반송 등의 조치를 할 것을 명할 수 있도록 함(안 제17조 및 제19조).5. 유전자변형생물체를 개발하거나 이를 이용한 실험을 하는 연구시설을 설치·운영하고자 하는 자는 관계중앙행정기관의 장의 허가를 받거나 신고를 하도록 함(안 제22조).6. 유전자변형생물체를 개발·생산 또는 수입하는 자는 당해 유전자변형생물체 또는 그 용기나 포장에 유전자변형생물체의 종류 등을 표시하도록 하고, 유전자변형생물체를 취급 또는 관리하는 자는 그 취급관리기준에따라 이를 하도록 함(안 제24조 및 제25조).7. 유전자변형생물체의 수출입 등과 안전관리에 관한 중요사항을 심의하기 위하여 국무총리 소속하에 바이오안전성위원회를 두도록 함(안 제31조).■ 위원회 수정사항□ 수정이유 및 주요골자1. 유전자변형생물체가 국민의 생명과 환경에 미치는 영향이 크므로 그 중요성을 감안하여 벌금형 벌칙을 강화하도록 함(안 제39조 내지 제42조).2. 유전자변형생물체의 정의를 보다 명확히 함(안 제2조).3. 위해가능성이 커서 관계중앙행정기관의 장의 승인을 얻어야 하는 유전자변형생물체의 개발이나 실험에 대하여, 승인후 새로운 사실에 의해 위해성이 밝혀진 경우에 이를 취소할 수 있는 근거를 마련하여 안전관리를강화함(안 제23조제2항).4. 그 밖에 자구와 표현 등 일부 미비점을 수정·보완함(안 제2조, 제4조, 제5조, 제6조, 제8조, 제12조, 제16조, 제17조, 제18조, 제24조, 제26조, 제27조, 제31조, 제33조, 제34조, 제36조, 제37조, 제41조).']",산업자원위원회,[]
160574,  금융실명거래및비밀보장에관한법률중개정법률안(엄호성의원등 23인),2000-12-22,의원,2002-02-28,폐기,제16대 (2000~2004) 제216회,"['■ 제안이유금융거래의 비밀보장의 예외를 규정하고 있는 금융실명거래및비밀보장에관한법률 제4조제1항제3호에서는 국정감사및조사에관한법률에 의한 국정조사에 필요한 자료만을 명시하고 있으므로 국정감사에 필요한 자료제출을 요구하기 위하여 동법을 보완하려고 함. 또한, 금융실명거래 및 비밀보장의 예외사항으로 국정감사및조사에관한법률 제7조에 의한 정부 및 정부투자기관 등 감사대상기관의 금융거래정보를 요구할 수 있도록 하는 조항을 신설하여 정부 및 정부투자기관의 각종 자금운용의 투명성을 제고하려는 것임.■ 주요내용가. 금융거래의 비밀보장에 대한 예외사항으로 국정조사에 필요한 자료뿐만 아니라 국정감사에 필요한 자료를 요구할 수 있도록 함(안 제4조제1항제3호).나. 국정감사및조사에관한법률 제7조에 의한 감사대상기관의 거래정보등의 제공을 금융거래의 비밀보장에 대한 예외사항으로 추가함(안 제4조제1항제6호).']",재정경제위원회,"['엄호성', '강신성일', '김락기', '김성조', '김학송', '박혁규', '신현태', '심규철', '심재철', '오세훈', '원희룡', '유성근', '윤경식', '윤여준', '이병석', '이상희', '이성헌', '이원형', '이주영', '전재희', '정병국', '현승일', '황승민']"
160573,  금융기관부실자산등의효율적처리및한국자산관리공사의설립에관한법률중개정법률안(홍재형의원등 22인),2000-12-22,의원,2001-12-14,수정가결,제16대 (2000~2004) 제216회,"['■ 제안이유금융기관이 보유하는 부실채권을 조기 회수하여 자산건전성을 도모하고 부실금융기관에 지원한 자금을 원활히회수하기 위하여 담보권실행을 위한 경매절차에 있어서의 통지 또는 송달의 특례적용대상에 예금자보호법에 의한 예금보험공사·정리금융기관, 보험사업자 및 여신전문금융회사를 추가하고 현행 제도의 운영상 나타난 일부미비점을 개선·보완하려는 것임.■ 주요골자1. 금융기관중 축산업협동조합중앙회를 삭제함(안제2조제1호아목).2. 담보권실행을 위하여 경매를 하는 경우 예금보험공사·정리금융기관, 보험사업자 및 여신전문금융회사 등에대하여도 한국자산관리공사, 은행, 상호신용금고 등 여타 기관과 동일하게 통지 또는 송달의 특례를 인정하도록 하는 한편, 한국자산관리공사이외의 타기관에 대하여는 동 특례규정을 2년간 한시적으로 적용함(안 제45조의2제1항제4호 내지 제9호 신설 및 부칙 제2항).■ 위원회 수정사항□ 수정이유 및 주요골자1. 담보권실행을 위한 경매절차에 있어서의 통지 또는 송달 특례적용시한을 2004. 12. 31까지 경매신청한 건으로 함.2. 현재 개별법에 의하여 통지 또는 송달 특례규정을 적용받던 상호신용금고와 신용보증기금이 이 법의 적용을받게 됨에 따라 각 개별법에 있는 관련조문을 삭제함.']",재정경제위원회,"['홍재형', '강숙자', '김근태', '김동욱', '김민석', '김일윤', '남궁석', '문석호', '박병윤', '박종근', '박주선', '박주천', '서정화', '심규철', '원철희', '이상득', '이상수', '이정일', '전용학', '정우택', '정의화', '추미애']"
160572,  동학혁명기념사업회법안(김원기의원 외 63인),2000-12-22,의원,2004-05-29,임기만료폐기,제16대 (2000~2004) 제216회,"['■ 제안이유동학혁명은 1894년 우리 농민선열들이 반봉건？반외세의 기치를 들고 전국에서 봉기하여 1년 이상의 기간동안 관군 및 일본군과 계속 싸운 사건으로서, 한국근대사의 출발점이자 근대민족운동의 출발점이라는 학계의 평가를 받고 있는 항일투쟁사에 있어서 최대 규모의 반일항쟁이었음.따라서 이러한 동학혁명을 기념하기 위하여 동학혁명기념사업회를 설립하여 동학혁명의 숭고한 정신을 계승함으로써 민족정신의 고양에 이바지하도록 함.■ 주요내용가. 이 법은 동학혁명기념사업회(이하 “기념사업회”라 한다)를 설립하여 동학혁명의 숭고한 정신을 계승함으로써 민족정신의 고양에 이바지함을 목적으로 함(안 제1조).나. 기념사업회는 법인으로 하며 주된 사무소의 소재지에서 설립등기를 함으로써 성립함(안 제2조 및 제3조).다. 기념사업회는 동학혁명기념관의 건립？운영 등의 사업을 수행함(안 제5조).라. 기념사업회에 회장 1인을 포함한 이사 9인과 감사 1인을 두며,이사는 문화관광부장관이 임면하며 회장은 이사중에서 호선함(안 제6조).마. 기념사업회의 업무에 관한 중요사항을 심의？의결하기 위하여 기념사업회에 이사회를 둠(안 제10조).바. 기념사업회의 업무를 처리하게 하기 위하여 기념사업회에 사무처를 둠(안 제 11조).사. 국가와 지방자치단체는 예산의 범위안에서 기념사업회의 업무수 행에 필요한 경비를 보조할 수 있으며, 기념사업회에 국유재산이 나 공유재산을 무상으로 양여 또는 대부하거나 관리위탁할 수 있 음(안 제12조 및 제13조).아. 문화관광부장관은 기념사업회의 업무를 지도？감독함(안 제19 조).자. 문화관광부장관은 기념사업회 설립위원을 위촉하여 설립에 관한 사무를 담당하게 하며 기념사업회의 경비는 국가가 이를 부담함 (안 부칙 제2조 및 제3조).']",문화관광위원회,"['김원기', '김경천', '김근태', '김민석', '김방림', '김부겸', '김성순', '김성호', '김영진', '김영춘', '김용학', '김운용', '김원길', '김원웅', '김충조', '김태식', '김택기', '김호일', '김홍신', '김효석', '김희선', '남궁석', '문석호', '박광태', '박병석', '박상규', '박인상', '배기운', '송석찬', '신기남', '원유철', '유재건', '이강래', '이근진', '이낙연', '이원형', '이재정', '이정일', '이주영', '이창복', '이협', '이호웅', '임채정', '장성원', '장영달', '장정언', '전갑길', '전재희', '정동영', '정범구', '정세균', '정의화', '정장선', '조성준', '천정배', '최선영', '최영희', '추미애', '한명숙', '한화갑', '황승민']"
160571,  산림법중개정법률안(대안),2000-12-21,위원장,2000-12-21,원안가결,제16대 (2000~2004) 제216회,"['■ 제안경위2000년 10월 13일 정부로부터 산림법중개정법률안이 제출되어 제216회국회(임시회) 제1차 위원회(2000. 12.13)에서 제안설명 검토보고를 듣고 대체토론을 행한 후 법률안심사소위원회에 회부 하였으며,2000년 11월 18일 정장선의원외 19인으로부터 산림법중개정법률안이 발의되어 이를 제216회국회(임시회) 제1차 위원회(2000. 12. 13)에서 제안설명 검토보고를 듣고 대체토론을 행한 후 법률안심사소위원회에 회부하였음.이 두 법률안에 대해 제216회국회(임시회) 제4차 법률안심사소위원회(2000.12.18)에서 심사한 결과 2개 법률안의 내용 일부를 각각 수정한 후 이를 통합하여 위원회 대안을 성안함.제216회국회(임시회) 제3차 위원회(2000.12.18)에서는 소위원회에서 심사보고한 대로 2개 법률안을 통합한위원회 대안을 의결함.■ 제안이유1. 대체조림비 및 전용부담금의 납입조건을 개선함으로서 이의 체납으로 인한 번거로움을 방지하며, 대체조림비 및 전용부담금을 납입하지 아니하고 입목벌채·산림형질변경시 이를 처벌하도록 함.2. 산림에 적합한 임도를 설치하기 위하여 임도설치의 타당성 평가제도(妥當性評價制度)를 도입하고, 산불의예방 및 진화 업무를 효율적으로 추진하기 위하여 산불의 예방 및 진화체계를 개선·보완하는 등 현행 제도의 운영상 나타난 일부 미비점을 개선·보완하려는 것임.■ 주요골자1. 임도를 설치하는 때에는 미리 임도설치의 필요성, 임도노선의 적합성 등을 종합적으로 고려하여 임도설치의타당성 여부를 평가하도록 하여 산림에 적합한 임도가 설치될 수 있도록 함(안 제10조의5 신설).2. 대체조림비 및 전용부담금을 납입하지 아니하고는 산림의 입목벌채·형질변경을 할 수 없도록 하고 분할납입하고자 하는 경우 그 이행을 담보할 수 있는 이행보증금을 예치하도록 함(안 제20조의2제2항).3. 대체조림비를 취급하는 지방자치단체에 대하여 이의 취급 수수료를 지급함으로써 지방재정을 확충하도록 함(안 제20조의2제5항).4. 산림녹화사업을 효율적으로 실시하기 위하여 국유림에 대한 조림대부(造林貸付) 및 분수림설정제도(分收林]設定制度)를 도입하였으나 현재 산림녹화사업이 마무리 되었으므로 국유림에 대한 조림대부 및 분수림설정제도를 폐지함(안 제75조 및 현행 제88조 삭제).5. 산림훼손방지 및 산림의 효과적인 보전과 허가절차의 객관성·투명성 확보를 위하여 산림형질변경 및 채석허가기준을 마련함(안 제90조제8항 및 제90조의2제6항).6. 지방자치단체장 및 지방산림관리청장은 산불조심기간에는 산림청장이 수립·통지한 산불방지종합대책에 따라 관할지역의 소관 산림에 대한 산불방지대책을 수립·실시하도록 하는 등 산불예방체계를 개선·보완함(안 제100조 및 제101조).7. 산불은 시장·군수 또는 지방산림관리청국유림관리소장이 관할구역안에서의 소관 산림에 대한 산불진화에관한 지휘·감독업무를 수행하도록 하되, 대형산불의 경우에는 시·도지사가 산불진화에 관한 통합적인 지휘·감독을 수행하도록 하는 등 산불진화체계를 확립함(안 제102조 신설, 안 제102조의2).8. 대체조림비 및 전용부담금을 납입하지 아니하고 산림의 입목벌채·형질변경시 이를 처벌하도록 함(안 제118조제1항).']",농림해양수산위원회,[]
160570,  축산법중개정법률안(대안),2000-12-21,위원장,2000-12-21,원안가결,제16대 (2000~2004) 제216회,"['■ 제안경위2000년 6월 30일 이강두의원외 25인으로부터 발의된 송아지생산안정에관한법률안과 2000년 9월 23일 장정언의원외 24인으로부터 발의된 축산법중개정법률안 및 정부가 제출한 축산법중개정법률안에 대하여 제216회 국회(임시회) 제1차 위원회(2000.12.13)에 각각 상정하여 제안설명과 전문위원의 검토보고를 들은 후 법률안 심사소위원회에 회부하였음.법률안 심사소위원회는 2000.12.18 제4차 소위원회를 개최하여 심도있는 심사를 거쳐 3개 법률안을 통합하여 위원회 대안으로 제안하기로 함.제216회국회(임시회) 제3차 위원회(2000.12.18)에서는 법률안심사 소위원회에서 심사보고한대로 이상 3개법률안에 대해서 본회의에 부의하지 아니하기로 하고, 동 법률안에 대한 대안을 위원회안으로 제안하기로 의결함.■ 제안이유2001년 생우 및 쇠고기시장의 전면개방과 대형화·표준화되어 가는 대내외적 유통여건 변화에 능동적이고효과적으로 대응할 필요성이 증대되고 있음.따라서, 송아지생산안정제사업 추진을 의무화하는 등 필요한 조치를 강구하고 축산물등급판정업무의 공정성을 확보하는 한편, 축산정책을 자금측면에서 뒷받침하는 축산발전기금의 운영상 나타난 일부 미비점을 개선·보완하여 운용·관리의 효율성을 제고함으로써 적정규모로 한우산업기반의 안정적 유지를 통한 한우산업의 건전한 발전 및 축산업의 안정적 성장을 도모하고자 이 법안을 개정하려는 것임.■ 주요골자1. 송아지생산안정사업을 실효성 있게 추진하기 위하여 사업시행을 의무화하며 사업시행주체를 농업협동조합중앙회에서 농림부장관으로 변경하고, 필요시 생산자단체에 위탁할 수 있도록 함.(안 제26조 및 제43조제5항)2. 송아지생산안정사업 참여농가가 부담하는 금액을 안정자금지급한도액의 100분의 5이내로 제한하고, 국가 또는 지방자치단체가 소요자금의 일부 또는 전부를 지원할 수 있도록 함.(안 제26조)3. 송아지생산안정자금 지급기준가격 등의 심의를 위해 송아지생산안정사업심의위원회를 설치토록 함.(안 제26조의2)4. 축산물등급판정업무의 공정성을 확보하기 위하여 축산물등급판정소를 농업협동조합중앙회로부터 분리하여별도의 법인으로 설립함.(안 제29조)5. 축산발전기금의 효율적인 운용·관리를 위하여 동 기금의 관리주체를 농업협동조합중앙회에서 농림부장관으로 변경하되 기금관리에 대한 전문성 및 축산농가의 이용편의 등을 고려하여 기금운용 및 관리를 농협중앙회로 위탁할 수 있도록 명시함(안 제40조)']",농림해양수산위원회,[]
160569,  농어촌특별세법중개정법률안,2000-12-21,위원장,2000-12-21,원안가결,제16대 (2000~2004) 제216회,"['■ 제안경위2000년 10월 4일 정부로부터 제출된 조세특례제한법중개정법률안 부칙 제39조, 제40조와 2000년 11월 27일 정세균의원 대표발의로 제안된 조세특례제한법중개정법률안 부칙 제7조, 제8조에서 다른 법률의 개정방식으로 농어촌특별세법을 개정하려는 것은 바람직한 입법방식이 아니므로 농어촌특별세법을 위원회안으로 제안키로 한것임.■ 주요골자1. 장기보유 우리사주에 대한 소득세 비과세, 조합 등 출자금등의 이자·배당소득에 대한 비과세와 창업벤처기업의 법인세 등의 감면세액을 농어촌특별세 비과세에 포함시킴.2. 신설 비과세 근로자주식저축에 대하여도 농어촌특별세를 비과세 하려는 것임.']",재정경제위원회,[]
160568,  조세특례제한법중개정법률안(대안),2000-12-21,위원장,2000-12-21,원안가결,제16대 (2000~2004) 제216회,"['■ 제안경위1. 2000. 10. 5 원철희의원 대표발의로 제안된 조세특례제한법중개정법률안, 2000. 10. 24 안택수의원 대표발의로 제안된 조세특례제한법중개정법률안, 2000. 11. 16 이상득의원 대표발의로 제안된 조세특례제한법중개정법률안, 2000. 12. 27 정세균의원 대표발의로 제안된 조세특례제한법중개정법률안 그리고 2000. 10. 2 정부가 제출한 조세특례제한법중개정법률안을 제215회 국회(정기회) 제12차 위원회(2000. 12. 4)와 제216회국회(임시회) 제1차 위원회(2000. 12. 13)에 상정하여 예산안및법안등 심사소위원회에 회부하여 심사함.2. 동 소위원회의 심사결과를 받아들여 제216회 국회(임시회) 제2차 위원회(2000. 12. 18)에서 의원발의안 4건과 정부제출안을 모두 본회의에 부의하지 않기로 하고, 이들 법률안의 내용과 수정된 내용을 담아 위원회안을 제안하기로 함.■ 제안이유악화된 대내외적 경제여건하에서 어려움을 겪고 있는 중소기업, 영세서민 및 농어업인에 대한 지원을 강화하고, 증권시장의 장기안정적인 수요기반 확충을 지원하며, 지방건설경기 활성화와 기업의 구조조정을 지원하고,지식기반경제 및 디지털경제로의 전환을 지원하려는 것 등임.■ 주요골자1. 중소기업에 대한 특별세액감면을 수도권 소기업과 수도권외 지역의 중소기업으로 차등하여 지원을 강화함.(안 제7조)2. 자경농민등에 대한 농지등의 증여·양도에 대한 증여세·양도소득세의 면제와 영농1자녀에 대한 증여세 면제시한을 3년 연장함. (안 법률 제5584호 조세감면규제법개정법률 부칙 제15조, 제16조)3. 조합등의 예탁금에 대한 이자·배당소득세의 비과세 시한을 3년 연장하고 출자금에 대하여는 계속 비과세함.(안 제88조의5, 제89조의3)4. 근로자가 2001년 12월 31일까지 근로자주식저축에 가입하는 경우 5%의 세액공제와 이자·배당소득세를 비과세함.(안 제88조의6)5. 거주자가 비수도권지역에서 2001년 12월 31일까지 신축국민주택을 취득할 경우 5년간 발생한 양도차익에 대한 양도소득세를 면제하도록 함.(안 제99조의3)6. 상장기업 등이 2002년 12월 31일 이전에 주가안정을 목적으로 자기 주식을 취득한 경우 취득가액의 30% 범위내에서 자기주식처분손실준비금을 손금에 산입할 수 있도록 함.(안 제104조의3)7. 중소기업이 전자상거래설비 등을 취득하기 위하여 투자준비금을 적립하는 경우에는 전자상거래설비 등을 포함한 사업용자산가액의 20퍼센트 한도내에서 손금산입하도록 하고, 업종이나 규모에 관계없이 모든 기업이동설비에 투자하는 경우에는 그 투자금액의 3퍼센트(중소기업의 경우에는 5퍼센트)를 소득세 또는 법인세에서 공제하도록 함(안 제4조 및 제24조제1항).8. 종전에는 한국증권업협회(코스닥)에 등록된 중소기업에 한하여 사업손실준비금의 손금산입을 인정하였으나,앞으로는 한국증권거래소에 상장된 중소기업도 사업손실준비금을 손금에 산입할 수 있도록 하되, 사업손실준비금의 손금산입한도를 당해 연도 소득금액의 50퍼센트에서 30퍼센트로 축소함(안 제8조의2).9. 연구개발준비금을 적립하는 경우 손금산입 및 세액공제 혜택을 받을 수 있는 업종을 제조업 등 일부 업종에서 소비성 서비스업 및 부동산업을 제외한 전업종으로 확대하고, 기업 등이 연구개발한 기술을 한국기술거래소 등을 통하여 양도·대여 또는 제공함으로써 발생하는 소득에 대하여는 소득세 또는 법인세의 50퍼센트를 감면하도록 하는 등 연구개발활동에 대한 세제지원을 확대함(안 제9조·제10조 및 제12조).10. 조세지원목적이 이미 달성된 중고설비투자에 대한 세액공제, 과잉생산설비폐기에 대한 세액공제, 대규모점포사업자의 판매시점정보관리시스템설비투자에 대한 세액공제 등의 조세지원 적용시한이 금년말로 종료됨에 따라 동지원제도를 폐지함(현행 제27조·제27조의2 및 제126조 삭제).11. 수도권안의 공장 또는 본사의 지방이전에 대한 법인세·양도소득세 등의 감면요건을 완화하고, 세금감면이적용되는 개발촉진지구중에서 폐광지역진흥지구의 경우에는 제조업 등 중소기업 업종외에 관광숙박업 및종합휴양업과 축산업도 세제지원을 받을 수 있도록 하여 지역간 균형발전 및 낙후지역의 경제 활성화를 지원함(안 제63조의2 및 제64조).12. 금년말로 적용시한이 만료되는 근로자우대저축에 대한 비과세제도를 2002년 12월 31일까지 2년간 연장하는한편, 우리사주조합의 조합원이 소속법인의 주식을 2년 이상 장기보유하는 경우 그 배당소득에 대하여는소득세를 부과하지 아니하도록 함으로써 중산층 및 서민층의 재산형성을 지원함.(안 제88조, 제88조의2 신설)13. 2000년 9월 1일부터 2001년 12월 31일까지의 기간중 1년 이상 보유한 주택을 양도하고 주택건설업자로부터신축주택을 취득하는 경우에는 기존주택의 양도차익에 대한 양도소득세를 10퍼센트로 낮게 부과하여 건설경기 활성화를 지원함.(안 제99조의2 신설)']",재정경제위원회,[]
160567,  증권거래법중개정법률안,2000-12-21,정부,2001-02-28,대안반영폐기,제16대 (2000~2004) 제216회,"['제안이유？？？？기업경영의 투명성을 높이기 위하여 소수주주의 권리행사요건을 완화하는 등 기업지배구조와 공시제도를 개선하고, 증권업협회중개시장의 운영을 동협회안에 두는 협회중개시장운영위원회중심으로 하도록 하는 한편, 공개매수절차를 개선하는 등 현행 제도의 운영상 나타난 일부 미비점을 개선·보완하려는 것임.주요골자？？？？가. 유가증권시장 및 협회중개시장에서 거래되는 주식을 장종료이후에 정보통신망 및 전자정보처리장치를 이용하여 당일 최종거래가격으로 거래되도록 당해 주식매매의 중개 또는 대리를 하는 영업형태를 증권업의 한 형태로 허용함(안 제2조제8항제8호 및 제28조제2항제4호 신설).나. 유가증권시장 또는 협회중개시장밖에서 불특정다수인을 대상으로 일정수 이상의 주식등을 공개매수하고자 하는 때에는 사전에 금융감독위원회에 신고하도록 하고 있으나 앞으로는 공개매수공고를 한 후 금융감독위원회에 신고하도록 하는 등 공개매수절차를 개선함(안 제21조의2 내지 제23조의2).다. 대형 상장법인 또는 대형 협회등록법인의 경우 사외이사후보추천위원회는 일정지분을 보유한 소수주주가 추천한 사외이사후보를 반드시 주주총회에 추천하도록 하고, 감사위원회의 위원장은 사외이사가 맡도록 함(안 제54조의5 및 제54조의6).라. 협회중개시장을 협회중개시장운영위원회 중심으로 운영할 수 있도록 그 설치근거와 운영에 관한 사항을 법률로 규정함(안 제172조의2 내지 제172조의4).마. 주권상장법인 또는 협회등록법인은 정관이 정하는 바에 따라 총 발행주식의 10퍼센트의 범위안에서 대통령령이 정하는 한도까지는 이사회결의로 주식매수선택권을 부여할 수 있도록 함(안 제189조의4제3항).바. 주권상장법인 또는 협회등록법인의 주주가 이사의 위법행위 유지(留止)를 법원에 청구하기 위한 소수주주 권리행사요건을 총 발행주식의 0.5퍼센트 이상에서 0.05퍼센트 이상으로 완화하고, 대형 상장·협회등록법인에 대해서는 집중투표의 실시를 요구할 수 있는 주주의 지분보유요건을 현재 총 발행주식의 3퍼센트 이상에서 1퍼센트 이상으로 완화함(안 제191조의13, 안 제191조의18 신설).사. 협회등록법인의 경우에도 사외이사제도를 도입하고, 대형 협회등록법인에 대해서는 감사위원회 설치를 의무화하는 등 대형 상장법인의 경우와 같이 법인의 경영에 대한 감독체계를 강화함(안 제191조의16 및 제191조의17).아. 기업공시가 투명하게 이루어 질 수 있도록 부실·허위공시법인에 대한 과징금의 상한을 현행 5억원에서 20억원으로 상향조정하고 벌칙도 강화함(안 제206조의11·제207조의3 및 제210조).']",재정경제위원회,[]
160566,  조세특례제한법중개정법률안(정범구의원 외 21인),2000-12-21,의원,2001-12-14,폐기,제16대 (2000~2004) 제216회,['■ 제안이유 및 주요골자도서관·박물관 및 미술관의 운영 수익금에 대하여 고유목적사업에의 지출을 위한 준비금으로 계상하여 손금산입특례를 인정할 때 그 수익사업의 범위를 당해목적사업에 한정하지 않고 기타수익사업도 포함할 수 있도록 개정함으로써 도서관·박물관 또는 미술관에 대한 세제지원을 확대하고자 함.'],재정경제위원회,"['정범구', '김경재', '김경천', '김민석', '김성호', '김일윤', '김태홍', '김호일', '문희상', '박용호', '송영길', '신기남', '신영균', '심규철', '이근진', '이낙연', '이종걸', '임종석', '장영달', '함승희', '허운나']"
160564,  지방경제살리기특별조치법안(김만제의원등 32인),2000-12-20,의원,2004-05-29,임기만료폐기,제16대 (2000~2004) 제216회,"['■ 제안이유우리나라 인구 및 산업 등의 과도한 수도권 집중현상과 ’97년 외환위기 이후 2만5천여 지방기업의 연쇄도산, 3천6백여 지방소재 금융기관점포의 폐업에 이어, 최근 유가 폭등 및 극심한 자금난 등으로 일부지방의 경우 어음 부도율과 실업율이 최악에 이르는 등 지방의 산업기반이 붕괴될 상황에 있음.이러한 상태를 더 방치할 경우 우리나라 지방경제는 완전히 무너지고 수도권 중심의 우리경제는 지가？물류비 등 생산 코스트 상승으로 국제경쟁력의 추락은 물론, 수도권과 지방간 소득 및 생활수준 격차 심화에 따른 갈등으로 자유민주주의체제를 위협하는 불안요인으로까지 발전할 가능성이 있어 신속한 대책이 요구되고 있으나, 악화된 지방경제의 회생은 지방단체의 노력만으로는 해결될 수 없고 정부가 직접 나서야 한다는 주장이 많은 경제전문가와 국민들사이에 강력히 제기되고 있음.이러한 이유로 인하여, 정부가 직접 나서 지방경제를 살리기 위한 종합적인 마스타플랜을 수립하도록 함과 아울러 지방경제의 회생을 위하여 시급히 필요한 특단의 정책을 강구하여, 10년간 한시적으로 이를 시행토록 의무를 부여하려는 것임.■ 주요내용가. 정부는 붕괴위기에 처한 지방경제를 살리기 위하여 5년단위로 중？장기종합계획을 조속한 시일내에 수립하여 국회에 보고하도록 의무를 부여함(안 제3조).나. 지방경제살리기5개년계획에 지방경제의 회생을 위하여 시급히 필요한 11가지의 정책을 법에 규정하여 반영토록 하고 관련법령의 제？개정등 그 추진방안을 우선적으로 강구하여 시행토록 함(안 제5조).다. 정부는 지방경제살리기 5개년계획의 집행실적을 연2회 국회에 보고토록 함(안 제6조).라. 지방경제살리기의 효율적인 추진 및 관련 중요정책을 심의하기 위하여 대통령직속하에 국무총리를 위원장으로 하는「지방경제살리기심의위원회」를 설치토록 함(안 제7조).']",재정경제위원회,"['김만제', '강삼재', '강신성일', '강재섭', '강창성', '김성조', '김용균', '김종하', '김찬우', '김호일', '박근혜', '박종근', '박창달', '박희태', '백승홍', '손태인', '신경식', '안경률', '안택수', '이상배', '이원창', '이원형', '이인기', '이주영', '이해봉', '임진출', '정의화', '조웅규', '허태열', '현승일']"
160562,  증권거래법중개정법률안(이부영의원등 15인 외 118인),2000-12-20,의원,2001-02-28,대안반영폐기,제16대 (2000~2004) 제216회,"['■ 제안이유최근 증권시장의 개방, 금융의 선진화, 증권거래규모의 확대에 따라 증권시장 내에서의 자율적 규제, 시장원리에 입각한 자율규제기관의 역할의 강화가 국내외적으로 요청되고 있음. 그리하여 한국증권거래소 같은 자율규제기관으로 하여금 회원에 대한 규제, 감독, 징계를 할 수 있도록 그 권한과 의무를 거래법상 명문화하여 정부규제와의 적절한 조화를 기하고, 회원간 증권관련 분쟁을 시장의 전문성을 가진 자율규제기관이 직접 해결할 수 있도록 함으로써 신속하고도 효율적인 문제해결 수단의 마련을 통해 투자자의 시장에 대한 신뢰증진과 함께 증권시장의 자율적 발전과 현대화를 기하고자 하는 것임.■ 주요내용가. 증권거래소의 회원의 감리에 관한 업무를 회원의 업무？재무상황에 대한 검사 및 매매거래상황에 대한 감리업무로 확대하고(안 제73조제1항제5호), 분쟁조정에 관한 업무를 신설함(안 제73조제1항제8호).나. 증권거래소로 하여금 관계 법령, 관계 법령에 의한 행정관청의 처분, 당해 증권거래소 정관 및 업무에 관한 규정에 위반하는 행위를 한 회원에 대하여 증권거래소 정관 및 규정이 정하는 바에 따라 필요한 조치를 취할 수 있도록 함(안 제76조의6).다. 증권거래소로 하여금 회원의 업무 및 재무상황에 대하여 검사하도록 하고(안 제76조의7제1항), 이를 위하여 필요한 경우 다른 법률의 규정에 불구하고 회원에 대하여 그 업무 또는 재무에 관한 보고 또는 자료의 제출을 명할 수 있도록 하며, 그 업무 및 재무상황, 장부, 서류 기타 물건에 대하여 그 소속직원으로 하여금 검사하게 할 수 있도록 하고(안 제76조의7제2항), 제1항의 규정에 의한 검사와 관련하여 제53조의 규정에 의한 금융감독원의 검사와의 업무조정 등을 위하여 필요한 양해각서를 체결할 수 있도록 함(제76조의7제3항).라. 증권거래소로 하여금 유가증권의 공정한 가격형성과 투자자보호를 위하여 유가증권시장에서 이상매매의 혐의가 있다고 인정되는 매매거래에 관여한 회원의 매매거래상황을 감리하도록 하고, 필요한 경우 회원에 대하여 다른 법률의 규정에 불구하고 그 업무 및 재무에 관한 보고, 자료의 제출 및 의견의 진술을 요구할 수 있도록 함(안 제76조의8).마. 유가증권시장에서의 매매 기타 거래와 관련하여 발생한 회원간 및 회원과 투자자 기타 이해관계인간의 분쟁을 해결하기 위하여 증권거래소에 분쟁조정위원회를 두고(안 제76조의9제1항), 증권거래소로 하여금 분쟁당사자 등으로부터 의견의 청취나 보고서의 제출을 요구하거나 관계당사자로부터 참고가 될 자료나 장부？서류 기타 물건의 제출을 요구할 수 있도록 하며(안 제76조의9제2항), 동 위원회가 조정안을 작성한 때에는 신청인과 분쟁당사자에게 이를 제시하고 수락을 권고할 수 있고, 분쟁당사자가 조정안을 수락한 때에는 재판상의 화해와 동일한 효력을 부여함(안 제76조의9제3항). 또한, 동 위원회의 구성, 운영, 분쟁조정의 절차？방법 및 기타 필요한 사항은 증권거래소의 규정이 정하는 바에 의하도록 함(안 제76조의9제4항).바. 증권거래소의 업무규정에 회원의 업무？재무상황에 대한 검사, 회원의 매매거래상황에 대한 감리 및 그 결과에 따른 회원 및 그 임？직원의 징계에 관한 사항을 정하도록 함(안 제94조제2항제5호).']",재정경제위원회,"['이부영', '김동욱', '김만제', '김부겸', '나오연', '박주천', '서정화', '손학규', '이강두', '이상득', '이성헌', '이한구', '임진출', '정의화', '정형근', '김무성', '김문수', '김성조', '김영구', '김영일', '김영춘', '김용갑', '김용균', '김용학', '김원웅', '김일윤', '김정숙', '김종하', '김진재', '김찬우', '김태호', '김학송', '김형오', '김호일', '김홍신', '남경필', '도종이', '맹형규', '목요상', '민봉기', '박관용', '박근혜', '박명환', '박세환', '박승국', '박시균', '박원홍', '박재욱', '박종근', '박종웅', '박종희', '박창달', '박헌기', '박혁규', '박희태', '백승홍', '서상섭', '서청원', '손태인', '손희정', '신경식', '신영국', '신영균', '신현태', '심규철', '심재철', '안경률', '안상수', '안영근', '안택수', '엄호성', '오세훈', '원희룡', '유성근', '유흥수', '윤경식', '윤두환', '윤여준', '윤영탁', '윤한도', '이규택', '이방호', '이병석', '이상배', '이상희', '이연숙', '이원창', '이원형', '이윤성', '이인기', '이재오', '이재창', '이주영', '이해봉', '이회창', '임인배', '임태희', '전용원', '전재희', '정문화', '정병국', '정인봉', '정재문', '정창화', '조웅규', '조정무', '주진우', '최돈웅', '최병국', '최병렬', '최연희', '하순봉', '허태열', '현경대', '현승일', '홍사덕', '황승민', '황우여']"
160557,  온천법중개정법률안(이희규의원 외 24인),2000-12-19,의원,2001-05-28,철회,제16대 (2000~2004) 제216회,['■ 제안이유 및 주요골자온천법 제7조는 온천지구의 지정이후 관할 시장·군수는 온천개발계획을 수립하여 시·도지사의 승인을 받도록하고 있으나 이러한 개발계획의 수립과는 무관하게 굴착허가와 동력장치의 설치허가가 이루어짐으로써 무분별한 온천개발이 행하여지고 있는 바 이러한 무계획한 개발을 방지하기 위하여 개발계획에 대한 시·도지사의 승인없이는 굴착허가와 동력장치의 설치허가를 할 수 없도록 함.'],행정자치위원회,"['이희규', '김찬우', '남궁석', '박용호', '박창달', '송훈석', '안경률', '원유철', '윤한도', '이근진', '이인제', '이재정', '이종걸', '임종석', '임채정', '장영신', '전갑길', '정병국', '정장선', '정철기', '조한천', '천정배', '최용규', '한화갑']"
160556,  남북협력기금법중개정법률안(조웅규의원 외 132인),2000-12-19,의원,2004-05-29,임기만료폐기,제16대 (2000~2004) 제216회,['■ 제안이유1990년 남북협력기금법 제정？시행 이후 10년이 되어 법 제정 당시보다 남북한 관계에 많은 변화가 있으며 남북한간의 경제？사회？문화 등 교류협력은 확대 추세로 기금의 지원이 증가되고 있는 상황임.특히 교류협력？지원사업과 인도적 사업은 국가재정과 국민적 부담이 수반되므로 국민적 합의와 지지를 바탕으로 투명하고도 안정적？효율적으로 추진되어야 하기 때문에 이를 뒷받침하기 위하여 기금의 조성과 일정액 이상의 집행에 관한 사항은 사전에 국회의 동의를 얻도록 개정하고자 함.■ 주요내용가. 남북협력기금(이하 “기금이라 한다)을 조성하는 때에는 그 조성 60일 전까지 국회의 동의를 얻도록 함(안 제4조제2항).나. 기금을 사용하는 경우 사업규모가 5억원 이상에 해당하는 때에는 사업시행 60일 전까지 국회의 동의를 받도록 함(안 제8조제2항).'],통일외교통상위원회,"['조웅규', '강신성일', '강인섭', '강재섭', '강창성', '고흥길', '권기술', '권오을', '권철현', '권태망', '김광원', '김기배', '김기춘', '김덕룡', '김동욱', '김락기', '김만제', '김무성', '김문수', '김부겸', '김성조', '김영구', '김영일', '김영춘', '김용갑', '김용균', '김용학', '김원웅', '김일윤', '김정숙', '김종하', '김진재', '김찬우', '김태호', '김학송', '김형오', '김호일', '김홍신', '나오연', '남경필', '도종이', '맹형규', '목요상', '민봉기', '박관용', '박근혜', '박명환', '박세환', '박승국', '박시균', '박원홍', '박재욱', '박종근', '박종웅', '박종희', '박주천', '박창달', '박헌기', '박혁규', '박희태', '백승홍', '서상섭', '서정화', '서청원', '손태인', '손학규', '손희정', '신경식', '신영국', '신영균', '신현태', '심규철', '심재철', '안경률', '안상수', '안영근', '안택수', '엄호성', '오세훈', '원희룡', '유성근', '유흥수', '윤경식', '윤두환', '윤여준', '윤영탁', '윤한도', '이강두', '이규택', '이방호', '이병석', '이부영', '이상득', '이상배', '이상희', '이성헌', '이연숙', '이원창', '이원형', '이윤성', '이인기', '이재오', '이재창', '이주영', '이한구', '이해봉', '이회창', '임인배', '임진출', '임태희', '전용원', '전재희', '정문화', '정병국', '정의화', '정인봉', '정재문', '정창화', '정형근', '조정무', '주진우', '최돈웅', '최병국', '최병렬', '최연희', '하순봉', '허태열', '현경대', '현승일', '홍사덕', '황승민', '황우여']"
160555,  남북교류협력에관한법률중개정법률안(조웅규의원 외 132인),2000-12-19,의원,2004-05-29,임기만료폐기,제16대 (2000~2004) 제216회,"['■ 제안이유1990년 남북 교류협력에 관한 법률 제정？시행 이후 10년이 경과하여 법 제정 당시보다 남북한 관계에 많은 상황 변화가 있음. 경제？사회？문화등 교류협력은 확대 추세에 있으며 남북한 교류협력과 인도적 사업은 물론 북한지원에 대한 국민적 관심이 높아지고 있음.남북한 교류협력？지원과 인도적 사업은 북한의 특수성, 우리의 안보, 국가재정 및 국민부담 등을 종합적으로 고려하여 투명하고도 안정적？효율적으로 추진할 필요성이 대두됨으로 남북한 교류협력의 촉진과 북한을 지원하기 위해서는 기본원칙을 명확히 하고 국민적 합의와 적극적인 지지를 바탕으로 시행하여야 할 것임.이를 뒷받침하기 위하여 일정한 사업에 대해서는 미리 국회의 동의를 얻도록 하여 현행 법률의 미비 사항을 개정？보완하려는 것임.■ 주요내용가. 현행 남북교류협력에관한법률을 남북교류협력촉진및지원에관한 법률로 개칭함.나. 남북교류협력 및 지원의 안정적이고 효율적인 추진을 통해 민족공동체 형성발전에 기여함을 목적으로 함(안 제1조).다. 협력사업 주체를 민간뿐만 아니라 남한과 북한의 당국까지 포함시켜 현실화함(안 제2조제4호).라. 남북교류협력 및 지원이 우리의 안전보장 기반조성, 북한주민의 생활향상 및 북한의 상응한 변화와 연계하여 추진하는 것을 기본원칙으로 함(안 제4조제1항 내지 제3항).마. 경제분야의 협력사업 및 지원사업은 우리 경제전반에 부담을 미치지 않는 범위내에서 단계적으로 추진하되, 사전 타당성 조사, 협력사업의 유상지원 및 민간의 자율성보장 등을 기본원칙으로 함(안 제4조제4항).바. 통일부장관은 회계연도 개시 90일전까지 남북교류협력 및 북한지원사업계획을 국회에 제출하여 심의를 받도록 함(안 제6조제1항).사. 국가나 지방자치단체 등이 지급보증하는 사업, 국제협력체를 구성하여 추진하는 사업, 첨단기술이전과 전략물자의 반출？입에 관한 사항, 50억원 이상의 경제협력？지원 사업 및 5억원 이상의 사회문화협력？지원사업 등은 사업 시행 60일전까지 국회동의를 얻도록 함(안 제7조).아. 통일부장관이 남북교류협력？지원사업등의 결과를 분기별로 국회에 보고하고 전년도 사업의 백서를 국회에 제출하도록 함(안 제8조의2).']",통일외교통상위원회,"['조웅규', '강신성일', '강인섭', '강재섭', '강창성', '고흥길', '권기술', '권오을', '권철현', '권태망', '김광원', '김기배', '김기춘', '김덕룡', '김동욱', '김락기', '김만제', '김무성', '김문수', '김부겸', '김성조', '김영구', '김영일', '김영춘', '김용갑', '김용균', '김용학', '김원웅', '김일윤', '김정숙', '김종하', '김진재', '김찬우', '김태호', '김학송', '김형오', '김호일', '김홍신', '나오연', '남경필', '도종이', '맹형규', '목요상', '민봉기', '박관용', '박근혜', '박명환', '박세환', '박승국', '박시균', '박원홍', '박재욱', '박종근', '박종웅', '박종희', '박주천', '박창달', '박헌기', '박혁규', '박희태', '백승홍', '서상섭', '서정화', '서청원', '손태인', '손학규', '손희정', '신경식', '신영국', '신영균', '신현태', '심규철', '심재철', '안경률', '안상수', '안영근', '안택수', '엄호성', '오세훈', '원희룡', '유성근', '유흥수', '윤경식', '윤두환', '윤여준', '윤영탁', '윤한도', '이강두', '이규택', '이방호', '이병석', '이부영', '이상득', '이상배', '이상희', '이성헌', '이연숙', '이원창', '이원형', '이윤성', '이인기', '이재오', '이재창', '이주영', '이한구', '이해봉', '이회창', '임인배', '임진출', '임태희', '전용원', '전재희', '정문화', '정병국', '정의화', '정인봉', '정재문', '정창화', '정형근', '조정무', '주진우', '최돈웅', '최병국', '최병렬', '최연희', '하순봉', '허태열', '현경대', '현승일', '홍사덕', '황승민', '황우여']"
160554,  농어업인부채경감에관한특별조치법안(대안),2000-12-19,위원장,2000-12-20,원안가결,제16대 (2000~2004) 제216회,"['■ 제안경위2000년 7월 9일 권오을의원외 23人로부터 발의된 농어업인부채경감및경영안정에관한특별조치법안(한나라당)및 2000년 11월 28일 김영진 의원외 48人로부터 발의(찬성자 69인)된 농어업인부채경감에관한특별조치법안(새천년민주당)과, 2000년 10월 30일 권오을, 원철희, 장성원의원의 소개로 전국농민단체협의회장 강춘성외 20인으로부터 제출된 농가부채경감을 위한 특별조치법에 관한 입법청원에 대하여 제215회국회(정기회) 제6차위원회(2000.11.28)에서 각각 상정하여 제안설명과 전문위원의 검토보고를 듣고, 법률안심사소위원회에 회부하였음.법률안심사소위원회는 2000.11.29 제1차 소위원회 개최이후 총 6차례에 걸친 소위원회 및 간담회를 거쳐심도있게 심사한 결과, 2개의 법률안을 통합하고 청원안의 취지를 상당부분 반영하여 위원회(대안)으로 제안하기로 함.제216회국회(임시회) 제2차 위원회(2000.12.14)에서는 소위원회에서 심사보고한대로 이상 2개 법률안과 1개청원안에 대해서 본회의에 부의하지 아니하기로 하고, 동 법률안에 대한 대안을 위원회안으로 제안하기로 의결함.■ 제안이유세계무역기구(UR/WTO)의 출범으로 인한 농수산물 수입증가와 환율상승 등 외환위기로 인한 농수산기자재 가격의 상승 및 농수산물 가격하락 등에 따라 연쇄도산 등 농어업인의 부채문제가 심각한 국가·사회적 문제로확산되어 가고 있는 실정임.따라서, 어려움을 겪고 있는 농어업인의 금융부담을 완화하기 위하여 정책자금 상환연기, 상호금융자금 금리인하, 연대보증 피해 농어업인 대책 및 농수산업경영개선자금 지원 등 농어가 부채에 대한 종합적이고 장기적인 대책을 마련하여 농어가의 경영안정과 농어업의 안정적인 발전을 도모하고자 이 법안을 제정하려는 것임.■ 주요골자1. 농어업인이 2001년 내지 2003년 기간중 금융기관에 상환하여야 할 정책자금은 상환이 도래되는 시점부터 각각 2년동안 거치한 후 5년동안 분할하여 상환할 수 있도록 하되, 同 정책자금의 범위는 농림부장관이 해양수산부장관과 협의하여 정하도록 함(안 제3조)2. 정부는 농어업인이 농수산업을 영위할 목적으로 금융기관으로부터 차입한 상호금융자금의 금리부담을 완화하기 위하여 2001년 중에 10조원의 자금을 지원하되, 동 지원자금은 법 시행일 현재 농어업인의 상호금융자금 대출잔액을 기준으로 산정함. 다만, 이 법 시행일 현재 해당 농어업인의 대출잔액이 1999년 12월 31일현재의 대출잔액보다 많을 경우에는 1999년 12월 31일 현재의 대출잔액을 기준으로 하고, 지원조건은 연리6.5퍼센트로 지원받은 날부터 5년 이내 상환하도록 함(안 제4조)3. 정부는 일시적으로 경영위기에 처한 농어업인의 경영안정을 위하여 연리 6.5퍼센트의 농수산업경영개선자금을 2001년중에 1조 1,000억원을 지원하되, 2년동안 거치한 후 3년동안 분할하여 상환토록 함(안 제5조)4. 정부는 주채무자가 부채의 상환능력이 없거나 없는 것으로 판단되어 연대보증인이 주채무자를 대신하여 부채를 상환하여야 할 경우와 1998년 1월 1일 이후 농어업인 연대보증인이 주채무자를 대신하여 부채를 상환한 경우 당해 상환금액의 범위 내에서 연대보증인에게 연리 5퍼센트로 3년동안 거치한 후 7년동안 분할상환조건으로 2001년중에 5,500억원의 특별자금을 지원함(안 제6조).5. 금융기관에 대해서 이 법 시행일 현재 채무를 연체하고 있는 농어업인에 대해 경영정상화가 가능하다고 판단되는 경우 기간을 정해 연체이자 감면, 연체해소를 위한 자금지원 등의 조치를 취하도록 하고, 정부에 대해서는, 同 조치로 인해 연체상태를 해소한 농어업인에 대하여 제3조 및 제4조의 규정에 의한 지원과 당해농어업인에 입보한 연대보증인에 대하여 보증책임을 면제할 수 있는 조치를 취하도록 함(안 제7조).6. 제3조 내지 제6조의 규정에 의한 자금의 지원대상자로 선정된 농어업인에 대하여는 농림수산업자신용보증법상의 농림수산업자신용보증기금에서 그 신용을 보증하도록 하며, 소요예산을 기금에 출연하도록 함(안 제8조)7. 제3조 내지 제6조의 규정에 의한 지원대상자의 선정절차 및 심사기준·지원한도 기타 자금지원에 필요한 사항은 농림부장관이 해양수산부장관과 협의하여 정하도록 하되, 농림부장관이 심사기준 등을 정함에 있어서농어업인 또는 그 배우자가 농어업을 주업으로 하지 않고 있는 등의 경우에는 이 법의 지원대상에서 제외하도록 함(안 제9조)8. 제3조 내지 제8조의 규정에 의한 자금은 정부의 세출예산 또는 금융기관의 자금을 재원으로 하되, 제3조내지 제6조 및 제11조제2항의 규정에 의하여 금리인하 등으로 인하여 발생하는 금융기관의 손실을 매 회계연도 세출예산에 계상하여 보전하도록 함(안 제10조).9. 정부는 부채가 없거나 부채를 정상적으로 상환한 농어업인에 대하여는 정책자금을 우선 지원하며, 제3조의규정에 의한 정책자금을 분할상환 하지 않고 정상적으로 상환한 농어업인에게는 상환액에 대한 납부이자액의 20퍼센트를 환급하도록 함(안 제11조)']",농림해양수산위원회,[]
160553,  대도시권광역교통관리에관한특별법중개정법률안(대안),2000-12-19,위원장,2000-12-20,원안가결,제16대 (2000~2004) 제216회,"['■ 제안경위2000년 11월 9일 김홍일·김영일·백승홍·송훈석 의원외 17인이 발의하여 동년 11월 10일자로 당 위원회에회부된 대도시권광역교통관리에관한특별법중개정법률안과 2000년 11월 23일 이재창 의원외 22인이 발의하여 동년 11월 24일자로 당 위원회에 회부된 대도시권광역교통관리에관한특별법중개정법률안을 심의한 결과 의결된내용을 1개의 법안으로 통합하여 위원회 대안으로 제안하기로 하고, 김홍일 의원 등 4인외 17인이 발의한 대도시권광역교통관리에관한특별법중개정법률안과 이재창 의원외 22인이 발의한 대도시권광역교통관리에관한특별법중개정법률안은 본회의에 부의하지 아니하기로 함.■ 제안이유대규모 개발사업에 따른 광역교통난을 완화하기 위해 당해 사업이 이루어지는 지역을 관할하는 시·도지사가 광역교통개선대책을 수립하고 광역교통위원회의 심의를 거쳐 확정하도록 함으로써 광역교통문제를 해소하며, 광역교통시설의 건설을 위한 재원을 확충하여 대도시권내의 광역교통문제를 해결하고 기간교통시설이 구비된 개발사업의 시행을 유도하기 위해 현행 광역전철부담금제를 광역교통시설부담금제로 확대개편하고자 하는것임.■ 주요골자1. 대규모 개발사업의 경우 당해 사업이 이루어지는 지역을 관할하는 시·도지사는 광역교통개선대책을 수립하도록 하고 광역교통위원회의 심의를 거쳐 확정함(안 제7조).2. 광역교통시설의 건설에 소요되는 재원을 확충하고 다양한 광역교통시설 확보를 위한 사업에 투자할 수 있도록 현행 광역전철부담금제를 광역교통시설부담금제로 확대개편함 (안 제11조).3. 임대주택건설·재개발·재건축사업 등 저소득층을 위한 주택관련사업과 도시계획구역내에서 시행되는 사업에 대해서는 감면하여 부담을 완화함(안 제11조의2).4. 부담금 산정기준의 객관성을 확보하기 위해 현행 사업비 기준을 표준개발비 또는 표준건축비, 부과율, 개발면적, 공제액 등을 감안한 산식으로 개선함(안 제11조의3).5. 부담금은 교통시설특별회계중 광역교통시설계정에 40%, 광역시·도의 지방광역교통시설특별회계에 60%를 귀속토록 하여 효율적인 운용을 도모함(안 제11조의6 및 제11조의7).6. 광역교통시설부담금은 광역교통시설의 확충 및 광역교통 계획 등의 이행을 위해 필요한 교통시설과 시·도지사가 광역교통에 영향을 미친다고 인정하는 지방도 등의 건설에 사용하도록 용도를 정함(안 제11조의6).']",건설교통위원회,[]
160552,  토지보상법안,2000-12-18,정부,2001-12-07,수정가결,제16대 (2000~2004) 제216회,"['제안이유？？？？토지수용법과 공공용지의취득및손실보상에관한특례법으로 이원화되어 있는 공익사업 용지의 취득과 손실보상에 관한 제도를 토지보상법으로 통합하여 보상에 관한 절차와 기준을 체계화하고, 두 법간의 중복과 불일치를 해소하는 등 각종 불합리한 제도를 개선함으로써 국민의 재산권을 충실히 보호함과 아울러 공익사업의 효율적인 추진을 도모하려는 것임.주요골자？？？？가. 토지를 취득 또는 사용할 수 있는 공익사업의 범위를 관계법률에 의하여 시행하는 공익사업 또는 국가나 지방자치단체가 시행하는 공공용 시설사업 등으로 한정하고, 제철·비료 등 대통령령이 정하는 사업을 제외함으로써 국민의 재산권 보장을 강화함(안 제4조).나. 공익사업의 원활한 준비가 가능하도록 하기 위하여 협의매수 단계에서도 사업시행자는 시장·군수·구청장의 허가를 받아 타인이 점유하는 토지에 출입하여 측량·조사 및 장해물의 제거 등을 할 수 있도록 함(안 제9조 내지 제13조).다. 공익사업을 위하여 토지·물건 등을 취득·사용하고자 하는 경우에는 토지·물건조서의 작성, 보상계획의 공고 및 열람, 보상액의 산정, 보상협의 등의 절차를 거치도록 명시적으로 규정하여 국민의 재산권에 대한 절차적인 보호를 강화하되, 토지등의 수용이 있기 전에 이러한 절차를 거친 경우에는 이를 생략할 수 있도록 하여 공익사업이 원활하게 추진될 수 있도록 함(안 제14조 내지 제17조 및 제27조).라. 중앙토지수용위원회의 위원의 수를 종전의 8인 이내에서 20인 이내로 확대하고, 회의는 위원장이 회의마다 지정하는 위원 7인을 포함한 9인으로 구성하도록 함으로써 중앙토지수용위원회의 효율적인 운영을 도모함(안 제53조).마. 보상의 전문화를 통하여 보상에 따른 분쟁의 소지를 줄이고 공익사업이 원활하게 수행될 수 있도록 보상에 관한 업무를 보상전문기관에 위탁할 수 있도록 함(안 제78조).바. 종전에는 재결에 불복이 있는 경우 이의신청을 거치지 아니하고는 행정소송을 제기하지 못하였으나, 앞으로는 개정된 행정소송법의 취지에 맞추어 이의신청의 재결을 거치지 아니하고도 행정소송을 제기할 수 있도록 함으로써 국민의 권리구제기간을 단축할 수 있도록 하고, 보상금증감소송의 당사자로 되어 있던 재결청을 소송당사자에서 제외하여 사업시행자와 피보상자간의 당사자주의에 충실하도록 함(안 제82조).사. 종전에는 환매금액에 관하여 사업시행자와 토지소유자간에 다툼이 있는 경우 공공용지의취득및손실보상에관한특례법에서는 이를 토지수용위원회에, 토지수용법에서는 법원에 금액의 증감을 청구할 수 있도록 하였으나, 앞으로는 이를 법원으로 단일화하도록 함(안 제88조).아. 소유권의 보존등기 또는 이전등기가 되어 있지 아니한 토지·물건 등에 대하여 사위 기타 부정한 방법으로 확인서를 발급받은 자에 대하여는 징역 또는 벌금에 처하도록 함으로써 정당한 권리자가 보호될 수 있도록 함(안 제91조).']",건설교통위원회,[]
160551,  민사조정법중개정법률안,2000-12-18,정부,2001-01-09,수정가결,제16대 (2000~2004) 제216회,"['■ 제안이유민사조정절차에 있어서 조정기관의 범위가 좁고, 조정위원의 임기를 탄력적으로 운영할 수 없는 등의 실무상 문제점을 해소함으로써 보다 공정하고 신속한 분쟁해결을 도모하려는 것임.■ 주요골자1. 수소법원(受訴法院)에 의한 조정사건 처리의 경우에는 재판장 외에 수명법관 또는 수탁판사로 하여금 조정을 담당하게 할 수 있도록 함(안 제7조제5항 신설).2. 조정위원의 임기를 일률적으로 2년으로 하던 것을 특별한 사정이 있는 때에는 2년 이내로 하여 위촉할 수있도록 함(안 제10조제1항 단서 신설).3. 조정담당판사에 대하여도 조정장(調停長)과 같이 조정위원에게 분쟁의 해결을 위하여 사건관계인의 의견을듣거나 조정사건의 처리를 위하여 필요한 사무를 촉탁할 수 있도록 함(안 제10조제2항).■ 위원회 수정사항□ 수정이유 및 주요골자안 제9조 단서에서는 조정장에 대한 규정을 확대하면서 수소법원이 직접 조정을 담당하는 경우에는 그 수소법원의 재판장이 조정장이 된다고 규정하고 있으나, 조정장이라는 개념은 조정위원회를 구성하게 될 경우에 필요한 것이고 수소법원이 조정을 담당하는 경우에는 조정위원회를 구성하지 아니하고 당해 수소법원이 이를 하는 것이므로 조정장이라는 개념이 불필요한 것으로 판단되어 이를 삭제하는 대신, 수명법관이나 수탁판사가 조정을 담당할 경우에 조정장이 누가 되는가에 대해서는 오히려 불명확한 점이 있으므로 이 부분을 명확히 규정하는 것으로 수정하였음.']",법제사법위원회,[]
160550,  소액사건심판법중개정법률안,2000-12-18,정부,2001-01-09,수정가결,제16대 (2000~2004) 제216회,"['■ 제안이유소액사건의 경우 당사자 사이에 다툼이 없어 제1회 변론기일에서 원고 전부승소판결로 종료되는 경우가 대부분임에도 불구하고 변론기일을 열어 원고가 출석하여야 하는 등 소송경제적으로 낭비요인이 상존하고 있는문제점을 개선하기 위하여, 법원의 이행권고결정에 대하여 피고로부터 이의가 없는 때에는 변론절차를 거치지아니하고 곧바로 확정판결과 같은 효력을 부여함과 동시에 집행력을 인정하여 신속히 권리구제를 받을 수 있도록 하는 이행권고결정제도를 도입함으로써 민사소송의 이념인 신속·공정한 권리구제 및 소송경제를 도모하려는 것임.■ 주요골자1. 소액사건의 소가 제기된 경우에 법원은 결정으로 이행권고를 할 수 있도록 함(안 제5조의3 신설).2. 피고는 이행권고결정서의 등본을 송달받은 날부터 2주일내에 이의신청을 할 수 있도록 하고, 피고가 부득이한 사유로 이의신청을 할 수 없었던 경우에는 그 사유가 없어진 후 2주일내에 이의신청을 추후보완할 수 있도록 함(안 제5조의4 및 제5조의6 신설).3. 이행권고결정서등본을 송달받은 피고가 이의신청을 하지 아니하거나 이의신청이 취하 또는 각하된 때에는이행권고결정에 확정판결과 같은 효력을 부여함(안 제5조의7신설).4. 이행권고결정에 기인한 강제집행은 원칙적으로 집행문을 부여받을 필요 없이 이행권고결정서의 정본에 의하여 실시하도록 함(안 제5조의8 신설).■ 위원회 수정사항□ 수정이유 및 주요골자안 제5조의8제2항에서는 ""원고가 여러 통의 이행권고결정서의 정본을 신청한 때에는 법원사무관등이 각 정본에 그 사유를 기재하여 부여한다""라고 규정하여 원고가 여러 통의 결정서를 신청한 경우만을 예정하고 있는바, 이행권고결정서의 경우에도 민사소송법상의 일반규정과 마찬가지로 분실등의 사유로 원고가 이를 다시 부여하여 달라고 신청할 가능성이 있으므로 이러한 경우에도 결정서 정본을 부여할 수 있도록 보완하였음.']",법제사법위원회,[]
160549,  각급법원의설치와관할구역에관한법률중개정법률안,2000-12-18,정부,2001-01-09,수정가결,제16대 (2000~2004) 제216회,"['■ 제안이유지역주민들의 불편을 해소하기 위하여 현재 남아있는 6개소의 단독지원을 합의지원으로 승격시켜 모든 지원을 원칙적으로 합의지원화 하고, 가사사건 등 처리의 전문성을 제고하기 위하여 법원조직법에 가사사건 등을전담하는 가정지원의 설치근거가 마련됨에 따라 가정지원의 설치 및 그 관할구역을 정하는 한편, 관할구역간의불균형을 해소하고 주민의 편의를 도모하기 위하여 서울지방법원과 인천지방법원의 관할을 각각 조정하며, 부산지방법원의 이전에 따라 본원과 지원의 관할을 조정하고, 서울지방법원 고양지원 청사의 건축공사가 지연됨에 따라 동 지원의 개원시기를 합리적으로 조정하려는 것임.■ 주요골자1. 대구·부산 및 광주광역시에 설치되어 있던 소년부지원을 폐지하고 가정지원을 설치함(안 제2조제1항).2. 원칙적으로 모든 지원에 합의부를 둘 수 있도록 함(안 제3조).3. 종전에 서울지방법원 본원 관할인 서울특별시 용산구를 서울지방법원 서부지원의 관할로 이를 변경함(안 별표 3, 별표 5).4. 종전에 인천지방법원 본원 관할인 김포시를 인천지방법원 부천지원의 관할로 이를 변경함(안 별표 3).5. 종전에 부산지방법원 본원 관할인 부산광역시 수영구 및 남구를 부산지방법원 동부지원의 관할로, 부산지방법원 동부지원의 관할인 동래구·연제구 및 금정구를 부산지방법원 본원의 관할로 이를 변경함(안 별표 3).6. 서울지방법원 고양지원의 개원시기를 종전의 2002년 9월 1일에서 2003년 3월 1일로 조정함(안 법률 제5432호 부칙).■ 위원회 수정사항□ 수정이유 및 주요골자안 제4조의 규정에 의한 별표 3에서는 부산지방법원 가정지원의 관할구역을 부산광역시 전지역으로 하고 있으나 이는 부산지방법원 동부지원의 관할구역까지를 모두 포함한 것으로서, 이렇게 규정할 경우 부산지방법원동부지원 관할의 가사 및 호적사건도 부산지방법원 가정지원의 관할이 되어 가정지원의 관할 구역을 지방법원본원의 관할구역으로 한정하고 있는 대구 및 광주지방법원의 규정방식과 달라 법체계상 문제가 있음에 따라 대구 및 광주와 같은 방식으로 규정하도록 수정하였음.']",법제사법위원회,[]
160548,  법원조직법중개정법률안,2000-12-18,정부,2001-01-09,수정가결,제16대 (2000~2004) 제216회,"['■ 제안이유가사사건·소년보호사건 및 호적사건 처리의 전문성을 제고하기 위하여 가정법원이 설치되지 아니한 지역중일부지역에 이러한 사건을 전담하는 가정지원을 설치하고, 법원공무원 직렬에 등기사무직렬을 신설하여 등기사무의 전문화를 도모하며, 항소심 재판의 신중성 및 타당성을 담보하기 위하여 일정한 범위의 단독사건에 대하여는 항소심을 관할 고등법원으로 하고, 국민의 항소권 확대 및 편의를 위하여 일정한 지방법원 및 가정법원지원에 항소부를 설치할 수 있는 근거를 마련하려는 것임.■ 주요골자1. 소년부지원을 폐지하고 지방법원 산하에 가정지원을 설치할 수 있도록 하고, 가정지원의 관할을 정함(안 제3조제2항·제3항, 제31조제1항 및 제31조의2).2. 법원공무원의 사법행정직군에 등기사무직렬을 신설하여 지원의 과장과 등기소장을 등기사무관으로 보할 수있도록 함(안 제10조제3항 및 제36조제2항).3. 고등법원의 심판대상으로 지방법원단독판사·가정법원단독판사의 제1심 판결·심판·결정·명령에 대한 항소 또는 항고사건중 대법원규칙으로 정하는 사건을 추가함(안 제28조제2호).4. 대법원규칙으로 정하는 지방법원 및 가정법원의 지원에 항소부를 둘 수 있도록 함(안 제32조제2항 및 제40조제2항).■ 위원회 수정사항□ 수정이유 및 주요골자안 제28조제2호는 고등법원의 사물관할의 하나로 지방법원 및 가정법원 단독사건에 대한 항소 또는 항고사건중 대법원규칙으로 정하는 사건을 추가하면서 단서에서 형사사건을 제외하고 있으나, 형사사건중 2심으로서의 고등법원 심판대상에서 제외시키고자 하는 대상은 ""단독사건에 대한 항소 또는 항고사건""이지 ""그 중 대법원규칙으로 정하는 사건""이 아니므로, 이를 입법취지에 맞게 수정하였고, 안 제31조의2는 가정지원의 관할을가정법원이 설치되지 아니한 지역에서 가정법원의 권한에 속하는 사항중의 특정 사항으로 규정하고 있는 바,이 경우 가정지원의 관할이 구체적으로 무엇인지가 이해하기 힘들 수 있는 문제가 있음에 따라 그 표현을 수정하였으며, 안 제32조제2항 및 제40조제2항은 대법원규칙이 정하는 ""지방법원지원합의부"" 및 ""가정법원지원합의부""도 2심 사건을 심판할 수 있도록 개정하고 있는 바, 대법원규칙에서 지정하고자 하는 것은 ""지방법원지원""및 ""가정법원지원""임에 따라 그에 맞게 표현을 보완하였음.']",법제사법위원회,[]
160547,  대기환경보전법중개정법률안(김원길의원등 23인 외 1인),2000-12-18,의원,2002-11-07,대안반영폐기,제16대 (2000~2004) 제216회,['■ 제안이유 및 주요내용자동차공회전 및 불법휘발유 사용으로 인한 대기오염 악화로 국가경제 및 사회적 손실을 초래하고 국민의 건강하고 쾌적한 생활환경을 위협하고 있음.이러한 현실에서 공회전금지 및 불법휘발유 제조？사용금지에 대한 대국민 홍보활동을 해오고 불법제조자에 대한 단속을 실시해 오고 있으나 국민의 자율적인 실천을 유도하는데 일정한 한계가 있고 근거규정이 미흡함.따라서 제도적으로 공회전 차량 및 불법휘발유의 제조？공급？판매 및 사용을 규제하고 이를 위반할 경우 과태료를 부과하거나 행정벌을 가함으로써 대기오염 악화를 사전에 방지하고자 함.'],환경노동위원회,"['김원길', '강운태', '김경천', '김부겸', '김영배', '박인상', '박주선', '송석찬', '안상수', '오세훈', '윤철상', '이부영', '이윤성', '이재오', '이재창', '이정일', '장영달', '정대철', '정병국', '정세균', '정장선', '조재환', '한명숙']"
160546,  유료도로법중개정법률안(고흥길의원등 30인 외 103인),2000-12-16,의원,2001-05-16,철회,제16대 (2000~2004) 제216회,"['■ 제안이유 및 주요골자통행료 징수체계의 불합리와 대체도로의 부족 등으로 대도시 근교의 출퇴근 차량통행자들이 과도한 통행료를부담함으로써 통행료 징수 및 부담과 관련한 민원과 분쟁이 계속해서 발생되고 있는 바, 15킬로미터 이내인 폐쇄식통행료징수구간에 해당하는 유료도로 구간과 개방식통행료징수구간에 해당하는 유료도로 구간의 경우에는일정한 출퇴근시간에 한하여 통행료를 면제할 수 있는 법적 근거를 마련함으로써 통행료 징수와 관련한 민원및 분쟁을 해소하여 해당 유료도로 차량통행자의 편익을 증진시키는 한편, 유료도로 통행료체계의 합리적인 개선을 도모하고 통행료 징수를 원활히 하려는 것임.']",건설교통위원회,"['고흥길', '강신성일', '강재섭', '권기술', '권오을', '김일윤', '김진재', '김학송', '김홍신', '남경필', '도종이', '맹형규', '박혁규', '신영균', '안경률', '유성근', '윤여준', '윤한도', '이병석', '이원창', '이원형', '이윤성', '이인기', '이재오', '이주영', '임인배', '임태희', '정병국', '현승일', '황우여', '목요상', '민봉기', '박관용', '박근혜', '박명환', '박세환', '박승국', '박시균', '박원홍', '박재욱', '박종근', '박종웅', '박종희', '박주천', '박창달', '박헌기', '박희태', '백승홍', '서상섭', '서정화', '서청원', '손태인', '손학규', '손희정', '신경식', '신영국', '신현태', '심규철', '심재철', '안상수', '안영근', '안택수', '엄호성', '오세훈', '원희룡', '유흥수', '윤경식', '윤두환', '윤영탁', '이강두', '이규택', '이방호', '이부영', '이상득', '이상배', '이상희', '이성헌', '이연숙', '이재창', '이한구', '이해봉', '이회창', '임진출', '전용원', '전재희', '정문화', '정의화', '정인봉', '정재문', '정창화', '정형근', '조웅규', '조정무', '주진우', '최돈웅', '최병국', '최병렬', '최연희', '하순봉', '허태열', '현경대', '홍사덕', '황승민']"
160545,  신용정보의이용및보호에관한법률중개정법률안,2000-12-16,정부,2001-02-28,수정가결,제16대 (2000~2004) 제216회,"['■ 제안이유현재 법령상의 근거없이 행하여지고 있는 유가증권에 대한 신용평가업무가 보다 객관적이고 공정하게 행하여질수 있도록 하기 위하여 신용평가업무에 대한 법적 근거를 마련하고, 신용정보업자의 불법적인 채권추심행위를방지하기 위하여 채권추심행위시 금지행위를 구체화하는 한편, 현행 제도의 운영상 나타난 일부 미비점을 개선·보완하려는 것임.■ 주요골자1. 신용정보업의 업무의 종류에 신용평가업무를 추가하여 신용평가업을 영위하고자 하는 자는 금융감독위원회의 허가를 받도록 함(안 제6조제4호 신설).2. 신용정보업자의 건전한 운영을 유도하기 위하여 신용정보업자의 자기자본이 일정한 기간동안 자본금요건에미달하는 경우 등에도 신용정보업의 허가를 취소할 수 있도록 함(안 제12조제1항).3. 신용정보업자의 불법적인 채권추심행위를 방지하기 위하여 신용정보업자가 채권추심행위를 함에 있어서 채무자 또는 그의 관계인을 정당한 사유없이 빈번하게 방문하거나 연락하는 행위 등을 금지하고, 이를 위반한자는 3년 이하의 징역 또는 3천만원 이하의 벌금에 처하도록 함(안 제26조제7호).■ 위원회 수정사항□ 수정이유 및 주요골자1. 각 신용정보업무에 대한 정의를 일괄 규정함으로써 법률 체계의 통일을 기하고 규정의 중복성을 방지함(안제2조제8호 내지 제11호, 안 제4조제4항 등).2. 채권추심업무 허가의 예외근거를 삭제하여 채권추심업무를 영위하기 위해서는 반드시 금융감독위원회의 허가를 얻도록 함(안 제4조제4항제3호).3. 신용평가실적서와 함께 금융감독위원회가 정하는 기타 사항도 공개될 수 있도록 하여 관련 이해관계자들이신용평가기관의 평가능력을 객관적으로 파악할 수 있도록 함(안 제9조의2제4항 및 제5항).']",재정경제위원회,[]
160544,  공인회계사법중개정법률안,2000-12-16,정부,2001-02-28,수정가결,제16대 (2000~2004) 제216회,"['■ 제안이유공인회계사의 직무수행의 자율성을 높이기 위하여 개업·휴업 등의 신고의무제도를 폐지하고, 회계법인의 설립인가제도를 등록제도로 전환하며, 공인회계사회를 임의단체로 하는 등 공인회계사와 관련된 각종 규제를 폐지또는 완화하려는 것임.■ 주요골자1. 공인회계사에 대한 공신력을 높이기 위하여 공인회계사의 결격요건을 금융기관의 임원의 결격요건에 준하여조정함(안 제4조).2. 공인회계사의 개업·휴업 및 폐업의 신고의무제도를 폐지하여 공인회계사의 직무수행에 있어서 자율성을 제고함(현행 제10조 삭제).3. 회계법인의 설립인가제도를 등록제도로 전환하는 한편, 회계법인의 최저자본금을 10억원에서 5억원으로 인하하는 등 회계법인의 설립과 관련한 규제를 완화함(안 제23조 및 제27조제1항).4. 규제개혁위원회의 사업자단체정비계획에 따라 공인회계사단체의 설립을 자유화하고, 공인회계사의 강제가입제도를 폐지함(안 제41조 및 제42조).5. 부실감사를 한 회계법인과 공인회계사에 대한 효과적인 제재수단으로서 과징금제도를 도입하여 회계법인 또는 공인회계사가 감사 또는 증명업무를 수행함에 있어서 중대한 착오 또는 누락으로 부실감사를 한 경우 회계법인에 대하여는 5억원 이하의 과징금을, 공인회계사에 대하여는 5천만원 이하의 과징금을 각각 부과할수 있도록 함(안 제8장의2 신설).□ 수정이유 및 주요골자1. 공인회계사회 관련 제도는 현행대로 유지하고자 함(안 제41조 및 제42조 등).2. 부실감사에 관련된 공인회계사에 대한 과징금의 상한을 1억원으로 함(안 제52조의2제1항).']",재정경제위원회,[]
160543,  주식회사의외부감사에관한법률중개정법률안,2000-12-16,정부,2001-02-28,수정가결,제16대 (2000~2004) 제216회,"['■ 제안이유기업회계의 투명성과 감사인의 독립성 및 자율성을 높이기 위하여 감사인의 선임절차를 개선하고 회계법인의사업보고서 제출제도를 폐지하는 등 감사인에 대한 규제를 완화하며, 감사인의 책임을 강화하기 위하여 감사인이 감사보고서를 허위로 작성한 경우 등에는 당해 위반사실을 공시하도록 하는 공시제도를 새로 도입하는 한편, 현행 제도의 운영상 나타난 일부 미비점을 개선·보완하려는 것임.■ 주요골자1. 회사가 감사인을 선임하는 경우 종전에는 감사 또는 감사인선임위원회의 제청에 의하여 정기주주총회의 승인을 얻도록 하였으나, 앞으로는 감사 또는 감사인선임위원회의 승인을 얻어 선임하되 그 사실을 사후에 정기주주총회에 보고하도록 감사인의 선임절차를 개선함(안 제4조제2항 및 제3항).2. 상장법인 외에 협회등록법인의 경우에도 감사인을 선임함에 있어서 연속하는 3개 사업연도의 감사인을 동일감사인으로 선임하도록 의무화함(안 제4조의2제1항).3. 회사가 감사인을 해임하고자 하는 경우에는 당해 감사인에게 감사 또는 감사인선임위원회에 의견을 진술할수 있는 기회를 주도록 의무화하고, 해임되는 감사인이 의견을 진술한 때에는 그 내용을 증권선물위원회에보고하도록 하여 회사가 부당하게 감사인을 해임할 수 없도록 함(안 제4조의5 신설).4. 부실감사를 예방하고 회계정보의 신뢰성을 제고하기 위하여 회사 또는 감사인이 회계처리기준에 위반하여재무제표를 작성한 경우, 감사보고서에 기재하여야 할 사항을 기재하지 아니하거나 허위로 기재한 경우 등에는 증권선물위원회로 하여금 그 위반사실을 공시할 수 있도록 함(안 제16조의2).■ 위원회 수정사항□ 수정이유 및 주요골자1. 개정안은 공인회계사단체를 복수화하고자 하는 공인회계사법중개정법률안을 전제로 조문을 개정하고 있으2, 우리 위원회에서 동 법률안에 대한 심사결과 현행 공인회계사회를 유지하기로 하였는 바 관련 조문을 정비함(안 제3조제1항제3호 등).3. 회계법인의 경우에는 이사를 바꿔가며 동일회사에 대한 감사를 계속 수행할 수 있는 반면 감사반의 경우에는 이러한 계속감사의 방법이 없으므로, 감사반도 감사에 참여한 공인회계사의 2/3이상을 교체한 경우에는동일회사에 대하여 계속 감사할 수 있도록 하여 양자간에 형평을 기함(안 제3조제6항).']",재정경제위원회,[]
160542,  선원법중개정법률안,2000-12-16,정부,2001-02-28,수정가결,제16대 (2000~2004) 제216회,"['■ 제안이유한일어업협정 등으로 국제어업질서가 개편됨에 따라 선원의 실업문제에 대하여 체계적으로 대응할 수 있도록한국선원복지고용센터를 설립하여 선원의 복지증진과 고용촉진을 도모하고, 선원의 승하선 절차와 퇴직금제도를 개선하여 선원 및 선박소유자의 편의를 증진하며 그 밖에 현행 제도의 운영과정에서 나타난 일부 미비점을개선·보완하려는 것임.■ 주요골자1. 종전에는 선박소유자는 선원의 승하선 교대가 있을 때에는 승선하거나 하선하는 선원의 승무원명부 및 선원수첩을 해양수산관청에 제출하여 공인을 받도록 하였으나, 앞으로는 근해구역 이내를 운항하는 선박에 승무하는 일부 선원의 승하선 교대시에는 이를 면제하도록 함(안 제44조제3항 신설).2. 계속근로기간이 6월 이상 1년 미만인 선원의 경우 종전에는 선원근로계약이 종료된 경우에 한하여 퇴직금을지급받을 수 있도록 하였으나, 앞으로는 그의 귀책사유 없이 선원근로계약이 해지된 경우에도 퇴직금을 지급받을 수 있도록 함(안 제51조제5항).3. 종전에는 선원의 직업안정업무와 선원의 구직 및 구인등록업무를 한국해양수산연수원에서 하도록 하였으나,앞으로는 한국선원복지고용촉진센터에서 수행할 수 있도록 함(안 제99조제2항 및 제100조제1항).4. 선원의 복지증진과 고용촉진 및 직업안정에 관한 업무를 수행하도록 하기 위하여 한국선원복지고용센터를설립하고, 동센터의 사업내용과 기관구성 그 밖의 운영에 관한 사항을 정함(안 제122조의2 내지 제122조의10 신설).■ 위원회 수정사항□ 수정이유 및 주요골자1. 「한국선원복지고용센터」의 설립준비를 위해서 개정안(부칙)에서는 동 센터의 설립위원(6인 이내)을 위촉하여 동 위원들이 센터의 설립사무를 담당하도록 하고 있는 바, 동 센터의 원활한 설립·발족을 위해서 설립위원들이 설립사무외에 설립당시의 이사 및 감사의 선임까지를 담당하도록 함(안 부칙 제5조제1항).2. 동 센터의 설립당시의 이사장은 부칙 제5조제1항의 규정에 의하여 선임된 이사들이 이사회를 개최하여 선임하되, 해양수산부장관의 승인을 얻도록 함(안 부칙 제5조제2항).']",농림해양수산위원회,[]
160541,  조세특례제한법중개정법률안(김원길의원등 20인 외 1인),2000-12-16,의원,2001-12-14,폐기,제16대 (2000~2004) 제216회,['■ 제안이유 및 주요골자아직 초기단계에 있는 천연가스시내버스의 보급을 촉진하기 위하여 천연가스연료(CNG)에 부과되고 있는 특별소비세에 대하여 시내버스용에 한정하여 향후 5년간 한시적으로 감면하고자 함.'],재정경제위원회,"['김원길', '강운태', '김경천', '김방림', '김부겸', '김영배', '박인상', '박주선', '송석찬', '안상수', '오세훈', '윤철상', '이정일', '장영달', '정대철', '정병국', '정장선', '조재환', '천정배', '한명숙']"
160540,  하수도법중개정법률안(김원길의원등 20인 외 1인),2000-12-16,의원,2001-02-28,대안반영폐기,제16대 (2000~2004) 제216회,"['■ 제안이유 및 주요내용생활하수를 발생원에서 법정방류수 이하로 깨끗하게 처리할 경우에도 그 발생원이 하수처리구역내에 있다는 사실 하나만으로 처리수를 무조건 하수종말처리시설로 유입처리하도록 하는 현행법은 개인의 경제적 부담은 물론 빈번한 하수관로 및 하수종말처리시설의 증설로 인한 국가적 재정적 손실을 야기하고, 모든 생활용수를 하류로 유입함으로써 갈수기에 상류지역의 하천 생태계 파괴를 수반하며, 깨끗한 처리수가 불량 하수관로를 따라 하수종말처리시설로 유입되는 과정에서 누수됨으로써 하수처리시설의 효율성마저 저하시키는 결과를 초래함. 따라서 일정규모 이상의 생활오수를 배출하는 시설의 경우 오수？분뇨및축산폐수의처리에관한법률 제5조의 규정에 의한 방류수 수질기준을 초과하지 않는 경우에는 공공하수도 유입제외가 가능하도록 법을 개정하고자 함.']",환경노동위원회,"['김원길', '강운태', '김경천', '김방림', '김부겸', '김영배', '박인상', '박주선', '송석찬', '오세훈', '윤철상', '이재오', '이정일', '장영달', '정대철', '정병국', '정장선', '조재환', '천정배', '한명숙']"
160539,  환경오염손해에대한배상책임법안(김원길의원등 20인 외 1인),2000-12-16,의원,2004-05-29,임기만료폐기,제16대 (2000~2004) 제216회,"['■ 제안이유오늘날 환경오염으로 인한 피해는 점차 늘고 있는데 이에 대한 적절한 구제가 효과적으로 이루어지고 있지 못한 실정에 있음. 피해자의 경우 정보의 부족등으로 인하여 사업자의 고의？과실 및 사업활동과 피해간의 인과관계를 입증하기 곤란하며, 또한 사업자에게 손해배상책임이 있더라도 환경오염으로 인한 피해는 광범위하여 배상액이 고액인 경우가 많기 때문에 배상책임의 이행을 담보하기가 어려운 실정임.따라서 환경오염피해에 대한 사업자의 무과실책임을 명시하고, 환경오염을 야기시킬 위험성이 높은 시설의 경우 환경오염으로 인한 손해배상책임을 이행할 수 있도록 필요한 조치를 하도록 하고, 입증책임을 사업자가 부담하도록 함으로써 환경오염피해에 대한 구제가 보다 원활하게 이루어질 수 있도록 하고자 법을 제정하려는 것임.■ 주요내용가. 사업장등에서 발생되는 환경오염으로 인하여 타인에게 손해가 발 생한 때에는 당해 사업자는 손해가 천재？지변 기타 불가항력의 사유로 인하여 발생한 경우를 제외하고는 그 손해를 배상하여야 함(안 제3조제1항).나. 사업장등이 2개이상 있는 경우에 어느 사업장등에 의하여 손해 가 발생한 것인지 알 수 없을 때에는 각 사업자는 연대하여 배 상하도록 함(안 제4조).다. 환경오염을 유발할 위험성이 높은 시설중 대통령령으로 정하는 시설을 이용하여 사업을 하는 자는 당해 시설로 인하여 초래될 수 있는 환경오염으로 인한 손해배상을 이행할 수 있도록 필요한 조치를 하여야 하며, 이는 환경오염손해배상보장계약의 체결 또는 공탁으로 하도록 함(안 제6조).라. 사업자의 손해배상책임이 발생한 때에는 피해자는 보험자 등에 대 하여도 직접 손해배상의 지급을 청구할 수 있도록 하되, 사업자의 고의에 의하여 손해가 생긴 경우는 제외하도록 함(안 제8조제1항).마. 사업자가 손해의 발생이 당해 사업활동이 아닌 다른 원인으로 인한 것임을 입증하지 못하면 그 손해는 당해 사업활동 때문에 발생한 것으로 추정하도록 함(안 제10조).바. 손해배상은 금전으로 하되, 배상금액에 비하여 현저하게 과다한 비용을 요하지 아니하고 원상을 회복할 수 있는 경우에는 피해자가 원상의 회복을 청구할 수 있도록 함(안 제11조제1항).사. 사업활동이 손해를 유발한 것으로 추정할 만한 사정이 존재하는 때에는 손해배상청구권의 성립과 범위를 확정하기 위하여 필요한 경우 피해자는 사업자에게 정보의 제공을 청구할 수 있도록 함(안 제13조제1항).']",환경노동위원회,"['김원길', '강운태', '김경천', '김방림', '김부겸', '김영배', '박주선', '송석찬', '안상수', '오세훈', '윤철상', '이재오', '이정일', '장영달', '정대철', '정병국', '정장선', '조재환', '천정배', '한명숙']"
160538,  산업안전보건법중개정법률안(김원길의원등 20인 외 1인),2000-12-16,의원,2004-05-29,임기만료폐기,제16대 (2000~2004) 제216회,"['■ 제안이유 및 주요내용컴퓨터단말기 및 이와 유사한 기기의 조작업무에 종사하는 근로자를 유해광선 및 전자파로부터 보호하기 위하여 사업주에게 유해광선 및 전자파의 차단 또는 중화장치를 설치하도록 의무화 하고, 노동부장관은 이를 정기적으로 검사하여 규제기준을 초과하는 경우에는 필요한 시정조치를 명할 수 있도록 하려는 것임.']",환경노동위원회,"['김원길', '강운태', '김경천', '김방림', '김부겸', '김영배', '박인상', '박주선', '송석찬', '안상수', '윤철상', '이재오', '이정일', '장영달', '정대철', '정병국', '정장선', '조재환', '천정배', '한명숙']"
160537,  토양환경보전법중개정법률안(김원길의원등 20인 외 1인),2000-12-16,의원,2001-02-28,대안반영폐기,제16대 (2000~2004) 제216회,"['■ 제안이유 및 주요내용토양오염개선사업의 경우 시？도지사는 토양오염개선사업의 전부 또는 일부의 실시를 그 오염원인자에게 명할 수 있다. 이 경우 오염토양개선사업을 오염원인자가 실시하는 경우 시？도지사는 토양보전을 위하여 필요하다고 인정하는 경우에는 토양관련전문기관이 감리？감독하게 할 수 있도록 하고, 감리？감독을 거부？방해 또는 기피한 자에 대한 벌칙을 규정함.']",환경노동위원회,"['김원길', '강운태', '김경천', '김방림', '김부겸', '김영배', '박주선', '송석찬', '안상수', '윤철상', '이재오', '이정일', '장영달', '정대철', '정동채', '정병국', '정장선', '조재환', '천정배', '한명숙']"
160536,  폐기물관리법중개정법률안(김원길의원등 20인 외 2인),2000-12-16,의원,2003-04-30,대안반영폐기,제16대 (2000~2004) 제216회,['■ 제안이유 및 주요골자사용종료 또는 폐쇄된 폐기물매립시설의 토지를 이용함에 있어서 일부 자치단체에서 축구장등 체육시설을 건설하거나 골프장을 건설하려는 계획을 세우는 등 매립장의 토지이용을 잘못함으로써 국민의 건강을 위협할 소지가 있음. 따라서 사용종료 또는 폐쇄후 20년 미만의 경우 그 이용범위를 초목 및 식재에 국한하도록 하려는 것임.'],환경노동위원회,"['김원길', '강운태', '김경천', '김방림', '김부겸', '김영배', '박주선', '송석찬', '안상수', '오세훈', '윤철상', '이재오', '이정일', '장영달', '정대철', '정병국', '정장선', '조재환', '천정배', '한명숙']"
160535,  국회에서의증언·감정등에관한법률중개정법률안(엄호성의원등 28인),2000-12-16,의원,2002-02-28,대안반영폐기,제16대 (2000~2004) 제216회,"['■ 제안이유 및 주요내용국정감사 및 국정조사와 관련한 서류의 범위에 도면, 사진, 디스크, 필름, 전자문서 등 다양한 형태로 이루어지고 있는 기록물을 포함하고, 서류제출요구 외에 물건의 제출도 요구할 수 있도록 하며 검증을 하고자 하는 경우에는 위원회의 의결 뿐만 아니라 재적위원 1/3이상의 요구로도 행할 수 있도록 하여 국정감사 및 국정조사의 실효성을 확보하기 위함.']",정치개혁특별위원회,"['엄호성', '강삼재', '강재섭', '권태망', '김문수', '김정숙', '김학송', '김형오', '김호일', '나오연', '남경필', '도종이', '박관용', '박종근', '박창달', '박희태', '서청원', '손태인', '안경률', '원희룡', '유성근', '이강두', '이병석', '이성헌', '이인기', '임태희', '정형근', '최병렬']"
160534,  국정감사및조사에관한법률중개정법률안(엄호성의원등 29인),2000-12-16,의원,2002-02-28,대안반영폐기,제16대 (2000~2004) 제216회,"['■ 제안이유 및 주요내용국정감사 또는 조사와 관련하여 서류제출요구 외에 물건의 제출도 요구할 수 있도록 하고, 물건의 제출을 요구하는 경우 서류제출요구와 같이 재적위원 1/3이상의 요구로 할 수 있도록 하며, 서류의 범위에 도면, 사진, 디스크, 필름, 전자문서 등 다양한 형태로 이루어지고 있는 기록물을 포함하여 효율적인 국정감사 및 국정조사가 이루어질 수 있도록 하려는 것임.']",국회운영위원회,"['엄호성', '강삼재', '강신성일', '강재섭', '권태망', '김문수', '김정숙', '김학송', '김형오', '김호일', '나오연', '남경필', '도종이', '박관용', '박종근', '박창달', '박희태', '서청원', '손태인', '안경률', '원희룡', '유성근', '이강두', '이병석', '이성헌', '이인기', '임태희', '정형근', '최병렬']"
160533,  국회법중개정법률안(엄호성의원등 28인),2000-12-16,의원,2002-02-28,대안반영폐기,제16대 (2000~2004) 제216회,"['■ 제안이유 및 주요내용안건심의 또는 국정감사나 국정조사와 관련하여 서류제출요구 외에 물건의 제출도 요구할 수 있도록 하고, 서류에 도면, 사진, 디스크, 필름, 전자문서 등 다양한 형태로 이루어지고 있는 기록물을 포함함으로써 그 범위를 명확히 하는 한편, 정보화 및 전자정부의 구축에 호응하고, 국정감사나 조사와 관련된 물건의 제출요구도 서류제출요구와 같이 재적위원 1/3이상의 요구로 할 수 있도록 하여 효율적인 안건심의 또는 국정감사나 국정조사가 이루어질 수 있도록 하려는 것임.']",정치개혁특별위원회,"['엄호성', '강삼재', '강재섭', '권태망', '김문수', '김정숙', '김학송', '김형오', '김호일', '나오연', '남경필', '도종이', '박관용', '박종근', '박창달', '박희태', '서청원', '손태인', '안경률', '원희룡', '유성근', '이강두', '이병석', '이성헌', '이인기', '임태희', '정형근', '최병렬']"
160532,  강제부당퇴출은행의피해자보상에관한특별법안(김문수의원등 141인),2000-12-15,의원,2004-03-02,대안반영폐기,제16대 (2000~2004) 제216회,"['제안이유？？？？？？？？？？？1998년 6월 29일 경기, 충청, 동화, 대동, 동남은행 등 5개 은행 퇴출과정에서 강제적이고 부당한 행정처분에 의하여 피해를 당한 퇴출은행의 주주와 직원들에 대하여 형평성과 합리성에 입각한 명예회복과 피해보상을 규정함으로써 원칙과 기준 없는 구조조정의 잘못을 바로 잡고자 함주요골자？？？？？？？？？？？가. 피해구제 대상자를 5개 퇴출은행의 주주(특히 소액주주)와 직원으로 정함(안 제2조).나. 피해보상기준을 명확하게 정함(안 제4조).다. 퇴출은행 인수과정에서 인수금융기관이 획득한 이익금중 일부를 출연토록 하여 이를 피해보상 재원으로 활용토록 함(안 제5조).']",재정경제위원회,"['김문수', '강삼재', '강신성일', '강인섭', '강재섭', '강창성', '강창희', '고흥길', '권기술', '권오을', '권철현', '권태망', '김광원', '김기배', '김기춘', '김덕룡', '김동욱', '김락기', '김만제', '김무성', '김부겸', '김성조', '김영구', '김영일', '김영춘', '김용갑', '김용균', '김용학', '김용환', '김원웅', '김일윤', '김정숙', '김종하', '김종호', '김진재', '김찬우', '김태호', '김학송', '김학원', '김형오', '김호일', '김홍신', '나오연', '남경필', '도종이', '맹형규', '목요상', '민봉기', '박관용', '박명환', '박세환', '박승국', '박시균', '박원홍', '박재욱', '박종근', '박종웅', '박종희', '박주천', '박창달', '박헌기', '박혁규', '박희태', '백승홍', '서상섭', '서정화', '서청원', '손태인', '손학규', '손희정', '신경식', '신영국', '신영균', '신현태', '심규철', '심재철', '안경률', '안대륜', '안상수', '안영근', '안택수', '엄호성', '오세훈', '오장섭', '원희룡', '유흥수', '윤경식', '윤두환', '윤여준', '윤영탁', '윤한도', '이강두', '이규택', '이방호', '이병석', '이부영', '이상득', '이상배', '이상희', '이성헌', '이양희', '이연숙', '이완구', '이원창', '이원형', '이윤성', '이인기', '이재선', '이재오', '이주영', '이한구', '이해봉', '임인배', '임진출', '임태희', '전용원', '전재희', '정문화', '정병국', '정우택', '정의화', '정인봉', '정재문', '정진석', '정창화', '정형근', '조웅규', '조정무', '조희욱', '주진우', '최돈웅', '최병국', '최병렬', '최연희', '하순봉', '허태열', '현경대', '현승일', '홍사덕', '황승민', '황우여']"
160529,  정보통신망이용촉진등에관한법률개정법률안(대안),2000-12-14,위원장,2000-12-15,원안가결,제16대 (2000~2004) 제216회,"['■ 제안경위2000년 8월 29일 조웅규의원등 20인으로부터 발의되어 동년 8월 30일 당위원회에 회부된 정보통신망이용촉진등에관한법률중개정법률안과 2000년 9월 23일 조웅규의원등 20인으로부터 발의되어 동년 9월 25일 당위원회에회부된 정보통신망이용촉진등에관한법률중개정법률안, 2000년 11월 11일 조웅규의원등 20인으로부터 발의되어동년 11월 13일 당위원회에 회부된 정보통신망이용촉진등에관한법률중개정법률안, 2000년 11월 21일 정부로부터 제출되어 동년 11월 22일 당위원회에 회부된 정보통신망이용촉진등에관한법률개정법률안과 동년 12월 1일남궁석의원등 27인으로부터 발의되어 동년 12월 4일 당위원회에 회부된 정보통신망이용촉진등에관한법률중개정법률안을 함께 심사한 결과 합의된 내용을 1개의 법안으로 통합하여 위원회 대안으로 제안하기로 하고 위 원안들은 본회의에 부의하지 아니하기로 함.■ 제안이유정보통신망의 이용을 촉진하기 위하여 인터넷서비스 품질 개선 및 인터넷주소자원의 확충을 위한 시책을 마련하고, 정보통신서비스이용자의 개인정보를 보호하기 위하여 정보통신서비스제공자에 대한 규제를 강화하며,인터넷상의 음란·폭력물로부터 청소년을 보호하기 위하여 정보통신부장관이 내용선별소프트웨어의 개발 및 보급 등의 시책을 마련하도록 하고 타인의 정보통신서비스제공을 위하여 집적된 정보통신시설의 안정적 운영을위한 제도를 신설하는 등 현행 제도의 운영상 나타난 일부 미비점을 개선·보완하려는 것임.■ 주요골자1. 정보통신망의 이용촉진 등에 관한 사항외에 정보통신서비스이용자의 개인정보의 보호제도에 관한 사항이 대폭 규정됨에 따라 법률의 명칭을 「정보통신망이용촉진및정보보호등에관한법률」로 변경함(안 제명).2. 정보통신부장관은 정보통신서비스이용자의 권익 보호를 위하여 인터넷서비스의 품질개선과 인터넷주소자원의 확충 및 적정한 활용을 위한 시책을 강구하도록 함(안 제15조 및 제16조).3. 정보통신서비스제공자가 개인정보의 수집·처리·관리 등을 타인에게 위탁하는 경우에 그 타인의 개인정보보호위반행위에 대하여 책임을 지도록 하고, 정보통신서비스제공자외의 자가 개인정보를 수집·이용·제공하는 경우에도 이 법에 의한 개인정보보호관련 의무를 부과함(안 제25조 및 제58조).4. 14세 미만의 아동으로부터 개인정보를 수집하는 경우 법정대리인의 동의를 받도록 하고, 법정대리인에게 아동의 개인정보에 대한 열람 및 정정 요구권을 부여함(안 제31조).5. 개인정보와 관련된 분쟁을 간편·신속하게 조정하기 위하여 개인정보분쟁조정위원회를 설립하고, 동위원회의 구성·운영 및 조정절차 등에 관한 사항을 정함(안 제33조 내지 제40조).6. 정보통신부장관이 정보통신망을 통하여 유통되는 음란·폭력정보 등의 유해한 정보로부터 청소년을 보호하기 위하여 내용선별소프트웨어의 개발 및 보급 등의 시책을 마련하도록 함(안 제41조).7. 청소년보호법상의 청소년유해매체물인 정보를 정보통신망을 이용하여 제공하고자 하는 자는 청소년유해매체물임을 표시하도록 하고, 청소년유해매체물임을 표시하지 아니하고 영리를 목적으로 당해 정보를 제공하는경우에는 과태료에 처하도록 함(안 제42조 및 제66조제1항제12호).8. 타인의 정보통신서비스제공을 위하여 집적된 정보통신시설을 운영·관리하는 사업자에게 정보통신시설의 안정적 운영을 위한 보호조치 등을 마련하도록 함(안 제46조).9. 컴퓨터바이러스를 전달·유포하거나 타인의 정보통신망의 안정적 운영을 방해할 목적으로 대량의 정보를 전송하는 등의 행위에 대한 처벌근거를 마련함(안 제48조 및 제62조).10. ""한국정보보호센터""의 명칭을 ""한국정보보호진흥원""으로 변경함(안 제52조).']",과학기술정보통신위원회,[]
160528,  예산회계에관한특례법폐지법률안(이강두의원등 5인 외 128인),2000-12-14,의원,2004-05-29,임기만료폐기,제16대 (2000~2004) 제216회,"['제안이유？？？？？？？？？？？이 법은 5·16군사 쿠테타에 의하여 집권한 정부가 국가안보 업무를 효율적으로 수행한다는 명분하에 국가안전보장을 위한 활동에 소요되는 예비비의 사용과 결산에 관하여 예산회계법의 적용을 배제하고 총액으로 계상하여 중앙정보부 예산편성 과정에 국민의 대표인 국회의 심의를 배제한 법률로써 국회의 형식적 예·결산 심사를 유도한 국가정보원법의 예산심의 제한규정과 더불어 국회의 예산심의 확정권을 훼손하는 악법임.특히, 중앙정보부의 후신인 국가정보원의 역할과 기능이 오늘날 급격히 변화하여 국가안보 기능보다 정권안보 기능만 수행하고 있으므로 국정원 예산이 더 이상 안보예비비라는 편법으로 국회의 예산심의를 기피할 근거와 이유가 전혀 없으므로 이 법을 폐지하고 일반행정기관의 예산안과 같이 국회의 심의를 받도록 하고자 함.']",국회운영위원회,"['이강두', '권오을', '목요상', '이재창', '이한구', '고흥길', '권기술', '권철현', '권태망', '김광원', '김기배', '김기춘', '김덕룡', '김동욱', '김락기', '김만제', '김무성', '김문수', '김부겸', '김성조', '김영구', '김영일', '김영춘', '김용갑', '김용균', '김용학', '김원웅', '김일윤', '김정숙', '김종하', '김진재', '김찬우', '김태호', '김학송', '김형오', '김호일', '김홍신', '나오연', '남경필', '도종이', '맹형규', '민봉기', '박관용', '박근혜', '박명환', '박세환', '박승국', '박시균', '박원홍', '박재욱', '박종근', '박종웅', '박종희', '박주천', '박창달', '박헌기', '박혁규', '박희태', '백승홍', '서상섭', '서정화', '서청원', '손태인', '손학규', '손희정', '신경식', '신영국', '신영균', '신현태', '심규철', '심재철', '안경률', '안상수', '안영근', '안택수', '엄호성', '오세훈', '원희룡', '유성근', '유흥수', '윤경식', '윤두환', '윤여준', '윤영탁', '윤한도', '이규택', '이방호', '이병석', '이부영', '이상득', '이상배', '이상희', '이성헌', '이연숙', '이원창', '이원형', '이윤성', '이인기', '이재오', '이주영', '이해봉', '이회창', '임인배', '임진출', '임태희', '전용원', '전재희', '정문화', '정병국', '정의화', '정인봉', '정재문', '정창화', '정형근', '조웅규', '조정무', '주진우', '최돈웅', '최병국', '최병렬', '최연희', '하순봉', '허태열', '현경대', '현승일', '홍사덕', '황승민', '황우여']"
160527,  국가정보원법중개정법률안(이강두의원등 5인 외 128인),2000-12-14,의원,2004-05-29,임기만료폐기,제16대 (2000~2004) 제216회,['제안이유？？？？？？？？？？？남북관계의 긴장완화로 국가정보원의 기능과 역할이 대폭 축소됨에 따라 국가안보기능보다 정권안보기능만 남아있는 국가정보원의 예산에 특례를 인정할 필요성이 없어졌기 때문에 국회의 예산심의를 사실상 제한하는 내용을 규정한 예산회계에관한특례법을 폐지하여 국가정보원의 예산도 국민의 대표인 국회의 심의 의결을 받도록 제도화하기 위하여 예산회계에관한특례법의 근거조항인 국가정보원법의 관련 조항을 개정하고자 함.주요골자？？？？？？？？？？？가. 국가정보원의 예산요구를 경상운영비와 정보비 및 비밀활동비로 구분하여 산출내역과 근거를 예산안 첨부서류로 국회에 제출토록 함(안 제12조제2항).나. 비밀활동비는 총액으로 하되 국회 정보위원회와 예산결산특별위원회의 심사를 위해 필요한 세부자료를 제출하도록 함(안 제12조제3항).다. 국회 정보위원회와 예산결산특별위원회는 국가기밀에 속하는 사항이라고 판단될 경우 위원회 의결로 국가정보원 비밀활동비 예산안심사를 비공개로 할 수 있도록 함(안 제12조 5항).라. 감사원장은 매년 국가정보원 소관예산에 관한 회계검사를 행하고 그 결과를 국회예산결산특별위원회에 보고하도록 함(안 제14조).'],정보위원회,"['이강두', '권오을', '목요상', '이재창', '이한구', '고흥길', '권기술', '권철현', '권태망', '김광원', '김기배', '김기춘', '김덕룡', '김동욱', '김락기', '김만제', '김무성', '김문수', '김부겸', '김성조', '김영구', '김영일', '김영춘', '김용갑', '김용균', '김용학', '김원웅', '김일윤', '김정숙', '김종하', '김진재', '김찬우', '김태호', '김학송', '김형오', '김호일', '김홍신', '나오연', '남경필', '도종이', '맹형규', '민봉기', '박관용', '박근혜', '박명환', '박세환', '박승국', '박시균', '박원홍', '박재욱', '박종근', '박종웅', '박종희', '박주천', '박창달', '박헌기', '박혁규', '박희태', '백승홍', '서상섭', '서정화', '서청원', '손태인', '손학규', '손희정', '신경식', '신영국', '신영균', '신현태', '심규철', '심재철', '안경률', '안상수', '안영근', '안택수', '엄호성', '오세훈', '원희룡', '유성근', '유흥수', '윤경식', '윤두환', '윤여준', '윤영탁', '윤한도', '이규택', '이방호', '이병석', '이부영', '이상득', '이상배', '이상희', '이성헌', '이연숙', '이원창', '이원형', '이윤성', '이인기', '이재오', '이주영', '이해봉', '이회창', '임인배', '임진출', '임태희', '전용원', '전재희', '정문화', '정병국', '정의화', '정인봉', '정재문', '정창화', '정형근', '조웅규', '조정무', '주진우', '최돈웅', '최병국', '최병렬', '최연희', '하순봉', '허태열', '현경대', '현승일', '홍사덕', '황승민', '황우여']"
160526,  댐건설및주변지역지원등에관한법률중개정법률안(한승수의원등 23인 외 1인),2000-12-14,의원,2004-05-29,임기만료폐기,제16대 (2000~2004) 제216회,"['제안이유 및 주요골자？？？？？？？？？？？？？？？？？？？？？？？？？？？댐은 원활한 물 공급과 홍수예방·수력발전 등에 상당한 역할을 하고 있으나 상수원보호 및 수질오염방지 등을 위한 각종 규제와 교통단절·생태계 파괴 등으로 인하여 댐이 소재하고 있는 시·군 또는 구는 지역개발에 어려움을 겪고 있을 뿐만 아니라 그 지역주민은 정신적·물리적 피해 등을 입고 있으므로 댐이 소재하고 있는 시·군 또는 구의 물 사용료를 면제함으로써 그 지역의 피해를 최소화하는 한편, 댐의 원활한 건설 및 관리를 도모하려는 것임.']",건설교통위원회,"['한승수', '강숙자', '권오을', '김경재', '김용균', '김용학', '김태식', '김택기', '송훈석', '신경식', '원유철', '유재건', '유재규', '이성헌', '이용삼', '이원성', '이창복', '정균환', '조부영', '조정무', '최돈웅', '최연희', '하순봉']"
160524,  건설기술관리법중개정법률안(대안),2000-12-14,위원장,2000-12-15,원안가결,제16대 (2000~2004) 제216회,"['■ 제안경위2000년 8월 11일 임인배의원외 32인이 발의하여 8월 11일자로 우리 위원회에 회부된 건설기술관리법중개정법률안과 2000년 11월 20일 정부가 제출하여 11월 22일자로 우리 위원회에 회부된 건설기술관리법중개정법률안에대하여 심의한 결과 합의된 내용을 1개의 법안으로 통합하여 위원회 대안으로 제안하기로 하고, 임인배의원외32인이 발의한 건설기술관리법중개정법률안과 정부가 제출한 건설기술관리법중개정법률안은 본 회의에 부의하지 아니하기로 함■ 제안이유건설공사의 정보화를 촉진하기 위하여 건설교통부장관은 건설공사지원통합정보체계를 구축하기 위한 기본계획을 수립하도록 하고, 설계등 용역업자와 감리전문회사에 적용되는 손해보증제도를 손해보험제도로 전환함으로써 설계 및 감리에 관한 손해배상제도를 선진화하는 한편, 대규모의 건설공사를 효율적으로 시행할 수 있도록 건설사업관리제도를 활성화하기 위한 시행기준을 마련하는 등 현행 제도의 운영상 나타난 일부 미비점을 개선·보완하려는 것임.■ 주요골자1. 건설교통부장관은 건설공사의 설계·시공·감리 등 각 단계별 업무를 정보화하는 건설공사지원통합정보체계를 효율적으로 구축하기 위하여 기본계획을 수립하도록 하고, 기본계획의 내용 및 수립절차를 정함(안 제15조의2).2. 종전에는 설계등 용역업자와 감리전문회사가 설계등 용역 및 감리업무룰 수행함에 있어 발주청에 재산상의손해를 발생하게 한 경우 그 배상을 담보하기 위하여 설계등 용역업자 및 감리전문회사로 하여금 손해배상보증에 가입하도록 하고 그 보증료를 설계등 용역업자 및 감리전문회사가 부담하도록 하였으나, 앞으로는설계등 용역업자 및 감리전문회사가 용역목적물 및 제3자에게 손해를 발생하게 한 경우 그 배상을 담보하기위하여 설계등 용역업자 및 감리전문회사로 하여금 보험 또는 공제에 가입하도록 하고 그 가입에 필요한 비용은 발주청이 용역비용에 계상하도록 함(안 제21조제4항 및 안 제33조제5항).3. 종전에는 건설공사 또는 설계등 용역업무를 부실하게 수행한 경우 부실벌점을 부과할 수 있도록 하였으나,앞으로는 이를 의무적으로 부과하도록 함으로써 건설공사 및 설계등 용역업무의 부실을 예방할 수 있도록함(안 제21조의4).4. 건설사업의 복합화·대형화 추세에 따라 전문적인 건설사업관리기술을 가진 민간회사로 하여금 건설사업을관리하도록 하는 건설사업관리제도를 활성화하기 위하여 건설사업관리의 업무내용·손해보험 및 대가기준등의 세부기준을 마련함(안 제22조의2 내지 제22조의5 신설).5. 레미콘·모래 등 건설공사에 사용되는 건설자재의 품질을 확보하기 위하여 건설자재의 생산·공급 및 보관에 관하여 필요한 기준을 정하고, 품질확인결과 당해 건설자재를 건설공사에 사용하는 것이 적합하지 아니한 경우에는 건설교통부장관이 관계 행정기관의 장에게 시정명령 등 필요한 조치를 하도록 요청할 수 있도록 함(안 제24조의2 신설).6. 건설공사가 환경과 조화되게 이루어질 수 있도록 하기 위하여 건설공사의 발주자로 하여금 환경훼손 및 오염의 방지 등 건설공사의 환경관리에 필요한 비용을 공사금액에 계상하도록 함(안 제26조의5 신설).7. 종전에는 책임감리 대상이 아닌 중소규모의 건설공사에 대하여는 별도의 감리제도가 없어 부실공사의 우려가 있었으나, 앞으로는 건설공사가 설계도서·관계법령의 내용대로 시공되는지 여부를 확인하거나 시공·안전 등에 대하여 기술지도를 행하는 검측감리 및 시공감리제도를 도입함으로써 중소규모의 건설공사의 품질향상을 도모함(안 제27조의2).']",건설교통위원회,[]
160523,  건축법중개정법률안(대안),2000-12-14,위원장,2000-12-15,원안가결,제16대 (2000~2004) 제216회,"['■ 제안경위2000년 11월 23일 이부영의원등 20인외 113인이 발의하여 동년 11월 24일자로 당위원회에 회부된 건축법중개정법률안과 2000년 11월 13일 정부로부터 제출되어 동년 11월 14일자로 당위원회에 회부된 건축법중개정법률안을 병합심의한 결과 합의된 내용을 1개의 법안으로 통합하여 위원회 대안으로 제안하기로 하고 이부영의원등20인외 113인이 발의한 건축법중개정법률안과 정부가 제출한 건축법중개정법률안은 본회의에 부의하지 아니하기로 함.■ 제안이유생활환경 유해요인으로부터 국민의 주거환경 및 교육환경을 철저히 보호할 수 있도록 하기 위하여 위락시설및 숙박시설 등의 무분별한 건축을 제한하고, 자연환경 및 수질을 보호하고 난개발(亂開發)을 방지하기 위하여건축허가전에 도지사의 승인을 얻어야 하는 건축물의 범위를 확대하고, 건축현장에 대한 조사·검사 및 확인결과를 허위로 보고한 건축사에 대한 처벌을 강화함으로써 건축물에 대한 안전의식을 제고하도록 하는 등 현행제도의 운영상 나타난 일부 미비점을 개선·보완하려는 것임.■ 주요골자1. 시장·군수가 건축물의 건축을 허가하기 전에 도지사의 사전승인을 얻어야 하는 건축물을 종전에는 21층 이상의 건축물 등으로 한정하였으나, 앞으로는 자연환경 또는 수질보호를 위하여 도지사가 지정·공고하는 구역안에 건축하는 3층 이상 또는 연면적합계 1천제곱미터이상의 건축물로서 대통령령이 정하는 용도에 해당하는 건축물로 이를 확대함으로써 환경보호 및 난개발의 방지를 도모함(안 제8조제2항제2호).2. 주거환경 또는 교육환경등 주변환경의 보호상 필요하다고 인정하여 도지사가 지정·공고하는 구역안에 건축하는 위락시설 및 숙박시설의 건축물은 건축허가전에 도지사의 사전 승인을 득하도록 하였음(안 제8조제2항제3호 신설).3. 허가권자는 위락시설 또는 숙박시설에 해당하는 건축물의 건축을 허가하고자 하는 경우 당해 건축물의 건축이 주거환경 또는 교육환경 등 주변환경에 비추어 부적합하다고 인정하는 경우에는 건축위원회의 심의를 거쳐 건축허가를 하지 아니할 수 있도록 함(안 제8조제5항 신설).4. 종전에는 대지(垈地)가 방화지구(防火地區)를 제외한 2개이상의 지역·지구 등에 걸쳐 있는 경우에는 당해대지 전체에 대하여 그 대지의 과반(過半)이 속하는 지역·지구 등의 건축기준을 적용하도록 하였으나, 앞으로는 대지가 녹지지역과 다른 지역·지구 등에 걸쳐 있는 경우 녹지지역에 대하여는 과반 여부에 관계없이 녹지지역에 관한 건축기준을 적용하도록 함으로써 녹지지역의 훼손을 최소화할 수 있도록 함(안 제46조제3항 신설).5. 현장조사·검사 및 확인에 관한 시장·군수·구청장의 업무를 대행하는 건축사가 그 결과를 허위로 보고한경우 종전에는 200만원 이하의 벌금에 처하도록 하였으나, 당해 건축사가 실질적으로는 공무원으로서의 직무를 행한다는 점을 감안하여 2년 이하의 징역 또는 2천만원 이하의 벌금에 처하도록 벌칙을 강화함으로써씨랜드화재사건과 같은 사고를 미연에 방지하고 건축물에 대한 안전의식을 제고하도록 함(안 제77조의3 신설).']",건설교통위원회,[]
160522,  한국보훈복지공단법중개정법률안(대안),2000-12-14,위원장,2000-12-15,원안가결,제16대 (2000~2004) 제216회,"['■ 제안경위1. 2000년 11월 24일 김원길·강현욱·김경재·김근태·김덕배·김민석·김부겸·김영배·남궁석·박상희·박주선·송석찬·심규섭·이창복·이훈평·임채정·장성원·장정언·장태완·정동채·정세균·조성준·추미애·한화갑 의원이 발의한 한국보훈복지공단법중개정법률안이 동년 11월 25일 우리 위원회에 회부되어 이를제215회국회(정기회) 제9차 정무위원회(2000.12. 4)에 상정하여 제안설명, 검토보고를 듣고 대체토론을 거친 후 법안심사소위원회에 회부하였음.2. 2000년 9월 6일 정부로부터 제출된 한국보훈복지공단법중개정법률안이 동년 9월 6일자로우리 위원회에 회부되어 이를 제215회국회(정기회) 제9차 정무위원회(2000.12.4)에 상정하여 제안설명,검토 보고를 듣고 대체토론을 거친 후 법안심사소위원회에 회부하였음.3. 이상 2건의 법률안에 대하여 제215회국회(정기회) 제1차 법안심사소위원회(2000. 12. 5)에서 심사한 결과위원회 대안을 마련하기로 함.4. 2000년 12월 6일 제215회국회(정기회) 제10차 정무위원회에서 법안심사소위원회의 심사결과를 바탕으로 검토한 결과, 위 2건의 법률안을 본회의에 회부하지 아니하기로 하고 2건의 법률안의 내용을 충분히 수렴하여위원회의 대안을 제안하기로 함.■ 제안이유한국보훈복지공단의 주된 기능인 국가유공자 등에 대한 의료사업 기능을 강화하기 위하여 한국보훈복지공단의 명칭을 이에 맞게 변경하고, 상임이사장제를 도입하며, 서울보훈병원장이 관장하던 지방 보훈병원을 공단이직접 관장하는 독립된 지역별 보훈병원 체제로 개편하는 등 현행 제도 운영상의 일부 미비점을 개선·보완하고, 국가유공자 가료 및 복지사업 운영의 원활을 기하기 위해 필요한 비용조달을 위하여 복권발매사업을 할 수있는 근거를 마련하려는 것임.■ 주요골자1. 한국보훈복지공단의 주된 기능인 국가유공자 등에 대한 의료사업의 역량을 강화하기 위하여 공단의 명칭을한국보훈복지의료공단으로 변경하고, 이에 따라 법의 제명을 변경함(안 제명 및 제1조).2. 공단이 국가유공자등의 복지증진사업을 위하여 복권의 발행근거, 당첨금 소멸시효기간 등을 신설함(안 제6조의2).3. 공단이 복권판매수익금으로 사용할 수 있는 용도를 규정하여 타용도로 사용할 수 없도록 함(안 제6조의3).4. 공단은 국가유공자 등에 대한 가료·보호 등의 사업을 수행하기 위하여 특별시와 공단의 정관이 정하는 지역에 보훈병원을 두도록 함(안 제7조).5. 자율·책임 경영체제를 확립하기 위하여 공단에 4인 이내의 상임이사를 두되, 상임이사는 공단의 정관이정하는 바에 의하여 업무를 분장하도록 함(안 제8조제1항 및 제9조제3항).6. 공단의 이사장은 종전에는 국가보훈처차장이 이를 겸직하였으나 앞으로는 국가보훈처장의 제청으로 대통령이 임명하도록 하고, 공단의 사장제를 폐지하여 공단의 이사장이 공단을 대표하고 업무를 총괄하도록 함으로써 공단의 자율·책임경영이 이루어지도록 함(안 제8조제2항 및 제9조제2항).7. 공단의 임원으로 하여금 담당업무를 보다 책임있게 수행하도록 하기 위하여 직무상의 의무를 위반하는 등의사유가 있는 때에는 해임할 수 있도록 함(안 제10조의2 신설).']",정무위원회,[]
160521,  국가유공자등예우및지원에관한법률중개정법률안(대안),2000-12-14,위원장,2000-12-15,원안가결,제16대 (2000~2004) 제216회,"['■ 제안경위1. 2000년 11월 6일 설송웅·김호일·강창희의원 등 3인이 발의한 국가유공자등예우및지원에관한법률중개정법률안이 동년 11월 7일 우리 위원회에 회부되어 이를 제215회국회(정기회) 제9차 정무위원회(2000. 12. 4)에상정하여 제안설명, 검토보고를 듣고 대체토론을 거친 후 법안심사소위원회에 회부하였음.2. 2000년 11월 20일 정부로부터 제출된 국가유공자등예우에관한법률중개정법률안이 동년 11월 21일자로 우리위원회에 회부되어 이를 제215회 국회(정기회) 제9차 정무위원회(2000. 12. 4)에 상정하여 제안설명, 검토보고를 듣고 대체토론을 거친 후 법안심사소위원회에 회부하였음.3. 이상 2건의 법률안에 대하여 제215회국회(정기회) 제1차 법안심사소위원회(2000. 12. 5)에서 심사한 결과위원회 대안을 마련하기로함.4. 2000년 12월 6일 제215회국회(정기회) 제10차 정무위원회에서 법안심사소위원회의 심사결과를 바탕으로 검토한 결과, 위 2건의 법률안을 본회의에 회부하지 아니하기로 하고 2건의 법률안의 내용을 충분히 수렴하여위원회의 대안을 제안하기로 함.■ 제안이유1960년 4월 19일을 전후로 국민의 기본권을 수호하기 위하여 혁명대열에 참가하여 민주발전과 사회정의 구현에공헌하여 대한민국 건국포장을 받은 자 등을 이 법의 적용대상인 국가유공자에 포함시켜 이들의 희생적 봉사자로서의 역할이 항구적으로 존중되도록 하고, 국가유공자의 출가한 딸은 극히 예외적인 경우에만 의료보호 등의보상을 받도록 하던 제한 규정을 삭제하며, 무공수훈자의 영예를 기리고 6.25전몰군경자녀의 복지수준을 제고하기 위하여 이들에게 각각 무공영예수당과 6.25전몰군경자녀수당을 지급하도록 하며, 국가유공자와 그 유족및 가족을 위한 교육보호실시기관의 종류에 평생교육시설 등을 추가함으로써 국가유공자 등에 대한 예우를 확대하려는 것임.■ 주요골자1. 적용대상 국가유공자에 4·19혁명공로자를 포함함(안 제4조제1항 10의2 신설, 제22조제1항제1호, 제29조제1항제1호, 부칙 제2항).2. 국가유공자의 출가한 딸은 다른 유족이 없고 친가가 무후(無後)인 경우에만 이 법에 의한 보상을 받을 수있도록 하던 제한규정을 삭제하여 다른 유족과 마찬가지로 보상을 받을 수 있도록 하되, 연금지급 및 대부는 다른 유족이 없는 경우에 한하여 받을 수 있도록 함(안 제5조, 제13조제1항 및 제47조).3. 65세 이상 무공수훈자에게 그 무공의 영예를 기리기 위한 무공영예수당을, 6.25전몰군경자녀중 연금지급순위가 선순위인 1인에 대하여 6.25전몰군경자녀수당을 지급하도록 함(안 제11조, 안 제16조의2 및 제16조의3신설).4. 국가유공자와 그 유족 등이 교육보호를 받을 수 있는 교육기관에 평생교육법에 의한 학력이 인정되는 평생교육시설과 학점인정등에관한법률에 의하여 평가인정을 받은 학습과정을 운영하는 교육훈련기관을 추가함(안 제21조).5. 지금까지 교육부령인 학교수업료및입학금에관한규칙에 의하여 국가유공자 자녀의 대학 입학금 및 수업료를면제하고, 이를 면제한 사립대학에 대하여 국고보조를 하던 것을 이 법에서 직접 규정하도록 함(안 제25조제2항 및 제3항 신설).6. 보상금을 받을 권리의 소멸시효를 3년으로 하던 규정을 삭제하여 국가에 대한 다른 채권의 경우와 동일하게5년으로 하도록 함(현행 제77조 삭제).']",정무위원회,[]
160520,  독립유공자예우에관한법률중개정법률안(대안),2000-12-14,위원장,2000-12-15,원안가결,제16대 (2000~2004) 제216회,"['■ 제안경위1. 2000년 11월 6일 박주선의원이 발의한 독립유공자예우에관한법률 중개정법률안이 동년 11월 7일 우리 위원회에 회부되어 이를 제215회국회(정기회) 제9차 정무위원회(2000. 12. 4)에 상정하여 제안설명, 검토보고를듣고 대체토론을 거친 후 법안심사소위원회에 회부하였음.2. 2000년 11월 20일 정부로부터 제출된 독립유공자예우에관한법률중개정법률안이 동년 11월 21일자로 우리 위원회에 회부되어 이를 제215회 국회(정기회) 제9차 정무위원회(2000. 12. 4)에 상정하여 제안설명, 검토보고를 듣고 대체토론을 거친 후 법안심사소위원회에 회부하였음.3. 이상 2건의 법률안에 대하여 제215회국회(정기회) 제1차 법안심사소위원회(2000. 12. 5)에서 심사한 결과위원회 대안을 마련하기로함.4. 2000년 12월 6일 제215회국회(정기회) 제10차 정무위원회에서 법안심사소위원회의 심사결과를 바탕으로 검토한 결과, 위 2건의 법률안을 본회의에 회부하지 아니하기로 하고 2건의 법률안의 내용을 충분히 수렴하여위원회의 대안을 제안하기로 함.■ 제안이유독립유공자의 출가한 딸 또는 출가한 손녀는 극히 예외적인 경우에만 의료보호 등의 보상을 받도록 하던 제한규정을 삭제하고, 독립유공자와 그 유족 및 가족을 위한 교육보호실시기관의 종류에 평생교육시설 등을 추가함으로써 독립유공자 등에 대한 예우를 확대하려는 것임.또한 일제의 국권침탈기에 조국의 독립을 위하여 공헌하였으나 1992년 1월 1일 이후 그 공로로 건국포장 또는대통령표창을 받은 독립운동가의 경우에는 독립유공자로서의 예우를 받지 못하고 있는 바, 이들 건국포장 또는대통령표창을 받은 독립운동가에 대하여도 그 희생과 공헌에 따른 연금지급 등 국가가 응분의 예우를 함으로써국가유공자로서의 자긍심을 제공하고 나아가 국민의 애국정신을 함양하고자 함.■ 주요골자1. 건국포장 및 대통령표창을 받은 독립운동가를 본 법의 적용대상자로 함(안 제4조제1호 및 제2호) .2. 독립유공자의 출가한 딸 또는 출가한 손녀는 다른 유족이 없고 친가가 무후(無後)인 경우에만 이 법에 의한보상을 받을 수 있도록 하던 제한 규정을 삭제하여 다른 유족과 마찬가지로 보상을 받을 수 있도록 하되,연금지급 및 대부는 다른 유족이 없는 경우에 한하여 받을 수 있도록 함(안 제5조, 제12조제4항 및 제 18조).3. 독립유공자와 그 유족 등이 교육보호를 받을 수 있는 교육기관에 평생교육법에 의한 학력이 인정되는 평생교육시설과 학점인정등에관한법률에 의한 평가인정을 받은 학습과정을 운영하는 교육훈련기관을 추가함(안제15조제1항).4. 독립유공자의 호주승계인인 손자녀가 질병·심신장애 또는 고령 등으로 취업이 어려워 그 자녀에게 취업보호를 실시하는 경우 출가한 딸을 제외하도록 하던 규정을 삭제함(안 제16조제1항).5. 보상금을 받을 권리의 소멸시효를 3년으로 하던 규정을 삭제하여 국가에 대한 다른 채권의 경우와 동일하게5년으로 하도록 함(현행 제37조 삭제).']",정무위원회,[]
160519,  국정감사및조사에관한법률중개정법률안(배기운의원등 5인 외 34인),2000-12-13,의원,2002-02-28,대안반영폐기,제16대 (2000~2004) 제216회,"['■ 제안이유 및 주요내용국정감사의 실시시기에 관한 현행규정은 매년 집회기일 다음날부터 20일간 행하되, 본회의의 의결에 의해 그 시기를 변경할 수 있도록 하고 있음.그러나 제13대국회이후 매년 실시된 국정감사는 정기회 집회기일 다음날부터 실시되지 못하고 본회의 의결로 그 시기를 변경하여 왔는 바, 이는 국정감사를 실시하기 위해서는 상임위원회의 소관부처에 대한 결산예비심사 완료, 국정감사 계획서의 의결, 증인？참고인의 출석요구 등 사전절차가 필요하기 때문이므로 국정감사 실시시기를 매년 정기회 집회후 본회의 의결로 정한 날부터 20일간 행하도록 함.']",국회운영위원회,"['배기운', '김충조', '박용호', '조성준', '천정배', '김태홍', '김택기', '김희선', '문석호', '박병윤', '박상규', '박인상', '박주선', '박창달', '설훈', '송석찬', '심규섭', '이근진', '이낙연', '이정일', '이호웅', '이훈평', '임채정', '장영달', '장영신', '장정언', '장태완', '전갑길', '정대철', '정동채', '정철기', '조재환', '최영희', '한명숙']"
160518,  국가인권위원회법안(이미경의원등 95인),2000-12-13,의원,2001-04-30,대안반영폐기,제16대 (2000~2004) 제216회,"['■ 제안이유인권상황이 눈부시게 진전되었음에도 불구하고 인권의 사각지대가 아직도 엄존하고 있는 것이 우리의 현실임. 인권의 중요성에 비추어 국민 일반의 인권의식은 낮은 상황이고, 공권력에 의한 인권침해 논란이 여전히 제기되고 있으며, 인권관련 법과 제도에도 많은 보완이 요구되고 있는 실정임. 이에 인권침해나 차별행위 등을 독립적 지위에서 조사하고 구제하는 국가인권기구를 설치함으로써 기존의 사법기구 및 경찰？검찰 등과 더불어 더욱 완전한 인권보장체제를 구축해야 할 것임. 우리 실정과 동떨어진 보편적 당위론이나 우리의 현실이나 법체계를 주관적으로 해석하는 편협한 상황론을 극복하고 올바른 인권위원회의 설립방안을 제시하기 위해 이 법안을 제시하는 것임.■ 주요내용가. 이 법은 인간의 존엄과 가치, 불가침의 기본적 인권을 보호하고 인권의 수준을 향상시키는 국가의 의무를 다함으로써 민주적 기본질서를 바로 세우는 데 기여하기 위하여 국가인권위원회를 설치하고, 그 조직과 운영에 관하여 정하는 것을 목적으로 함(안 제1조).나. 법의 목적을 달성하기 위하여 위원장 1인을 포함한 6명의 상임인권위원과 5명의 비상임인권위원으로 구성되는 독립된 국가기관으로 국가인권위원회(“위원회”)를 둠(안 제4조)다. 인권위원은 인권문제에 관하여 전문적인 지식과 경험이 있고 인권의 보장과 향상을 위한 업무를 공정하고 독립적으로 수행할 수 있다고 인정되는 사람 중에서 국회의 동의를 얻어 대통령이 임명함. 인권위원 중 3분의 1이상은 여성으로 추천？임명함으로써 여성의 대표성을 확보함(안 제5조).라. 위원회의 독립성을 보장하는 주요한 조치는 다음과 같음.(1) 위원회를 다른 국가기관에 소속되지 않은 독립된 국가기관으로 조직함(안 제3조).(2) 인권위원의 독립적 직무수행을 보장하고 금고이상 형벌, 장기간의 질병 등으로 직무수행이 불가능한 경우에만 면직이 가능하게 함(안 제8조).(3) 인권위원은 퇴직 후 2년간 다른 공직에 취임할 수 없게 함(안 제11조).(4) 위원회의 조직에 관한 사항은 대통령령으로 정하되, 운영？인사를 위원회 규칙에 따라 자율적으로 정하게 함(안 제16조 내지 제18조).(5) 위원회의 예산은 독립하여 국가예산에 편성하게 하고 방송위원회의 예산에 준하여 그 독립성을 보장하기 위해 삭감시에는 위원장의 의견을 묻도록 함(안 제20조).(6) 위원회 및 인권위원 등의 조사결과 및 보고서 등에 의하여 공개된 사항에 대하여는 허위사실에 대한 고의 또는 중대한 과실이 없는 한 민사 또는 형사상으로 명예훼손의 책임을 지지 않게 함(안 제57조).마. 인권위원회는 인권의 보호와 향상을 위하여 정책자문, 인권교육 및 인권침해 조사업무를 수행하는데 구체적인 내용은 다음과 같음(안 제22조).(1) 인권에 영향을 미치는 법령 또는 법령안에 관하여 정부와 국회에 대한 자문 또는 권고(2) 인권의 보장 및 향상을 위하여 필요한 법령의 제정 또는 개정에 관하여 정부와 국회에 대한 권고 또는 의견표명(3) 인권에 영향을 미치는 법과 제도, 정책과 관행에 대한 조사？연구 및 권고(4) 인권침해를 방지하거나 예방하는 데 필요한 절차와 방법에 관한 기준의 제시 및 권고(5) 국제인권조약의 비준여부 및 국제인권조약을 국내에서 이행하는 데 필요한 조치에 대한 조사？연구 및 권고(6) 인권교육 및 홍보(7) 인권침해 또는 인권침해를 일으킬 가능성이 있는 사건 또는 상황에 대한 조사？연구 및 권고(8) 인권단체 및 국제인권기관과 교류？협력(9) 그밖에 인권보장 및 향상을 위해 위원회가 필요하다고 인정하는 사항바. 인권위원회의 기능을 수행하게 하기 위하여 다음과 같은 권한을 부여함.(1) 인권의 보호와 향상에 영향을 미치는 법령의 제정 또는 개정과 관련하여 관계 국가기관과 협의할 수 있게 함(안 제23조).(2) 위원회는 국회 또는 관계 행정기관에 대하여 인권에 영향을 미치는 법령 및 법령안의 내용; 인권보장 및 향상을 위하여 제정 또는 개정이 필요하다고 인정되는 법령 및 그 내용; 국제인권조약의 비준여부 및 국제인권조약을 국내에서 이행하는 데 필요한 조치에 관하여 권고할 수 있음(안 제24조).(3) 위원회로부터 정책과 관행의 개선 또는 시정을 권고받은 기관은 이를 존중하고 이행하기 어려운 사정이 있을 경우에는 이행계획을 제출하게 함(안 제25조).(4) 위원회는 국제인권조약에 따라 정부 보고서를 심의하는 국제기구에 의견을 제출할 수 있음(안 제26조).(5) 인권의 보호와 향상에 중대한 영향을 미치는 재판이 계속중인 경우 법원의 담당재판부 또는 헌법재판소에 의견을 제출할 수 있음(안 제27조).(6) 위원회는 특정한 분야에 관하여 인권침해행위의 유형과 판단기준, 인권의 침해를 예방하거나 인권을 보호하기 위하여 관계기관이 해야 할 조치의 내용, 업무수행의 절차와 방법에 관하여 일반적인 지침을 작성할 수 있음(안 제28조).(7) 위원회는 인권상황을 조사하고 청문회를 열 수 있음(안 제29조, 제30조).(8) 위원회는 구금시설 또는 다수인보호시설을 방문하여 조사할 수 있음(안 제31조).(9) 위원회는 인권교육체제 수립을 위하여 교육부장관을 비롯한 관계기관의 장과 협의할 수 있음. 그리고 인권자료실을 설치하여 인권에 관한 자료를 체계적으로 수집하여 일반에 공개하여야 함(안 제32조, 제33조).(10) 위원회는 해마다 전년도의 활동내용과 인권상황 및 개선방안에 관한 보고서를 작성하여 대통령과 국회에 제출하고 그 내용을 보고하며 이를 공개하여야 함(안 제34조).사. 인권침해에 대한 조사와 그 구제는 다음과 같음.(1) 공권력에 의하여 시민적？정치적 권리를 침해당하였거나 법인 등으로부터 차별행위를 당한 사건에 대하여 진정이 있을 경우 인권위원회는 이를 조사하여 당사자 사이의 화해 및 조정에 의해 신속한 방식으로 해결을 도모함(안 제45조 내지 48조).(2) 조정이 이루어지지 않는 경우 법률구조를 통하여 피해자의 권리회복을 지원할 수 있음(안 제50조).(3) 조사과정에서 계속되는 인권침해로 회복할 수 없는 손해가 생기는 것을 막기 위해 긴급구제조치를 하거나 요구할 수 있음(안 제54조).(4) 위원회의 조사를 거부？방해하거나 위증, 허위진술, 증거의 은닉과 조작 등을 한 경우에는 처벌하고 허위로 진정을 한 경우에도 위원회의 고발에 의하여 처벌할 수 있음(안 제63조).(5) 조사결과 책임이 있는 자에 대한 고발, 징계요구를 할 수 있으며 관계기관에 법령과 제도, 정책과 관행의 개선을 권고할 수 있음(안 제 66조).아. 위원회는 업무수행의 내용과 절차 및 결과에 관하여 민간단체의 자문 및 의견을 구하고, 그 업무 중 일부를 민간단체에 위임하여 수행하게 하거나 공동으로 수행할 수 있음(안 제60조).']",법제사법위원회,"['이미경', '강성구', '김경천', '김덕룡', '김락기', '김문수', '김민석', '김방림', '김부겸', '김성순', '김성조', '김성호', '김영배', '김영진', '김영춘', '김영환', '김원기', '김원길', '김원웅', '김윤식', '김정숙', '김충조', '김태홍', '김택기', '김홍신', '김화중', '김효석', '김희선', '남경필', '맹형규', '문석호', '박병석', '박병윤', '박상규', '박원홍', '박인상', '박종희', '박혁규', '배기운', '서상섭', '설송웅', '설훈', '손학규', '송석찬', '송영길', '신계륜', '신기남', '신현태', '심재권', '심재철', '안대륜', '안동선', '안영근', '원유철', '원희룡', '유성근', '유재건', '유재규', '윤여준', '윤철상', '이강래', '이근진', '이낙연', '이부영', '이성헌', '이원형', '이윤수', '이재오', '이재정', '이종걸', '이창복', '이호웅', '이희규', '임인배', '임종석', '임태희', '장성민', '장성원', '장영달', '장정언', '전용학', '정범구', '정병국', '정의화', '정장선', '정진석', '조성준', '조정무', '조한천', '조희욱', '천정배', '최영희', '최용규', '한명숙', '허운나']"
160517,  농어업재해대책법중개정법률안(이상배의원등 30인),2000-12-12,의원,2001-02-28,대안반영폐기,제16대 (2000~2004) 제216회,"['제안이유농어업은 자연의존도가 높아 자연재해가 발생하면 농어가의 경제손실이 막대함에도 불구하고 정부의 지원 수준은 매우 낮은 실정인바, 농어업재해에 대해 그 동안 자연재해대책법에 의존하여 소극적으로 보조형식으로 지원하던 것을 해당부서가 적극적으로 대책을 강구하게 함으로써 농어업재해대책의 일원화를 기하여 농어민이 신속히 재해를 극복하고 농어업에 지속적으로 종사할 수 있도록 하기 위함.주요골자가. 재해대책에 대한 보조 및 지원의 기준과 방법을 농림부령 또는 해양수산부령으로 정하도록 함(안 제4조제4항).나. 재해지원 대상을 확대하여 영농조합법인과 영어조합법인을 추가함(안 제2조).']",농림해양수산위원회,"['이상배', '강신성일', '권기술', '권오을', '김광원', '김기춘', '김동욱', '김성조', '김영일', '김용학', '김태호', '박승국', '박시균', '박재욱', '박주천', '박헌기', '박희태', '서정화', '손태인', '신경식', '신영국', '유흥수', '이방호', '이상득', '이인기', '이해봉', '정창화', '주진우', '허태열', '황승민']"
160516,  식품위생법중개정법률안(심재철의원등 21인),2000-12-12,의원,2001-12-06,폐기,제16대 (2000~2004) 제216회,"[""■ 제안이유우리나라의 모유수유율이 1985년 59%에서 1997년에 14%로 감소하여 유럽 75%, 이집트 53%, 미국 52%, 브라질42%에 비해 매우 낮음. 이런 상황에서 분유회사들은 공격적 광고를 통해 이유식이 마치 모유와 동일한 성분을지닌 것처럼 과장광고를 하고 있어 어린이 건강에 심각한 불균형을 초래하고 있음.현행 식품위생법에는 영·유아식에 관한 광고표현 기준이 없는 상태이고, 축산물가공처리법에는 조제우유나분유는 광고할 수 없으나 이유식은 광고할 수 있게 되어 있어, 이유식류 제조업체가 이를 악용해 이유식류와조제분유를 동일한 명칭으로 광고함으로써 이유식 광고를 통해 조제우유와 분유의 광고를 하는 행위를 금지하고자 함.따라서 조제분유와 영·유아식은 동일한 명칭을 사용하지 못하도록 하여 광고에 따른 소비자의 혼동과 오인을방지하고 모유수유 촉진운동에 이바지 하고자 함.■ 주요골자1. 제11조 '허위표시등의 금지' 규정을 '허위표시 및 광고 등의 금지'규정으로 변경함(안 제11조).2. 영유아들이 섭취하는 이유식의 명칭, 제조방법, 품질 등에 관한 광고에 대해서는 조제분유와 동일한 명칭을사용하여 소비자가 혼동할 우려가 있는 광고를 못하도록 함(안 제11조제2항).""]",보건복지위원회,"['심재철', '고진부', '권철현', '김명섭', '김영춘', '김종하', '김찬우', '김태홍', '김홍신', '박시균', '손희정', '안영근', '윤여준', '윤한도', '이성헌', '이원형', '이종걸', '임진출', '정병국', '정의화', '최영희']"
160515,  근로기준법중개정법률안(정우택의원등 3인 외 22인),2000-12-11,의원,2001-07-18,대안반영폐기,제16대 (2000~2004) 제216회,"['■ 제안이유현행 근로기준법은 비합리적이고 전근대적인 여성 과보호조항을 둠으로써 여성고용비용을 증가시켜 결국 국내 여성고용 자체를 위축시키는 결과를 초래하고 있음. 특히, 전 세계에서 유일한 유급생리휴가제도는 여성고용비용을 높이고 노사갈등을 유발시키는 등 제도적 역기능이 컸던 것으로 지적되고 있음.따라서 국제적 기준에 맞지 않는 유급생리휴가를 폐지함으로써 비합리적인 여성 과보호조항을 없애고, 산전후휴가기간을 국제적 수준인 12주로 확대함으로써 모성의 실질적인 보호를 꾀하도록 함.■ 주요내용가. 생리휴가를 삭제함(제71조 삭제).나. 산전후휴가기간을 12주로 확대함(안 제72조).']",환경노동위원회,"['정우택', '김무성', '원유철', '김영배', '김일윤', '김진재', '남경필', '박종근', '박혁규', '신영국', '신현태', '오장섭', '윤영탁', '이강두', '이상득', '이완구', '이정일', '정진석', '정창화', '조부영', '조희욱', '함석재']"
160514,  국회법중개정법률안(정균환의원등 2인 외 133인),2000-12-11,의원,2002-02-28,대안반영폐기,제16대 (2000~2004) 제216회,"['■ 제안이유현행 헌법은 소수정당의 보호를 위한 복수 정당제를 채택하고 있음에도, 헌법정신에 충실해야할 국회법은 외국과 비교하여 교섭단체 요건을 강화함으로써 소수정당의 원내활동을 제한하고 있음.특히, 2000년 2월 8일 의원 정수를 축소하는「공직선거및선거부정방지법」 개정이 이루어지고 제16대 국회의원총선거 결과 어느 당도 국회운영을 독자적으로 결정할 수 없도록 의석이 분포되어 소수정당의 조정역할이 기대되는 상황에서 국회법상의 교섭단체구성요건이「공직선거및선거부정방지법」개정 이전과 같은 20인으로 존치함으로써 소수정당의 조정역할 축소 등 원내활동을 더욱 제약하는 결과를 초래하고 있음.이에 따라, 교섭단체 구성요건을 현행 20인에서 이 제도를 시행하고 있는 외국의 수준에 맞춰 10인으로 축소하고, 이에 맞추어 체포 및 구금된 의원의 석방요구, 의사일정의 변경, 의안의 발의 제출요건, 의안에 대한 수정동의, 국무위원의 출석요구, 긴급현안질문 요건을 완화하려는 것임.■ 주요내용1. 체포 및 구금된 의원의 석방요구를 발의할 때에는 10인 이상의 연서로 가능하도록 요건을 완화함(안 제28조).2. 교섭단체 구성 요건을 국회에 10인 이상의 소속의원을 가진 정당 또는 다른 교섭단체에 속하지 아니하는 10인 이상의 의원으로 구성할 수 있도록 요건을 완화함(안 제33조제1항).3. 의사일정의 변경시 의장이 각 교섭단체대표의원과 협의하여 필요하다고 인정할 때 이외에 의원 10인 이상의 연서에 의한 동의로 본회의의 의결이 있을시 가능하도록 요건을 완화함(안 제77조).4. 의안의 발의제출요건을 의원 10인 이상의 찬성으로 가능하도록 함(안 제79조제1항).5. 의안에 대한 수정동의는 그 안을 갖추고 이유를 붙여 의원 20 인 이상의 찬성자와 연서하여 의장에게 미리 제출토록 함(안 제95조제1항).6. 국무위원의 출석을 요구할 경우, 그 발의는 의원 10인 이상이 이유를 명시한 서면으로 할 수 있도록 요건을 완화함(안 제121조제1항).7. 의원은 10인 이상의 찬성으로 긴급현안질문을 할 것을 의장에게 요구할 수 있도록 요건을 완화함(안 제122조의3제1항).']",정치개혁특별위원회,"['정균환', '이양희', '강창희', '강현욱', '고진부', '곽치영', '김경재', '김경천', '김근태', '김기재', '김덕규', '김덕배', '김명섭', '김민석', '김방림', '김성순', '김성호', '김영배', '김영진', '김영환', '김옥두', '김운용', '김원기', '김원길', '김윤식', '김종필', '김종호', '김충조', '김태식', '김태홍', '김택기', '김학원', '김홍일', '김화중', '김효석', '김희선', '남궁석', '문석호', '문희상', '박광태', '박병석', '박병윤', '박상규', '박상천', '박상희', '박용호', '박인상', '박종우', '박주선', '배기선', '배기운', '서영훈', '설송웅', '설훈', '송광호', '송석찬', '송영길', '송영진', '송훈석', '신계륜', '신기남', '심규섭', '심재권', '안대륜', '안동선', '오장섭', '원유철', '원철희', '유삼남', '유용태', '유재건', '유재규', '윤철상', '이강래', '이근진', '이낙연', '이미경', '이상수', '이완구', '이용삼', '이원성', '이윤수', '이인제', '이재선', '이재정', '이정일', '이종걸', '이창복', '이한동', '이해찬', '이협', '이호웅', '이훈평', '이희규', '임종석', '임채정', '장성민', '장성원', '장영달', '장영신', '장재식', '장정언', '장태완', '전갑길', '전용학', '정대철', '정동영', '정동채', '정범구', '정세균', '정우택', '정장선', '정진석', '정철기', '조부영', '조성준', '조순형', '조재환', '조한천', '조희욱', '천용택', '천정배', '최선영', '최영희', '최용규', '최재승', '추미애', '한명숙', '한화갑', '함석재', '함승희', '허운나', '홍재형']"
160513,  전자거래및통신판매에관한법률안(김민석의원등 9인 외 21인),2000-12-08,의원,2001-04-18,철회,제16대 (2000~2004) 제215회,"['■ 제안이유인터넷의 발달 및 보급확대에 따라 전자거래를 통한 경제활동 비중이 높아지고, 이로 인한 소비자 피해의 발생가능성도 높아지고 있으나, 현행 ""방문판매등에관한법률""은 전자거래를 종래의 카탈로그 통신판매의 연장선상에서 방문판매 및 다단계 판매와 함께 규율하고 있음. 특히 ""방문판매등에관한법률""은 인터넷의 보급 및 경제의 디지털화를 예상하지 못한 상태에서 제정된 관계로 급속하게 변화·발전하는 인터넷 상거래상의 소비자 보호 기능을 다하기 어렵게 되어, 기존의 방문판매등에관한법률로부터 전자거래와 통신판매관련 사항을 별도로분리, ""전자거래및통신판매에관한법률""을 제정함으로서 디지털 경제에서의 전자거래 소비자 보호법으로 발전시키려는 것임.■ 주요골자1. 법 적용대상 사업자의 범위를 ""판매업자""에 국한하지 않고, 거래를 매개하는 자의 경우에도 적용대상으로포함하여 소비자 권익 보호를 강화함(안 제2조)2. 재화 또는 용역의 성질상 법적용이 곤란한 경우 등을 제외하고는 모두 이 법 적용의 대상인 ""재화등""으로포함함으로써 소비자 보호기능 강화함(안 제3조).3. 전자거래환경에 법률을 적용함에 필요한 ""전자문서""의 개념, 전자문서 사용시 소비자의 동의, 인증사용의강제금지, 정보통신서비스 제공자의 책무 등을 새로이 규정함(안 제4조 내지 제7조, 제10조).4. 개인정보보호 및 상업성 전자우편으로부터의 사생활 보호 관련 규정을 새로 설치함(안 제10조 및 제11조).5. 재화등의 거래에 있어서, 소비자에 대한 판매자의 책임뿐만 아니라 판매대금의 결제과정에 참여하는 자의책임도 규정함(안 제9조).6. 사업체 신고시 전자문서에 의한 신고제도를 도입하여 사업자의 편의를 도모하고 공정거래위원회에서 사업자정보를 통합관리할 수 있는 체계 구축의 근거를 마련함(안 제13조).7. 사이버 몰에서의 표시 광고의 기준, 표준적 거래절차 및 기준약관 제정의 근거 마련함(안 제17조, 제18조,제30조).8. 전자거래 및 통신판매에 있어 별도의 약정이 없는 경우 조건 없는 청약철회의 기간을 7일로 규정함(안 제21조).9. 소비자의 피해를 신속히 구제하기 위하여 비점포판매에 있어서 소비자 분쟁해결 및 피해구제를 담당할 전문기관의 지정 또는 설치 근거를 마련함(안 제26조).10. 통신판매업자가 소비자 피해보상을 위한 공제사업을 할 수 있도록 하고, 공정거래위원회의 인가를 받아 공제조합을 설립할 수 있도록 함(안 제28조)11. 전자거래에 있어서 불공정행위를 상시 모니터 할 수 있는 체계구축의 근거를 마련하고, 전자거래에 있어소비자 보호제도 연구, 정보제공 및 교육, 부당거래 감시 및 조사 기능을 담당할 ""전자거래 소비자 지원센터""설립 근거를 마련함(안 제31조 및 제33조).12. 각종 위법행위를 공정거래위원회에서 직접 조사 제재할 수 있도록 하기 위하여 직권조사 시정명령 과징금제도를 도입하고, 시 도지사의 처분에 대한 불복 절차를 공정거래위원회의 관할로 이관(안 제32조, 제38조내지 제40조)13. 통신판매업자의 소비자 보호와 관련된 평가 인증 등의 업무를 수행하는 기관 및 단체(자율규제기관)에 대하여는 공정거래위원회에 등록하도록 하고, 그 평가 및 인증에 관한 기준 또는 방법 등을 공시하도록 하는 등 자율규제의 공정화를 도모함(안 제35조)']",정무위원회,"['김민석', '김부겸', '김원길', '박주선', '이강두', '이종걸', '이훈평', '장영달', '조재환', '이희규', '임종석', '장영신', '장태완', '전갑길', '정장선', '정진석', '최영희', '최용규', '추미애', '한승수', '함승희']"
160512,  방문판매등에관한법률개정법률안(김부겸의원등 11인 외 21인),2000-12-08,의원,2001-04-18,철회,제16대 (2000~2004) 제215회,"['■ 제안이유현행 방문판매등에관한법률에서 통신판매의 일종으로 규율하고 있는 전자거래 관련 분야의 소비자 보호를 강화할 필요성이 증가하여, 동 법률 중 통신판매 관련 규정을 보완하여 ""전자거래및통신판매에관한법률""을 입법하게 됨에 따라, 현행 방문판매등에관한법률의 규정을 방문판매 및 다단계판매 관련 부분을 중심으로 개편하려는것임한편, 소비자 피해가 빈발하는 ""전화권유판매"" 및 ""계속공급""을 새로이 법 적용 대상으로 포함하고 다단계판매에 대하여는 소비자피해보상보험등의 가입을 의무화함으로써 국민생활과 밀접하고 소비자 피해가 다발하는 특수판매분야에서의 소비자 보호기능을 보완하고 시장경제질서 확립을 도모하려는 것임.■ 주요골자1. 법 적용대상 사업자의 범위에 ""전화권유판매자"" 및 ""계속공급업자""도 포함하여 소비자 권익 보호를 강화함(안 제2조).2. 판매원의 단계를 기준으로 구분되고 있는 방문판매 및 다단계판매의 범위를 판매방법 및 판매원 관리방법에따라 구체적으로 정할 수 있도록 하기 위한 근거를 마련하고, 세부사항은 하위규정에서 정하도록 위임(안제2조제2호 내지 제5호).3. 재화 또는 용역의 성질상 법적용이 곤란한 경우 등을 제외하고는 모두 이 법의 적용 대상인 ""재화등""으로포함함으로써 소비자 보호기능을 강화함(안 제3조).4. 현행 방문판매등에관한법률의 규정상 통신판매에 속하도록 되어 있는 ""전화권유판매""를 판매원의 적극적 접근성을 감안하여 방문판매에 준하도록 규정함(안 제4조 내지 제11조).5. 방문판매 전화권유판매 및 다단계판매에 있어서 조건 없는 청약철회의 기간을 14일로 통일하여 규정함(안제7조 및 제16조).6. 다단계판매원 모집시 다단계판매업체에 관한 중요정보를 공개하도록 함으로써 허위 과장광고에 속아 다단계판매원으로 가입하는 경우가 발생하지 않도록 함(안 제14조 및 제20조)7. 일정기간 계속해서 재화등을 공급하는 계약(계속공급계약)의 경우 일회성 판매와는 다른 특성이 있음을 감안하여, 이 법 적용 대상으로 포함(안 제27조 내지 제31조)8. 방문판매자, 전화권유판매자, 다단계판매자 및 계속공급업자의 표시 광고의 기준, 표준적 거래절차 및 기준약관 제정의 근거를 마련함(안 제32조 및 제33조)9. 소비자의 피해를 신속히 구제하기 위하여 비점포판매에 있어서 소비자 분쟁해결 및 피해구제를 담당할 전문기관의 지정 또는 설치 근거를 마련함(안 제35조)10. 판매업자 또는 판매원의 위법행위로 인하여 피해가 다발하는 다단계판매에 있어서 소비자의 피해를 신속하고 효율적으로 구제하기 위한 수단으로서 다단계판매업자의 소비자피해보상보험 등의 가입을 의무화함(안제36조 및 제37조)11. 방문판매업자, 전화권유판매업자, 다단계판매업자 및 계속공급업자 등으로 하여금 소비자 피해보상을 위한공제사업을 할 수 있도록 하고, 공정거래위원회의 인가를 받아 공제조합을 설립할 수 있도록 함(안 제38조)12. 각종 위법행위를 공정거래위원회에서 직접 조사 제재할 수 있도록 하기 위하여 직권조사 시정명령 과징금제도를 도입하고, 시 도지사의 처분에 대한 불복 절차를 공정거래위원회의 관할로 이관(안 제39조, 제44조내지 제46조)13. 방문판매업자등의 소비자 보호와 관련된 평가 인증 등의 업무를 수행하는 기관 및 단체(자율규제기관)에대하여는 공정거래위원회에 등록하도록 하고, 그 평가 및 인증에 관한 기준 또는 방법 등을 공시하도록 하는 등 자율규제의 공정화를 도모함(안 제41조)']",정무위원회,"['김부겸', '김민석', '김원길', '박주선', '엄호성', '이강두', '이성헌', '이종걸', '이훈평', '장영달', '조재환', '장영신', '장태완', '전갑길', '정장선', '정진석', '최영희', '최용규', '추미애', '한승수', '함승희']"
160510,  국민건강보험법중개정법률안(대안),2000-12-08,위원장,2000-12-08,원안가결,제16대 (2000~2004) 제215회,"['■ 제안경위1. 2000년 6월 29일 김정숙의원 등 29인이 발의하고 104인이 찬성한 국민건강보험법중개정법률안이 다음 날 우리 위원회에 회부되어 왔고, 2000년 11월 15일 윤여준의원 등 42인이 발의한 국민건강보험법중개정법률안도다음 날 우리 위원회에 회부되어 왔음.2. 2000년 11월 22일 김홍신의원의 소개로 제출된 국민건강보험법개정에관한청원이 다음 날 우리 위원회에 회부되어 왔고, 2000년 11월 28일 박인상의원의 소개로 제출된 국민건강보험법개정에관한청원도 다음 날 우리위원회에 회부되어 왔음.3. 우리 위원회에 회부된 이상 2건의 개정법률안과 2건의 청원을 2000년 12월 4일 제215회 국회(정기회) 제7차위원회에 상정하여 제안설명과 전문위원의 검토보고를 듣고 대체토론을 거쳐 법안심사소위원회에 회부하여심사토록 함.4. 2000년 12월 5일 제215회 국회(정기회) 제2차 법안심사소위원회에서는 이상 2건의 개정법률안과 2건의 청원에 대하여 정부관계관 등을 참석시킨 가운데 심도있는 심사를 거쳐 이를 통합·조정한 단일안을 마련하고,2000년 12월 5일 제215회 국회(정기회) 제8차 보건복지위원회에서는 소위원회에서 보고한 단일안을 위원회대안으로 제안하기로 하고, 2건의 개정법률안과 2건의 청원은 본회의에 부의하지 아니하기로 의결함.■ 제안이유현행 국민건강보험법은 직장가입자 규모를 상시 5인 이상 근로자를 사용하는 사업장으로 규정함으로써 5인 미만 사업장 근로자들은 동일한 임금근로자임에도 불구하고, 지역가입자로 편입되어 본인이 보험료를 전액 부담하고 있는 바, 이들을 직장가입자로 편입시켜 보험료 부담의 형평을 기하고 영세사업장에 고용된 근로자의 복지를 확대하고자 함.또한, 5인 미만 사업장 근로자들이 임금근로자임에도 불구하고 소득이 없는 가족구성원만 가입하도록 되어 있는 직장가입자 피부양자로 가입됨으로써 다른 임금 근로자의 보험료 부담을 가중시키고, 자영업자만 가입하도록 되어 있는 지역가입자로 가입됨으로써 건강보험의 재정부실을 심화시키고 있는 불합리한 점을 개선하여 보험재정의 안정화를 도모하고자 함.■ 주요골자1. 직장가입자는 모든 사업장에 고용된 근로자와 그 사용자 등으로 하되, 사업장의 특성, 고용형태 및 사업의종류 등을 고려하여 대통령령로 정하는 근로자 및 사용자 등은 제외하도록 하며, 이 경우에도 소속 사업장의 근로자 및 사용자는 대통령령이 정하는 방법과 절차에 따라 직장가입자가 될 수 있도록 함(안 제6조제2항 및 제4항).2. 5인 미만 사업장 가입자에 대한 형평성있는 보험료 부과를 위해 보수관련 자료가 없거나 불명확한 경우 등대통령령이 정하는 사유에 해당하는 경우에는 보건복지부장관이 정하여 고시하는 금액을 보수로 봄(안 제63조제3항).']",보건복지위원회,[]
160509,  국민연금법중개정법률안(대안),2000-12-08,위원장,2000-12-08,원안가결,제16대 (2000~2004) 제215회,"[""■ 제안경위1. 2000년 6월 16일 김명섭의원외 19인이 발의한 국민연금법중개정법률안, 동년 8월 28일 최영희의원외 19인이발의한 국민연금법중개정법률안, 동년 11월 23일 정부가 제출한 국민연금법중개정법률안이 2000년 6월17일, 동년 8월 29일, 동년 11월 24일 각각 우리 위원회에 회부되어 이를 각각 제213회국회(임시회) 제2차보건복지위원회('00.7.11) 및 제215회국회(정기회) 제7차 보건복지위원회('00.12.4)에 상정하여 제안설명과전문위원의 검토보고를 듣고 대체토론을 거친 후 법안심사소위원회에 회부하였음.2. 법안심사소위원회에서는 3건의 법률안에 대하여 정부관계관 등을 참석시킨 가운데 2차에 걸쳐 심사한 결과3건의 법률안에 대하여 단일안을 마련하여 이를 제215회국회(정기회) 제8차 보건복지위원회('00.12.5)에서위원회 대안으로 제안하기로 하고 3건의 법률안은 본회의에 부의하지 아니하기로 가결하였음.■ 제안이유국민연금법중개정법률안 3건을 통합하여 우리위원회의 단일안으로 마련한 이유는 경기변동에 따른 국민연금 급여액의 급격한 변동을 완화하고 연금재정의 장기적인 안정을 도모하기 위하여 기본연금액 산정방식을 일부 조정하고, 변화하는 금융시장환경에 적합한 기금운용 방안을 마련하는 등 현행 제도의 운영상 나타난 일부 미비점을 개선·보완하려는 것임.■ 주요골자1. 종전에는 23세 미만의 무소득자를 국민연금의 지역가입 대상에서 제외하였으나 앞으로는 납부예외자로 관리하던 27세 미만의 무소득자를 제외하도록 하여 납부예외 신청에 따른 가입자의 불편을 해소하고 국민연금운영의 효율을 도모함(안 제10조제3호).2. 국민연금에 임의계속가입할 수 있는 가입자의 상한연령(65세)을 폐지하여 반환일시금 대신 연금을 수급할수 있는 기회를 확대함(안 제13조).3. 기본연금액 산정기준을 종전의 연금수급전년도의 평균소득월액에서 소비자물가상승률에 의하여 현재 가치화한 연금수급직 전 3년간의 평균소득월액의 평균액으로 하여 경기변동에 따른 연금액의 급격한 변동을 완화하고 연금재정의 장기적 안정을 기하도록 함(안 제47조제1항제1호).4. 가급연금액 계산대상을 종전에는 수급권자가 연금수급권 취득당시 그에 의하여 생계를 유지하고 있던 자로하였으나, 앞으로는 그외에 수급권자가 연금수급권을 취득한 이후 그에 의하여 생계를 유지하고 있는 자도포함시킴으로써 가급연금을 지급받을 수 있는 자의 범위를 확대함(안 제48조).5. 연금을 매달 말일에 그 달의 금액을 지급하도록 함(안 제50조제2항).6. 연금보험료 납부고지서의 송달지연 등의 사유에 해당되는 경우 보험료 납부기한을 1월 이내에서 연장할 수있도록 함으로써 보험료 납부편의를 증진함(안 제76조제5항 및 제6항 신설).7. 국민연금기금의 증가에 따른 위험분산을 위하여 외부위탁투자, 해외투자 등 투자대상을 다변화하고, 채권시가평가제의 도입 등 변화된 금융시장 환경에 적합하도록 기금운용기준을 조정함(안 제83조).8. 사업장의 사용자가 근로자의 임금에서 기여금을 공제함에 있어 기여금을 초과하는 금액을 공제하는 경우처벌할 수 있는 규정을 신설하여 사업장 근로자의 권리를 보호함(안 제104조제2항제4호 신설).""]",보건복지위원회,[]
160508,  제8회부산아시아·태평양장애인경기대회지원법안(대안),2000-12-08,위원장,2000-12-08,원안가결,제16대 (2000~2004) 제215회,"[""■ 제안경위1. 2000년 6월 15일 유재건, 천정배, 오세훈, 이용삼 의원이 발의(대표발의 : 유재건, 찬성자 16인)한 제8회부산아시아·태평양장애인경기대회지원법안이 2000년 6월 16일 우리 위원회에 회부되어 왔음.2. 우리 위원회에 회부된 제8회부산아시아·태평양장애인경기대회지원법안에 대해서는 제215회 국회(정기회)제7차 보건복지위원회('00.12.4)에서 제안설명과 전문위원의 검토보고를 듣고 대체토론을 거쳐 법안심사소위원회에 회부하여 심사·보고토록 하였음.3. 법안심사소위원회에서는 동 법률안에 대하여 정부 관계관 등을 참석시킨 가운데 진지하게 심사한 결과 이를제215회 국회(정기회) 제8차 보건복지위원회('00.12.5)에서 위원회 대안으로 제안하기로 하고 동 법률안은본회의에 부의하지 아니하기로 의결하였음.■ 제안이유제8회부산아시아·태평양장애인경기대회지원법안의 내용중 관계부처간 협의절차의 미비 및 관계법과의 상충문제로 인하여 상당내용이 삭제 또는 수정되는 관계로 이에 대한 대안을 마련하였음. 그리하여 2002년에 개최하는 제8회부산아시아·태평양장애인경기대회의 준비와 운영을 위하여 설립된 부산아·태장애인경기대회조직위원회와 동대회 관련사업을 지원하여 대회를 성공적으로 개최함으로써 장애인체육을 활성화하고 국위선양과 장애인복지발전을 도모하려는 것임.■ 주요골자1. 조직위원회는 국가 또는 지방자치단체, 정부투자기관, 법인, 단체등으로부터 필요한 편의와 행정적·재정적인 협조 및 지원을 받을 수 있도록 함(안 제2조).2. 조직위원회는 보건복지부장관의 승인을 얻어 자금을 차입하거나 물자를 도입할 수 있음(안 제4조).3. 조직위원회는 기념주화의 발행을 한국은행에 요청하고, 발행된 주화를 독점적으로 인수할 수 있음(안 제6조).4. 조직위원회는 옥외광고물관리법의 규정에 따른 옥외광고를 통한 수익사업을 할 수 있도록 함(안 제7조).5. 조직위원회는 행정기관에 대하여 공무원을, 부산아·태장애인경기대회에 관련된 법인 또는 단체에 대하여임원 및 직원의 파견을 요청할 수 있도록 함(안 제9조).6. 부산광역시장은 부산아·태장애인경기대회의 성공적인 개최를 위하여 경기대회 관련시설의 설치 및 그 밖의대회관련분야에 관한 지원을 위하여 기본계획을 수립·시행함(안 제14조).""]",보건복지위원회,[]
160507,  병역법중개정법률안(대안),2000-12-08,위원장,2000-12-08,원안가결,제16대 (2000~2004) 제215회,"['■ 제안경위1. 2000년도 7월 24일 조웅규의원이 대표발의한 병역법중개정법률안, 동년 10월 21일 정부로부터 제출된 병역법중개정법률안, 동년 11월 17일 강삼재의원이 대표발의한 병역법중개정법률안이 각각 2000년 7월 24일, 동년 10월 23일, 동년 11월 20일 우리 위원회에 회부되어 이를 제215회 국회(정기회) 제8차 국방위원회(2000.12. 4)에 상정하여 제안설명과 전문위원의 검토보고를 듣고 대체토론을 거친 후 법률안심사소위원회에 회부하였음.2. 법률안심사소위원회에서는 3건의 법률안에 대하여 진지하게 심사한 결과 원안을 모두 수용하고 법체계상 일부 미비점을 보완한 단일안을 마련하였으며 제215회 국회(정기회) 제9차 국방위원회(2000. 12. 5)에서 이를위원회 대안으로 제안하기로 하고 3건의 법률안은 본회의에 부의하지 아니하기로 의결하였음.■ 제안이유병역비리를 근절하기 위하여 부정한 방법으로 병역을 감면받은 사람에 대한 입영의무 등 부과연령을 연장하고,공익근무요원 소집대상자중 잉여인원에 대한 제2국민역 편입제도를 신설하여 국민편익을 도모하며, 국제협력분야의 공익근무요원제도를 계속 존속시켜 국익에 기여하고, 의무장교의 편입대상에 한의사도 포함시켜 기회균등을 보장하며, 그밖에 현행 제도의 운영상 나타난 일부 미비점을 개선·보완하려는 것임.■ 주요골자1. 공익근무요원이 복무할 분야에 국제협력분야를 추가하고 그 업무는 개발도상국의 경제·사회·문화발전등의지원업무로 하며, 동 업무에 복무하여야 할 공익근무요원은 보충역 또는 현역입영대상자중에서 國際協力要員에관한法律에 의하여 외교통상부장관의 추천을 받은 자로 함(안 제2조제1항제9호 및 안 제26조 신설).2. 국가기관·지방자치단체등에서 경비·행정업무등의 지원업무를 하는 공익근무요원의 배정등에 관한 병무청장의 권한을 지방병무청장에게 이양함(안 제27조).3. 공중보건의사·징병전담의사 또는 국제협력의사가 국가공무원법에 의한 공무원임용 결격사유에 해당되는 경우에는 그 편입을 취소하도록 함(안 제35조제1항제6호 신설).4. 한의사도 의사·치과의사와 동등하게 한의사 면허의 취득만으로도 의무장교의 병적에 편입할 수 있도록 함(안 제58조제1항제1호).5. 학력이 낮아 보충역 또는 제2국민역 처분을 받은 사람이 학력이 높아져 현역 또는 공익근무요원 복무를 원하는 경우에는 병역처분을 변경할 수 있도록 함(안 제65조제6항).6. 지방병무청장은 공익근무요원 소집대상자가 공익근무요원 배정인원보다 많은 경우에는 소집대상자의 학력·보충역편입연도 등을 감안하여 그 중 일부를 제2국민역에 편입할 수 있도록 함(안 제65조제7항 신설).7. 부정한 방법으로 병역이 면제되거나 제2국민역 또는 보충역 처분을 받은 사람에 대한 입영의무 등 부과연령을 종전 30세까지에서 35세까지로 연장함(안 제71조제1항제10호 신설).']",국방위원회,[]
160491,  군인연금법중개정법률안,2000-12-07,정부,2000-12-23,수정가결,제16대 (2000~2004) 제215회,"['■ 제안이유연금제도의 성숙에 따른 연금수급자의 증가와 연금수급기간의 장기화 등으로 인하여 군인연금재정이 악화되고 있으므로 일부 불합리한 연금제도를 개선하면서 정부와 군인의 비용부담률을 상향조정하여 장기적으로 연금재정의 안정을 도모하고, 공무원연금법의 개정에 따라 관련사항을 정비하는 한편, 그밖에 현행 제도의 운영상나타난 일부 미비점을 개선·보완하려는 것임.■ 주요골자1. 퇴역연금 및 유족연금의 산정기준을 퇴직직전의 보수월액에서 최종 3년간 평균보수월액으로 변경함(안 제3조제1항제2호 및 제18조제2항).2. 군인의 임용전 군의무복무기간에 대하여 당연히 기여금을 납부하고 복무기간에 산입하게 하던 것을 본인이원하는 바에 따라 산입하도록 함(안 제16조제5항).3. 연금액의 조정을 재직자 보수기준으로 하던 것을 전국소비자물가변동률을 기준으로 하도록 조정하고, 군인보수변동률·전국소비자물가변동률 등을 고려하여 5년마다 조정할 수 있도록 함(안 제17조의2 신설).4. 연금수급자가 공공의 직에 재취업시에만 연금을 감액지급하던 것을 이자소득·배당소득·부동산임대소득 그밖에 대통령령이 정하는 소득 외의 소득이 있는 때에도 연금의 일부를 감액지급하되, 소득파악 등을 고려하여 5년의 범위내에서 대통령령이 정하는 날부터 시행하도록 함(안 제21조의2 및 부칙 제1조 단서).5. 재직기간이 5년 미만인 자의 퇴직일시금은 보수월액에 재직연수를 곱한 금액으로 하던 것을 보수월액에 재직연수를 곱한 금액의 100분의 120에 상당하는 금액으로 인상함(안 제22조제3항).6. 군인이 공무상 질병·부상으로 인하여 폐질상태 6급 및 7급으로 전역할 때 지급하는 상이연금의 지급률을상향조정함으로써 공무원연금 등 다른 공적 연금과의 형평을 도모하도록 함(안 제23조제1항제6호 및제7호).7. 공무상요양비의 지급범위를 확대하여 화상 등 특수한 치료가 필요한 경우에도 요양비를 지급할 수 있도록함(안 제30조의8).8. 기여금 및 국가부담금의 금액을 보수월액 및 보수예산의 1,000분의 75의 범위안에서 정하던 것을 각각1,000분의 90의 범위안에서 정할 수 있도록 상향조정함으로써 연금재정의 건전화를 도모하도록 함(안 제38조제1항 및 제39조제1항).9. 급여에 소요되는 비용을 기여금 및 부담금 등으로 충당할 수 없는 경우에는 그 부족한 금액을 국가에서 보전하도록 함(안 제39조의2).■ 위원회 수정사항□ 수정이유공무원연금법중개정법률안이 행정자치위원회에서 위원회대안으로 의결됨에 따라 같은 공적연금인 군인연금도 공무원연금과의 형평성을 유지하기 위하여 군인연금법중개정법률안중 동일 내용에 대하여는 공무원연금법중개정법률안과 같이 수정코자 하는 것임.□ 수정주요골자1. 국가 및 군인의 법정부담률을 개정안의 9%에서 8.7%로 수정함.2. 국가에서 군인연금재정의 안정을 위하여 책임준비금을 적립하도록 하는 근거규정의 신설3. 이 법 시행이후 최초의 연금액의 조정은 이 법 시행후 3년이 경과한 때 실시하도록 함.4. 퇴역후 고소득자에 대하여 연금액의 2분의 1의 범위내에서 지급을 정지할 수 있도록 함.']",국방위원회,[]
160490,  국회법중개정법률안(이연숙의원등 20인),2000-12-07,의원,2002-02-28,대안반영폐기,제16대 (2000~2004) 제215회,"['■ 제안이유여성의 복지와 권익향상을 위하여 1994년 상설의 여성특별위원회를 설치하였으나, 상임위원회와는 달리 소관이 없고 법률안 제안권 및 의결권, 예산결산 예비심사권, 국정감사권이 부여되지 않아 활동에 많은 제약이 있어 왔음.정부조직법의 개정에 의하여 행정부 내에 여성부가 신설될 경우 국회에 이를 소관으로 하는 상임위원회가 필요하므로 현행 여성특별위원회를 폐지하고 위원은 겸임하는 상임위원회로 여성위원회를 설치하여 이러한 문제점을 해결하려는 것임.■ 주요내용가. 현행 여성특별위원회를 폐지함(법 제46조의2 삭제).나. 여성위원회를 신설하고 그 소관은 여성부소관사항 및 ？여성발전기본법？ 제8조에 규정된 여성정책기본계획의 수립？시행업무에 관한 사항으로 함.(안 제37조제1항제17호 신설)']",정치개혁특별위원회,"['이연숙', '강숙자', '강신성일', '김경천', '김방림', '김정숙', '김희선', '박근혜', '손희정', '심재철', '유성근', '이미경', '이종걸', '전재희', '정몽준', '정문화', '정병국', '최영희', '한명숙', '허운나']"
160489,  하수도법중개정법률안(한명숙의원등 21인),2000-12-07,의원,2001-02-28,대안반영폐기,제16대 (2000~2004) 제215회,"['■ 제안이유1999년말 현재 전국의 하수관거 총연장은 64,741km로 하수관거 보급율은 62.7%임. 이는 외국의 하수도 보급율에 비해 낮은 수준으로 그나마 설치되어 있는 하수관거가 지극히 불량하여 하수의 차집이 제대로 되지 않고 있어 안정적인 하수처리에 어려움을 겪고 있음.우리나라의 하수관거는 이음부 불량이나 하수관의 파손·침하, 타관통과 등으로 불량한 곳이 17.6m 당 1곳으로 160만개소나 불량한 곳으로 나타나고 있고 이런 불량관거의 조사에만 1995년부터 ’99년말까지 무려 1,210억원의 국고가 투입되는 등 예산 낭비가 심각한 수준임.이러한 하수관거의 불량원인은 사용 중에 일어나는 결함이라기 보다는 시공단계에서의 불량이 더 많은 것으로 나타나고 있는데 현재 공공하수도관리청이 하수관거를 설치하고 있어 대규모 국고지원사업임에도 불구하고 소규모 분할발주로 시공업체가 난립하여 저가수주가 성행하고 있을 뿐만아니라 공사 시공자가 영세하고 감리제도가 미흡하여 하수관거가 시공 당시부터 불량하게 설치되고 있음.따라서 안정적인 하수처리를 위해 하수처리장의 설치와 함께 하수관거 등도 전문기관에서 공사할 수 있도록 개선하려는 것임.■ 주요내용이미 전문기관에 위탁하고 있는 하수종말처리시설 설치업무 외에 하수관거 설치업무 등도 전문기관에서 설치할 수 있도록 함(안 제8조).']",환경노동위원회,"['한명숙', '강현욱', '곽치영', '권철현', '김근태', '김문수', '김영환', '김원길', '김홍신', '박용호', '박인상', '신기남', '오세훈', '이미경', '이부영', '이재정', '이호웅', '전재희', '천정배', '추미애', '홍사덕']"
160488,  재해구호법개정법률안,2000-12-07,정부,2001-11-22,수정가결,제16대 (2000~2004) 제215회,"['■ 제안이유재해구호의 대상을 자연재해대책법에 의한 재해로 인하여 피해를 입은 자로 하고, 구호기관의 범위를 확대하며구호기관은 재해구호물자를 상시 확보하도록 하는 등 현행 제도의 운영상 나타난 미비점을 전반적으로 개선·보완하려는 것임.■ 주요골자1. 이 법에 의한 구호의 대상을 자연재해대책법에 의한 재해로 인하여 피해를 입은 자로 함(안 제2조).2. 구호기관을 종전에는 시·도지사로 하였으나 앞으로는 그외에 시장·군수·구청장을 추가하고, 구호기관은재해구호에 관한 계획을 수립·시행하도록 함(안 제3조).3. 구호기관은 재해구호물자를 상시 확보하거나 응급지원할 수 있는 체제를 갖추도록 하고, 보건복지부장관은대한적십자사 등에 대하여 재해구호물자를 모집·관리·분배하기 위한 창고의 설치·운영을 지원할 수 있도록 함(안 제5조).4. 이재민의 구호에 필요한 재해의연금품의 모집·관리·배분 및 구호활동 등을 위하여 전국재해구호협회를 설립하도록 하고, 동 협회는 재해의연금품을 보건복지부장관이 정하는 재해의연금품배분기준에 따라 배분하도록 함(안 제10조 및 제11조).5. 벌칙규정을 현실에 맞도록 정비하고 경미한 사항의 위반에 대하여는 벌금형에서 과태료처분으로 전환함(안제17조 및 제18조).■ 위원회 수정사항□ 수정이유 및 주요골자재해발생시 구호기관의 응급구호 실시의무를 명문화하고, 재해의연금품의 배분·관리의 투명성을 제고하도록하며, 기타 자구를 수정하기 위한 것임.']",보건복지위원회,[]
160487,  여신전문금융업법중개정법률안,2000-12-07,정부,2001-02-28,수정가결,제16대 (2000~2004) 제215회,"['■ 제안이유여신전문금융회사의 영업허가·등록 및 감독에 관한 기본적인 사항을 법률에서 직접 규정하고, 여신전문금융회사 경영의 투명성을 높이기 위하여 자산과 영위업무 등을 감안하여 대통령령이 정하는 여신전문금융회사에 대하여 사외이사 및 감사위원회를 두도록 의무화하는 등 현행 제도의 운영상 나타난 일부 미비점을 개선·보완하려는 것임.■ 주요골자1. 신용카드업에 대한 허가가 보다 객관적이고 투명하게 이루어질 수 있도록 하기 위하여 신용카드업의 허가요건중 중요하고 기본적인 사항을 법률에서 직접 규정함(안 제6조제2항).2. 여신전문금융회사의 경영의 투명성을 높이기 위하여 자산 및 영위하고 있는 업무 등을 고려하여 대통령령이정하는 여신전문금융회사는 3인 이상의 사외이사를 두도록 하고, 감사위원회를 설치하도록 하는 한편, 모든여신전문금융회사는 내부통제기준을 정하도록 하고 1인 이상의 준법감시인을 두도록 의무화함(안 제50조의4내지 제50조의6 신설).3. 일정규모 이상의 여신전문금융회사의 경우에는 발행주식총수의 10만분의 5 이상의 주식을 보유하는 주주가대표소송을 제기할 수 있도록 하는 등 소수주주권의 행사요건을 현행 상장법인에 적용되는 행사요건의 절반수준으로 완화하여 여신전문금융회사의 경영이 보다 투명하게 이루어지도록 함(안 제50조의7 신설).4. 여신전문금융회사의 경영의 건전성을 높이기 위하여 금융감독위원회로 하여금 대통령령이 정하는 바에 따라여신전문회사의 경영건전성기준을 정할 수 있도록 하고, 여신전문금융회사의 재무상태가 일정한 기준에 미달하는 등의 경우에는 당해 회사에 대하여 경영개선을 권고·요구 또는 명령할 수 있는 근거를 새로 마련함(안 제53조의3 신설).■ 위원회 수정사항□ 수정이유직불카드를 발행·유통함에 있어 은행법에 의한 금융기관 중 일부는 여신전문금융업법에 의한 신용카드업자의허가를 받고, 일부는 허가를 받지 않음에 따라 적용 법률이 상이하게 되는 등 문제점이 나타나고 있는 바, 이를 방지하기 위해 은행법에 의한 금융기관이 직불·선불카드를 발행·유통하는 경우 그 업무에 한해 이 법에의한 신용카드업자로 의제하도록 하고, 준법감시인의 자격요건과 임면절차를 법률에서 직접 규정하도록 하면서그 자격요건을 강화하였으며 , 소수주주권의 행사요건을 추가적으로 완화하고, 여신전문금융업협회가 수행하고있는 공적 기능과 향후 시장자율적 감독기능의 효율화를 위하여 동 협회의 설치근거를 이 법에 존치하도록 하는 등 일부를 수정하기로 함.□ 수정주요골자1. 직불카드를 발행·유통함에 있어 은행법에 의한 금융기관 중 일부는 여신전문금융업법에 의한 신용카드업자의 허가를 받고, 일부는 허가를 받지 않음에 따라 적용 법률이 상이하게 되는 등 문제점이 나타나고 있는바, 이를 방지하기 위해 은행법에 의한 금융기관이 직불·선불카드를 발행·유통하는 경우 그 업무에 한해이 법에 의한 신용카드업자로 의제하도록 함.(안 제2조제2호의2, 제3호).2. 현재 대통령령에서 규정하도록 하고 있는 준법감시인의 임면절차, 자격요건 등을 법률에서 직접 규정하고,준법감시인의 실질적인 활동을 보장하고 감독기관과의 유착을 방지하기 위하여 감독기관에서 퇴임한 후 준법감시인으로 임명될 수 있는 경과기간을 2년에서 5년으로 대폭 강화함(안 제50조의6제3항 및 제4항).3. 이사의 위법행위 유지청구권과 회계장부열람권의 행사요건을 추가적으로 완화하여 증권거래법중개정법률안에서 규정하고 있는 증권회사의 소수주주권 행사요건과 균형을 맞추도록 함(안 제50조의6제2항 내지 제 5항).4. 여신전문금융업협회가 수행하고 있는 공적 기능과 향후 시장자율적 감독기능의 효율화를 위하여 동 협회의설치근거를 이 법에 존치하도록 하고 이 법에 의한 거래자보호를 위한 금융감독위원회의 권한 중 일부를 동협회에 위탁할 수 있도록 함(안 제6장).']",재정경제위원회,[]
160486,  문화재보호법중개정법률안,2000-12-07,정부,2001-02-28,원안가결,제16대 (2000~2004) 제215회,"['■ 제안이유전통문화의 전승사업이 활발히 이루어 질 수 있도록 하기 위하여 중요무형문화재 보유자 인정제도를 개선하고,문화재 수리공사에 있어서의 기술수준의 향상과 품질확보를 위하여 문화재 수리공사의 평가제도를 도입하며,근대문화유산 등의 보호를 위하여 보존할 가치가 있는 건조물 및 기념물은 등록하여 관리할 수 있도록 하는 등현행 제도의 운영과정에서 나타난 일부 미비점을 개선·보완하려는 것임.■ 주요골자1. 중요무형문화재 보유자의 신진대사를 촉진하고 기·예능전수활동을 활성화하기 위하여 중요무형문화재의 보유자가 기·예능의 전수교육을 정상적으로 실시하기 어려운 경우에는 중요무형문화재 보유자의 인정을 해제하고 명예보유자로서 그 자격을 인정할 수 있도록 함(안 제5조제4항 신설).2. 문화재 수리공사를 발주한 문화재청장 또는 지방자치단체의 장은 그가 발주한 문화재 수리공사에 대하여 평가를 할 수 있도록 하고, 우수한 평가를 받은 문화재수리업자에 대하여는 문화재 수리공사의 발주에 있어서우대할 수 있도록 함(안 제18조의10 신설).3. 문화재청장은 국가지정 문화재 등으로 지정되지 아니한 근대문화유산 등 건조물이나 기념물의 보존과 활용을 위하여 필요한 경우에는 이들을 등록하여 현상변경 등의 행위에 대하여 지도·조언·권고할 수 있도록하고, 그 수리·관리 등에 필요한 경비를 지원할 수 있도록 함으로써 문화재로서의 가치가 있는 건조물이나기념물의 보존과 활용의 증대를 도모함(안 제42조 내지 제42조의6 신설).4. 시·도지정문화재로서 보존할 가치가 있는 문화재가 문화재로서 지정되기 전에 훼손되는 것을 방지하기 위하여 긴급한 필요가 있는 경우에는 이를 가지정하여 보호할 수 있도록 함(안 제58조제2항).5. 문화재보호법에 의한 신고의무를 이행하지 아니한 자에 대하여 일률적으로 500만원 이하의 과태료를 부과하도록 하던 것을 신고의무 위반사항의 경중에 따라 차등 부과할 수 있도록 과태료금액을 합리적으로 조정함(안 제93조).']",문화관광위원회,[]
160485,  공직자윤리법중개정법률안(신기남의원등 29인 외 1인),2000-12-07,의원,2004-05-29,임기만료폐기,제16대 (2000~2004) 제215회,"['■ 제안이유재산등록의무자가 된 공직자는 등록의무자가 된 날을 기준으로 재산 및 재산형성과정을 등록하도록 하고, 등록된 재산 및 재산형성과정에 대한 심사 및 조사를 강화하며, 조사대상자의 범위를 확대하고, 관련 처벌법규를 강화함으로써 부정하게 재산을 형성한 자의 공직취임과 공직자의 부정한 재산증식을 방지하고 국민에 대한 봉사자로서의 공직윤리를 확립하기 위함.■ 주요내용가. 등록의무자가 재산을 등록할 때에는 소유자별로 그 재산의 취득일자？취득경위？소득원등(이하 “취득경위등”이라 한다)을 기재하고 소명자료를 첨부하되, 그 재산이 다른 재산을 처분하여 취득하게 된 것인 때에는 그 처분재산의 취득경위등을 포함하고, 다시 그 처분재산이 다른 재산을 처분하여 취득하게 된 것인 때에는 그 다른 처분재산의 취득경위등을 포함하는등 최초의 소득원에 이르기까지 순차적으로 재산의 취득경위등을 포함하여 기재하고 소명자료를 첨부하도록 하며 이를 공개하도록 함(안 제4조제5항 및 제10조제2항).나. 공직자윤리위원회의 심사대상자의 범위를 등록의무자와 그 배우자 및 직계존비속, 이들과 등록대상재산을 거래한 상대방, 등록대상재산을 관리하는 자등 재산변동과 관련있는 관계인 또는 기타 참고인에게까지 그 대상을 확대함(안 제8조제항).다. 공직자윤리위원회로 하여금 심사와 관련있는 물건이나 자료등(이하 “자료등”이라 한다)에 대하여 검증 또는 감정을 할 수 있도록 하고, 공직자윤리위원회가 국가기관에 대하여 자료등의 제출이나 그에 대한 검증 또는 감정을 요구한 경우 그 자료등이 국가의 안전보장 또는 외교관계에 중대한 영향을 미치는 국가기밀사항이거나 범죄수사 또는 계속중인 재판에 중대한 지장을 초래할 우려가 있는 때에는 국가기관의 장이 이를 거부할 수 있도록 하되, 이 경우 공직자윤리위원회는 관련 국가기관의 장에게 필요한 사항의 확인을 요청할 수 있도록 함(안 제8조제3항 및 제9항).라. 공직자윤리위원회는 심사를 위하여 필요하다고 인정되는 때에는 국가기관？지방자치단체？공직유관단체 기타 공공기관의 장에게 필요한 협조와 지원을 요청할 수 있도록 하고 필요한 경우 외부의 전문가를 활용할 수 있도록 함(안 제8조제6항 및 제13항).마. 공직자윤리위원회는 심사결과 허위등록의 혐의가 있다고 의심되는 경우에는 수사기관에 고발하거나 수사를 의뢰할 수 있도록 하며, 고발 또는 수사의뢰를 받은 수사기관의 장은 수사결과를 공직자윤리위원회에 통보하도록 함(안 제8조제7항 및 제8항).바. 공직자윤리위원회는 재산공개대상자의 등록사항 또는 변동신고 사항을 재산공개 후 1년 이내에 심사를 완료하도록 함(안 제8조제10항).사. 공직자윤리위원회가 필요하다고 인정하는 경우에는 그 위원으로 하여금 필요한 시설？장소？관계기관등에 출입하여 현지 조사를 실시할 수 있도록 하고, 조사에 필요한 자료등을 영치(領置)할 수 있도록 함(안 제8조제12항, 제14항 내지 제16항).아. 재산등록의무자로 된 자는 공직자윤리위원회의 위원이 될 수 없도록 함(안 제9조)자. 누구든지 등록의무자의 재산에 관한 등록사항을 열람？복사할 수 있도록 함(안 제10조제3항)차. 정당한 이유없이 공직자윤리위원회 또는 위원의 심사 및 조사에 응하지 아니하거나 이를 방해한 자는 6월 이하의 징역 또는 500만원 이하의 벌금에 처하도록 함(안 제29조의2).']",행정자치위원회,"['신기남', '김경천', '김근태', '김민석', '김부겸', '김성호', '김영환', '문석호', '박종희', '배기선', '송영길', '안영근', '유재건', '윤철상', '이미경', '이종걸', '임종석', '임채정', '전재희', '정동영', '정동채', '정범구', '정세균', '천정배', '최영희', '최용규', '추미애', '한명숙', '허운나']"
160484,  소방공무원법중개정법률안(함승희의원등 21인),2000-12-07,의원,2001-12-14,수정가결,제16대 (2000~2004) 제215회,"['■ 제안이유소방공무원은 화재를 비롯한 각종 재난사고로부터 국민의 생명과 재산을 지키는 특수분야의 봉사공무원으로서각종 진화 위험에도 불구하고 맡은바 업무에 충실하고 있음.그러나 현행 소방공무원법은 별도의 계급별 정년제를 채택하고 있어 조기퇴직에 따른 생계의 어려움과 우수인력 일수록 조기퇴직하여야 하는 불합리한 점들이 있으며, 계급별 정년제를 규정하고 있는 다른 공무원과 비교해 보면 그 기간이 짧은데다가 6급에 해당하는 하위직에까지 이를 적용하고 있는 상황임.이에 다른 공무원법과의 형평성을 고려하고, 가능한 소방공무원들이 정년에 가깝게 전문기술을 활용 및 헌신할수 있는 기회를 부여하며사기진작 차원에서 소방공무원법중 중·하위직 계급별 정년을 연장 또는 폐지하고자함.■ 주요골자일반직 4급에 해당하는 소방정·지방소방정과 일반직 5급에 해당하는 소방령·지방소방령의 계급정년을 각 3년씩 연장하고 일반직 6급에 해당하는 소방경·지방소방경의 계급정년을 폐지함(안 제20조제1항제2호).■ 위원회 수정사항□ 수정이유직무성격 및 보수체계 등이 유사한 경찰공무원의 계급정년 체제와 형평을 맞추기 위하여 소방공무원의 계급정년을 일부 조정하려는 것임.□ 수정주요골자1. 소방정의 계급정년은 10년에서 11년으로, 소방령의 계급정년은 12년에서 14년으로 각각 연장하도록 함(안제20조제1항제2호).2. 이 법은 2002년 1월 1일부터 시행하되, 2002년에 계급정년에 달하는 소방령은 2003년에 계급정년에 달하도록 하는 부칙을 신설하여 계급정년 연장에 따른 인사운영의 완충을 기하도록 함(부칙 제1조 및 제2조).']",행정자치위원회,"['함승희', '강운태', '김경천', '김명섭', '김성호', '김영배', '김운용', '김희선', '배기선', '송석찬', '송영길', '유삼남', '이원성', '이종걸', '임종석', '임채정', '장태완', '조한천', '천정배', '추미애', '한화갑']"
160483,  창군및6·25참전장기복무군인퇴직급여금지급에관한특별조치법안(조웅규의원등 26인),2000-12-07,의원,2004-05-29,임기만료폐기,제16대 (2000~2004) 제215회,"['■ 제안이유대한민국 국군 창설에 참여하거나 6？25전쟁에 참전하여 국가를 위하여 공헌하고 1959년 12월 31일 이전에 퇴직하게 됨으로써 퇴직급여금을 받지 못한 자에게 국가가 응분의 지원을 함으로써 이들의 생활안정을 도모하고 명예를 존중하여 국민의 애국정신 함양에 이바지하고자 함.■ 주요내용가. 이 법의 적용대상자를 대한민국 국군 창설에 참여하거나 6？25전쟁에 참여하고 5년 이상 복무 후 1959년 12월 31일 이전에 퇴직한 하사관 이상의 장기복무군인 중 퇴직급여금을 받지 못한 자로 함(안 제3조).나. 이 법의 적용대상자가 되고자 하는 자는 이 법 시행일부터 1년 이내에 국방부장관에게 등록을 신청하여야 하며, 국방부장관이 그 요건을 확인하여 적용대상자 여부를 결정하고 등록하도록 함(안 제4조).다. 이 법에 의한 적용대상자 결정, 장기복무군인 복무기간 산정 및 퇴직급여금 지급액 결정에 관한 사항을 심의하기 위하여 국방부에 장기복무군인퇴직급여금지급심사위원회를 둠(안 제5조).라. 이 법의 적용대상자로 등록된 자와 그 배우자에 대하여 퇴직급여금 및 유족급여금을 지급하되, 그 지급액은 퇴직시의 계급 및 복무기간 을 고려하여 정하도록 함(안 제6조 및 제7조).마. 복무기간의 계산은 군인연금법 제16조제1항 내지 제4항의 규정을 준용하여 정함(안 제8조).바. 퇴직급여금을 받을 권리는 이 법에 의한 등록을 한 날이 속하는 달부터 발생하도록 함(안 제10조).사. 허위 기타 부정한 방법 또는 잘못 지급된 퇴직급여금에 대하여 환수할 수 있도록 하고, 퇴직급여금을 받은 자가 기간 내에 반환하지 아니하는 경우 국세체납처분의 예에 의하여 징수할 수 있도록 하며, 불가피한 사유로 환수가 불가능할 경우 결손 처분할 수 있도록 함(안 제11조).아. 이 법의 적용대상자가 형법상의 죄를 범하여 금고 1년 이상의 실형의 선고를 받고 그 형이 집행 중에 있는 경우 퇴직급여금의 지급을 정지하도록 함(안 제12조).자. 이 법의 적용대상자가 국가보안법 위반행위, 내란의 죄 등 형법상의 죄 또는 미성년자 약취？유인 등 사회보호법 별표의 죄를 범하여 금고 1년 이상의 실형의 선고를 받고 그 형이 확정된 경우 이 법의 적용대상에서 제외함(안 제13조).차. 허위 기타 부정한 방법으로 퇴직급여금을 지급 받거나 지급 받게 한 자에 대하여 5년 이하의 징역 또는 500만원 이하의 벌금에 처하도록 함(안 제14조).']",국방위원회,"['조웅규', '강창성', '강현욱', '고흥길', '곽치영', '김기배', '김덕규', '김덕룡', '김덕배', '김부겸', '김성호', '민봉기', '박세환', '박원홍', '박종우', '박주천', '신기남', '심규철', '윤경식', '이희규', '임인배', '임태희', '전재희', '함승희', '현승일', '황우여']"
160482,  부정부패방지법안(최연희의원 외 132인),2000-12-06,의원,2001-04-30,대안반영폐기,제16대 (2000~2004) 제215회,"['■ 제안이유우리 사회의 구조적이고 관행적인 부정부패를 척결하기 위하여 역대정권이 역점을 두고 지속적으로 노력을 해왔으나 아직도 사회전반에 걸친 뿌리깊은 부패의 관행과 의식이 변하지 않고 있음.이로 인하여 우리 사회의 혼탁과 가치관의 혼돈으로 도덕적 해이가 만연되고, 국가경쟁력의 약화로 대외 신인도마저 하락하여 국가위상이 추락하고 있음.부정부패를 규율하는 법제로서 공직자윤리법, 형법상의 공무원의 직무에 관한 죄, 특정범죄가중처벌 등의 법률이 있으나, 부정부패가 줄어들지 않고 오히려 보편화, 구조화되어 가고 있어 부정부패를 근원적으로 차단？예방하여 깨끗하고 투명한 사회를 이룩하기 위해서는 종합적이고 체계적인 대책과 제도의 마련이 필요함.또한, 사정의 중추기관인 검찰이 정치적 사건이나 권력형 비리사건을 수사할 때마다 국민적 의혹이 해소되지 않고 있어 검찰이 중립성을 견지하여 공정하고 정의로운 사건처리로 국민적 신뢰를 회복할 수 있도록 제도적 장치를 마련해 둘 필요가 있음.이에 따라 하위직 공무원에서부터 최고 공직자인 대통령에 이르기까지 모든 공직자에 대한 부정부패행위를 감시？차단？예방하고 부정부패행위 적발시 성역없는 수사를 할 수 있도록 하는 부정부패척결의 강력한 제도를 마련하고자 함.■ 주요내용가. 이 법은 사회의 부정부패요인을 근원적으로 예방？제거하여 공정하고 투명한 공직풍토를 조성함으로써 깨끗하고 합리적인 사회를 이룩하는데 기여함을 그 목적으로 함 (안 제1조).나. 공공기관, 공직자, 정당, 기업의 부정부패척결을 위한 제도개선 노력 의무 등을 규정함 (안 제3조 내지 제7조).다. 부정부패방지위원회의 설치근거를 마련하고 위원회의 직무, 인사, 운영에 관하여 독립된 지위를 부여함 (안 제8조 및 9조).라. 부정부패위원회의 구성은 대통령이 임명하는 3인, 국회에서 선출하는 3인과 대법원장이 지명하는 3인으로 하고, 위원장 1인과 부위원장 2인은 호선하도록 함 (안 제11조).마. 부정부패방지위원회의 기능은 공직자가 범한 부정부패행위에 대한 신고의 접수, 신고내용의 진위여부에 대한 조사활동 및 수사의뢰와 부패방지를 위한 시책마련 및 제도개선 사항의 수립？권고, 점검？평가활동 등으로 함 (안 제10조제1항).바. 부정부패방지위원회는 신고내용의 진위여부 조사결과에 대하여 특별검사의 수사가 필요한 경우 국회에 특별검사의 임명을 요청할 수 있도록 함 (안 제10조제2항).사. 누구든지 부정부패행위를 알게된 때에는 부정부패방지위원회에 신고할 수 있도록 하고 이에 대한 신분보장？신변보호？책임감면에 관한 규정을 둠 (안 제20조 내지 제28조).아. 국민감사 청구에 관한 사항을 규정함 (안 제30조 내지 제32조).자. 국회는 정치적 사건, 권력형비리 및 고위공직자와 관련된 비리사건중 특별검사로 하여금 조사할 필요가 있을 경우에는 본회의의결로써 대통령에게 특별검사의 임명을 요청할 수 있도록 함 (안 제33조).차. 특별검사임명절차 및 수사대상, 직무권한 등 특별검사의 수사활동에 필요한 사항을 규정함 (안 제34조 내지 제47조).카. 부정부패방지위원회와 특별검사의 원활한 직무수행을 위하여 필요한 벌칙규정을 둠 (안 제50조 내지 제55조).']",법제사법위원회,"['최연희', '강신성일', '강인섭', '강재섭', '강창성', '고흥길', '권기술', '권오을', '권철현', '권태망', '김광원', '김기배', '김기춘', '김덕룡', '김동욱', '김락기', '김만제', '김무성', '김문수', '김부겸', '김성조', '김영구', '김영일', '김영춘', '김용갑', '김용균', '김용학', '김원웅', '김일윤', '김정숙', '김종하', '김진재', '김찬우', '김태호', '김학송', '김형오', '김호일', '김홍신', '나오연', '남경필', '도종이', '맹형규', '목요상', '민봉기', '박관용', '박근혜', '박명환', '박세환', '박승국', '박시균', '박원홍', '박재욱', '박종근', '박종웅', '박종희', '박주천', '박창달', '박헌기', '박혁규', '박희태', '백승홍', '서상섭', '서정화', '서청원', '손태인', '손학규', '손희정', '신경식', '신영국', '신영균', '신현태', '심규철', '심재철', '안경률', '안상수', '안영근', '안택수', '엄호성', '오세훈', '원희룡', '유성근', '유흥수', '윤경식', '윤두환', '윤여준', '윤영탁', '윤한도', '이강두', '이규택', '이방호', '이병석', '이부영', '이상득', '이상배', '이상희', '이성헌', '이연숙', '이원창', '이원형', '이윤성', '이인기', '이재오', '이재창', '이주영', '이한구', '이해봉', '이회창', '임인배', '임진출', '임태희', '전용원', '전재희', '정문화', '정병국', '정의화', '정인봉', '정재문', '정창화', '정형근', '조웅규', '조정무', '주진우', '최돈웅', '최병국', '최병렬', '하순봉', '허태열', '현경대', '현승일', '홍사덕', '황승민', '황우여']"
160481,  공무원연금법중개정법률안(민봉기의원 외 41인),2000-12-06,의원,2000-12-23,대안반영폐기,제16대 (2000~2004) 제215회,"['■ 제안이유공무원연금제도는 당초 공무원의 퇴직과 동시에 지급되는 퇴직금제도로서 만들어진 것임. 따라서 일반연금과는 달리 퇴직금제도와 연금제도, 그리고 산업재해보상제도를 혼합한 제도로서 국가와 직업공무원들과의 법적 고용계약인 것임. 그러나 그 동안 정부의 부담을 회피한 채 공무원 임금억제에 따른 선심정책, 연기금의 운영 및 관리부실, 대책없는 구조조정 및 정년단축으로 인하여 기금이 고갈위기에 오자 국민연금과 대비하여 수혜의 폭이 큰 부분만 줄이고 공무원 부담을 늘리는 임기응변적인 개정안을 국회에 제출하였음. 이 개정안은 정부에서 조차 향후 연금재정 안정을 확신하지 못하며, 몇가지 사항은 위헌소지마저 담고있고, 공무원의 희생과 국민의 세금부담만을 가중시키는 임기응변식 개정안으로서 공무원의 사기를 떨어뜨리고, 국민으로 하여금 정부를 불신케하는 개악안이므로 올바른 공무원연금제도의 정착을 위하여 현행법을 합리적으로 개정하려는 것임.■ 주요내용가. 행정자치부장관으로 하여금 5년마다 공무원연금의 재정수지에 관한 계산을 실시하고, 공무원연금의 재정전망, 공무원연금기금의 운용에 관한 계획 등을 포함한 공무원연금운영 전반에 관한 계획을 수립하여 국무회의 심의를 거쳐 대통령의 승인을 얻어 국회에 제출하고 이를 공시하도록 하여 공무원연금의 운영상 공공성과 투명성을 확보할 수 있도록 함(안 제3조의2).나. 공무원연금은 정부와 공무원 그리고 국민의 부담이 연계된 제도로서 그 동안 행정자치부 단독으로 운영해왔던 것을 공무원단체의 대표와 시민단체의 대표 등이 그 운영에 참여할 수 있는 제도적 방안으로 공무원연금제도 및 재정계산에 관한 사항, 급여에 관한 사항, 기여금 및 부담금에 관한 사항, 공무원연금기금에 관한 사항, 기타 공무원연금제도 운영과 관련하여 행정자치부장관이 부의하는 사항을 심의하기 위하여 행정자치부에 공무원연금운영위원회(이하 “운영위원회”라 함)를 둠. 운영위원회는 위원장, 부위원장 및 위원으로 구성하되, 위원장은 행정자치부 장관이 되고, 부위원장은 공무원단체를 대표하는 위원 중에서 호선하며, 위원은 행정자치부장관이 추천하는 자 2인, 공무원단체가 추천하는 자 3인, 시민단체에서 추천하는 자 1인, 공무원연금에 관한 학식과 경험이 풍부한 자 3인으로 하되, 행정자치부장관이 1인, 공무원단체가 1인, 시민단체가 1인을 추천함. 또한 운영위원회는 위원장 또는 위원 3분의 1이상의 요청에 의하여 소집할 수 있도록 함(안 제3조의3 제1항 내지 제3항).다. 공무원연금관리공단의 사업중 후생복지 사업은 정부가 부담하여야 할 부분이므로 공무원연금기금에서 부담한 것은 사용주로서의 책임을 다하지 못한 것이므로 후생복지사업을 삭제함(안 제16조제4호).라. 민간기업의 경우 공무상 장해시는 산업재해보상법, 비공무상 장해시는 국민연금법으로 보상을 받으나 공무원인 경우는 공무상 장해시에만 보상을 받음으로써 형평의 원칙에 벗어나기에 공무원의 경우도 공무？비공무상 재해의 구분이 없도록 함(제51조제1항 및 제2항).마. 퇴직수당의 지급을 현실화하기 위하여 보수월액에 재직년수를 곱한 금액으로 지급하도록 함(안 제61조의2제2항).바. 공무원연금제도는 퇴직금제도기능과 연금, 재해보험이 혼합된 제도로서 일종의 공무원 퇴직금제도임에도, 형벌 등에 의하여 감액지급을 하는 것은 재산권의 침해소지가 있으므로 공무원의 신분을 감안하여, 공무원 본인의 在職중 형사법상 공무원의 직무에 관한 죄로서 형벌을 받았을 경우로 제한하도록 함(안 제64조제1항제1호 내지 제2호).사. 공단의 운영 경비를 공무원연금기금에서 지출한다는 것은 사용주로서의 책임회피와 타 연금제도와의 형평문제가 있으므로 공단의 운영비를 국가가 부담하도록 함(안 제65조제4항).아. 기여금 및 부담금의 금액을 보수월액 및 보수예산의 1,000분의 75의 범위안에서 정하던 것을 각각 1,000분의 80의 범위안에서 정할 수 있도록 상향조정함으로써 연금재정의 건전화를 도모하도록 함(안 제66조제1항 및 제69조제1항).자. 퇴직급여 및 유족급여(장해연금에서 승계된 유족연금 및 유족보상금을 제외한다)에 소요되는 비용을 기여금 및 부담금으로 충당할 수 없는 경우에는 그 부족한 금액을 국가 또는 지방자치단체에서 보전하도록 함(안 제69조제1항 단서).차. 연금기금의 재정안정을 위하여 국가 또는 지방자치단체가 매 회계년도 보수예산의 1,000분의 40을 매년 적립하도록 함(안 제69조의2).카. 공무원연금관리공단의 기금관리운용에 있어서 후생복지사업을 삭제하여 본연의 업무만을 추진하도록 함(안 제74조제2항).타. 대통령령으로 되어있는 공무원연금기금운용심의회(이하 “심의회”라 한다)의 조직 및 기능을 법률에 정하여 독립적인 운용을 할 수 있도록 하며, 심의회에서는 기금운용 지침에 관한 사항, 기금을 관리기금에 예탁할 경우 예탁 이자율의 협의에 관한 사항, 기금운용계획에 관한 사항, 기금운용내역과 사용내역에 관한 사항을 심의？의결하고, 위원장은 행정자치부장관으로, 당연직 위원을 공단 이사장으로 하며, 위원장이 위촉하는 위원으로, 행정자치부장관이 추천하는 자 2인, 공무원단체가 추천하는 자 3인, 시민단체가 추천하는 자 1인, 공무원연금에 관한 학식과 경험이 풍부한자 3인으로 하되, 행정자치부장관이 1인, 공무원단체가 1인, 시민단체가 1인을 추천한다. 또한 심의회는 위원장 또는 위원 3분의 1이상의 요청에 의하여 소집되도록 함(안 제75조제1 내지 제4항).']",행정자치위원회,"['민봉기', '강재섭', '권오을', '김기춘', '김동욱', '김락기', '김문수', '김영일', '김용갑', '김용균', '김종하', '김진재', '김학송', '김형오', '김호일', '나오연', '도종이', '박관용', '박세환', '박승국', '박시균', '박인상', '박희태', '백승홍', '손태인', '송석찬', '송영길', '안경률', '안택수', '엄호성', '윤두환', '윤영탁', '윤한도', '이강두', '이원형', '이인기', '이주영', '정의화', '정인봉', '최병국', '현승일']"
160480,  중소기업기술혁신촉진법안(배기운의원등 35인),2000-12-06,의원,2001-03-27,철회,제16대 (2000~2004) 제215회,"['■ 제안이유21세기 기술·지식·정보화시대를 맞이하여 국가경쟁력 제고를 위해서는 중소기업의 기술혁신을 통한 기술경쟁력 제고가 국가적인 과제로 대두되고 있음에도 불구하고, 우리의 경우 중소기업 기술지원에 관한 독립적인 법률의 제정 없이 개별 법률에 산재된 몇몇 조항에 의해 기술지원을 추진하고 있는 실정임. 이에 중소기업의 기술혁신을 체계적으로 지원함으로써 기술력이 우수한 기술혁신형 중소기업을 집중 육성하기 위한 독립법률의필요성이 시급하여 본 제정안을 제안하게 된 것임.■ 주요골자1. 중소기업청장은 중소기업의 기술혁신을 촉진하기 위하여 관계부처 장관, 시·도지사 및 유관기관의 장과 협의를 거쳐 중소기업기술혁신촉진계획을 수립함(안 제4조).2. 중소기업기술혁신촉진계획의 심의·조정 및 중소기업 기술지원 및 정보화 관련 중요시책의 협의·조정을 위하여 중소기업기술혁신추진위원회를 설치함(안 제5조).3. 중소기업 기술지원 전담기구로서 중소기업기술진흥전문기관을 지정하고, 중소기업 기술혁신 정책개발· 중소기업 기술의 조사·연구 및 주요 중소기업기술지원사업의 관리를 수행하도록 함(안 제6조).4. 관계부처의 다양한 중소기업 기술지원사업의 종합창구역할을 담당토록 중소기업기술지원센타를 지정하고,공동기술개발· 기술지도 및 기술인력교육 등의 추진에 필요한 자금을 지원함(안 제7조).5. 중소기업의 기술경쟁력 수준을 진단하고, 기술이전 및 거래의 촉진을 위하여 중소기업의 기술경영능력 및기술수준에 대한 평가 근거를 마련함(안 제15조).6. 중소기업의 정보화 수준향상· 정보화추진 기반조성 및 정보기술개발을 촉진하고, 중소기업의 정보화기반경영체제로의 전환을 촉진하기 위한 정보화경영체제인증사업 추진 근거를 마련함(안 제22조 및 제23조).7. 중소기업의 정보화를 통한 경쟁력을 강화하기 위한 정보화경영기법보급 및 정보화기반 중소기업을 육성하기위한 중소기업 정보화촉진지역 지정 근거를 마련함(안 제25조).8. 중소기업의 기술 및 정보화인력 양성을 위한 중소기업기술인력 교육기관 지정 및 중소기업 기술지원 관련정보의 전산화를 통한 기술지원정보제공사업 추진근거를 마련함(안 제28조 및 제29조).9. 대학· 연구소·연구조합 및 업종단체 등과 중소기업이 공동으로 기술연구를 추진할 수 있는 중소기업기술연구회 구성 근거를 마련함(안 제31조).']",산업자원위원회,"['배기운', '김경천', '김덕규', '김덕배', '김민석', '김방림', '김영배', '김영진', '김원기', '김충조', '김태홍', '김택기', '김호일', '김희선', '박광태', '박상규', '박인상', '박주선', '송훈석', '신현태', '안영근', '오장섭', '이강래', '이근진', '이낙연', '이인기', '이재정', '이정일', '장정언', '정동채', '조성준', '조웅규', '조재환', '천정배', '황승민']"
160478,  여객자동차운수사업법중개정법률안(이상배의원등 23인),2000-12-05,의원,2004-05-29,임기만료폐기,제16대 (2000~2004) 제215회,"['제안이유？？？？？？？？정기노선의 교통편이 없는 농촌·어촌 및 벽지 주민의 교통편익 도모를 위해 소형버스 등이 운행될 수 있도록 정부 또는 지방자치단체의 재정적인 지원을 제도적으로 마련하고자 함.주요골자？？？？？？？？？가. 수익성이 없는 노선이 노선개설대책에 포함되어 있는 경우에는 건설교통부장관 또는 시·도지사로 하여금 운송사업자에게 개선명령을 하도록 하는 규정을 신설함(안 제24조제1항 단서).나. 건설교통부장관 또는 시·도지사는 운송사업자가 수익성이 없는 등의 사유로 노선의 운행을 하지 않는 농촌·어촌·벽지 기타 지역에 대하여 매년 운행구간, 이용주민수, 운행횟수, 손실금액의 사항을 조사하여 노선개설대책을 수립·시행하여야 하며 이 노선개설대책에는 손실보상계획 등이 포함되어야 한다는 규정을 신설함(안 제24조제2항).']",건설교통위원회,"['이상배', '강신성일', '강재섭', '권오을', '김광원', '김일윤', '김진재', '김찬우', '박시균', '박재욱', '백승홍', '손태인', '신경식', '신영국', '안대륜', '유흥수', '이병석', '이상득', '이인기', '임인배', '조웅규', '주진우', '허태열']"
160477,  옥외광고물등관리법중개정법률안(이상배의원등 27인),2000-12-05,의원,2001-06-28,대안반영폐기,제16대 (2000~2004) 제215회,"['제안이유？？？？불법광고물의 난립으로 인해 국민생활의 불편, 도시미관의 훼손 등 심각한 사회문제가 대두되고 있음에도 불구하고 이에 대한 단속근거 및 처벌규정의 미약 등으로 불법광고물에 대한 단속의 실효성을 거두지 못하고 있는 바, 불법광고물에 대한 단속 및 처벌 강화, 철거이행담보수단의 확보, 이행강제금 부과, 과태료 부과금액의 상향조정 등을 규정함으로써 옥외광고물을 효율적으로 관리하고 불법광고물을 근절하려는 것임.주요골자？？？？가. 광고물등의 표시 또는 설치의 허가를 받은 자는 허가기간이 만 료된 후 또는 허가가 취소된 후에 광고물등의 제거를 이행하기 위한 담보수단을 시·도지사에게 제출하여야 함(안 제3조제3항).나. 관혼상제 또는 종교의식을 이유로 한 영리목적의 광고물은 이 법 적용배제 대상에서 제외함(안 제8조제3호 및 제4호).다. 시·도지사에 의하여 안전도검사의 업무를 위탁받은 자는 위탁받은 업무를 성실히 수행하여야 하고, 이를 위반한 자에 대하여 과태료에 처하도록 하며, 과태료의 부과금액도 300만원 이하로 상향조정함(안 제9조 및 제20조제1항).라. 광고물등의 표시·설치 허가를 받은 자가 허가를 받은 날부터 6월 이내에 공사에 착수하지 아니하거나 공사에 착수하였으나 공사의 완료가 불가능하다고 인정하는 때 또는 광고내용을 3월 이상 표시하지 아니하는 때에는 허가를 취소할 수 있도록 함(안 제13조).마. 시정명령을 받은 후 시정기간내에 당해 시정명령을 이행하지 아니한 광고물등의 관리자, 그 광고물등이 표시·설치된 토지·시설물등의 소유자·관리책임자 또는 광고주등에 대하여는 시·도지사가 500만원 이하의 이행강제금을 부과할 수 있도록 함(안 제20조의1).']",행정자치위원회,"['이상배', '강신성일', '강재섭', '권오을', '김광원', '김성조', '김일윤', '김진재', '김찬우', '박시균', '박재욱', '박종희', '백승홍', '손태인', '신영국', '안대륜', '원유철', '유흥수', '이병석', '이상득', '이인기', '임인배', '정창화', '조웅규', '주진우', '추미애', '허태열']"
160476,  국회법중개정법률안(서청원의원등 35인 외 98인),2000-12-04,의원,2002-02-28,대안반영폐기,제16대 (2000~2004) 제215회,['제안이유 및 주요골자？？？？？？？？？？？？？？？？？？？？？국회의 원활한 운영과 의장의 중립적인 의사진행을 담보하기 위하여 의장이 본회의 개의 또는 의사진행을 거부·기피 또는 물리적 방해로 인해서 본회의 개의 또는 의사진행이 어려운 때에는 교섭단체소속의 부의장중에서 소속의원수가 많은 교섭단체소속 부의장의 순으로 의장의 직무를 대행하도록 한다.'],정치개혁특별위원회,"['서청원', '강삼재', '강재섭', '권오을', '권태망', '김만제', '김부겸', '김호일', '박명환', '박세환', '박창달', '박헌기', '박혁규', '서정화', '신현태', '안경률', '안상수', '안택수', '엄호성', '윤영탁', '윤한도', '이연숙', '이원창', '이윤성', '이인기', '이재오', '임인배', '임진출', '정문화', '정의화', '정인봉', '조웅규', '조정무', '현승일', '황승민', '목요상', '민봉기', '박관용', '박근혜', '박승국', '박시균', '박원홍', '박재욱', '박종근', '박종웅', '박종희', '박주천', '박희태', '백승홍', '서상섭', '손태인', '손학규', '손희정', '신경식', '신영국', '신영균', '심규철', '심재철', '안영근', '오세훈', '원희룡', '유성근', '유흥수', '윤경식', '윤두환', '윤여준', '이강두', '이규택', '이방호', '이병석', '이부영', '이상득', '이상배', '이상희', '이성헌', '이원형', '이재창', '이주영', '이한구', '이해봉', '이회창', '임태희', '전용원', '전재희', '정병국', '정재문', '정창화', '정형근', '주진우', '최돈웅', '최병국', '최병렬', '최연희', '하순봉', '허태열', '현경대', '홍사덕', '황우여']"
160475,  민주유공자예우에관한법률안(이훈평의원등 15인 외 103인),2000-12-04,의원,2001-12-21,수정가결,제16대 (2000~2004) 제215회,"[""■ 제안이유1980년 5월 18일을 전후한 광주민주화운동 등의 민주화운동은 수많은 시민·학생의 희생을 통해 민주주의의 숭고한 가치를 널리 알리고 대한민국의 민주화를 도모하는 역사적 계기가 되었음.정부는 민주화운동중 사망하거나 상이를 입은 자 등의 보상을 위하여 관련법을 제정하였으나 일시적인 보상에한할 뿐 이 분들에 대한 예우가 미흡한 실정임.따라서 이 분들을 '민주유공자'로 예우할 수 있도록 입법조치 함으로써 민주유공자와 그 유족 또는 가족에 대하여 국가가 응분의 예우를 하고, 5·18민주화운동 등의 민주화운동정신의 숭고한 가치를 널리 알려 민주사회의 발전에 기여할 수 있도록 하자는 것임.■ 주요골자1. 법 적용대상자를 광주민주화운동관련자보상등에관한법률 및 민주화운동관련자명예회복및보상등에관한법률에의하여 보상을 받은 자로 함(안 제4조).2. 민주유공자의 공헌과 희생의 정도에 따라 예우를 달리할 수 있으며, 등록신청을 한 날이 속하는 달부터 예우 받을 권리가 발생함(안 제6조).3. 사망한 때, 친족관계가 소멸된 때 등 이 법에 의한 예우 받을 권리의 소멸사유를 정함(안 제9조).4. 민주유공자와 그 유·가족에 대하여 교육지원, 취업지원, 의료지원, 대부, 양로지원, 양육지원 및 기타지원을 실시함(안 제3장 내지 제7장).5. 민주화운동의 정신 계승·발전을 위하여 각종 기념·추모사업을 실시하며, 국립 5·18묘지를 설치함(안 제61조 내지 제63조).6. 민주유공자가 이 법 또는 이 법에 의한 명령에 위반하거나 품위손상행위를 한 경우에는 대통령령이 정하는바에 따라 3년의 범위 안에서 예우를 정지할 수 있음(안 제67조).7. 허위 기타 부정한 방법으로 이 법에 의한 예우를 받거나 예우를 받게한 자 등에 대한 벌칙규정을 정함(안제71조).■ 위원회 수정사항□ 수정이유이 법 적용대상자를 광주민주화운동관련자로 한정하며, 중복지급의 논란이 있는 의료개호비 및 생활지원비의지급 규정을 삭제하고, 법 적용대상자에 관하여 누락된 규정과 일부체제 및 법문표현을 수정하려는 것임.□ 수정주요골자1. 법 제명을 광주민주유공자예우에관한법률로 하며, 이 법 적용대상을 광주민주화운동관련자보상등에관한법률에 의한 보상을 받은 자와 그 유족 또는 가족으로 함(안 제4조).2. 이중지급의 논란이 있는 품위유지를 위한 생활지원비 지원규정을 삭제함(안 제10조제2항).3. 학교의 취학의무 규정과 교육인적자원부장관의 취학비율조정권한의 근거를 명확히 함(안 제14조).4. 취업지원실시기관의 채용의무를 명확히 함(안 제22조).5. 이중지급의 논란이 있는 부상자의 의료개호비 지급규정을 삭제함(안 제35조제1항).6. 대부재원인 보훈기금의 확보 등을 감안하여 대부규정을 임의규정화 함(안 제39조).""]",정무위원회,"['이훈평', '김경재', '김민석', '김옥두', '김원길', '박병석', '박주선', '배기선', '신기남', '이미경', '이해찬', '장태완', '정균환', '정세균', '조재환', '김영진', '김영환', '김운용', '김원기', '김윤식', '김충조', '김태식', '김태홍', '김택기', '김홍일', '김화중', '김효석', '김희선', '남궁석', '문석호', '문희상', '박광태', '박병윤', '박상규', '박상천', '박상희', '박용호', '박인상', '박종우', '배기운', '서영훈', '설송웅', '설훈', '송석찬', '송영길', '송영진', '송훈석', '신계륜', '심규섭', '심재권', '안동선', '원유철', '유삼남', '유용태', '유재건', '유재규', '윤철상', '이강래', '이근진', '이낙연', '이상수', '이용삼', '이원성', '이윤수', '이인제', '이재정', '이정일', '이종걸', '이창복', '이협', '이호웅', '이희규', '임종석', '임채정', '장성민', '장성원', '장영달', '장영신', '장재식', '장정언', '전갑길', '전용학', '정대철', '정동영', '정동채', '정범구', '정장선', '정철기', '조성준', '조순형', '조한천', '천용택', '천정배', '최선영', '최영희', '최용규', '최재승', '추미애', '한명숙', '한화갑', '함승희', '허운나', '홍재형']"
160474,  재정건전화를위한특별조치법안(정세균의원등 33인 외 85인),2000-12-04,의원,2004-05-29,임기만료폐기,제16대 (2000~2004) 제215회,"['■ 제안이유1997년말에 발생한 경제위기를 극복하기 위하여 재정이 적극적인 역할을 하는 과정에서 발생한 재정적자를 축소하고 이로 인하여 크게 증가한 국가채무를 적정한 수준으로 관리하기 위하여 추가경정예산안의 편성을 제한하고 재정부담이 증가하는 법률의 제정 및 개정을 제한하는 등 재정규율을 확립하고, 정부로 하여금 재정수지 및 국가채무관리계획을 포함한 중기재정계획을 매년 수립하도록 하여 재정수지 및 국가채무를 체계적으로 관리하며,국가채무관리위원회를 설치하여 재정건전화에 영향을 미치는 사안을 심의하도록 하는 등 건전재정을 조기에 회복하려는 것임.■ 주요내용가. 재정적자와 국가채무를 체계적으로 관리하기 위하여 재정수지비율 및 국가채무에 대한 관리계획을 포함하는 3개년 중기재정계획을 수립하여 국회에 제출하도록 함(안 제3조).나. 추가경정예산은 대규모 자연재해, 심각한 대내외 여건변화, 심각한 경기침체 등 불가피한 경우를 제외하고는 편성할 수 없도록 함(안 제4조).다. 세계잉여금(歲計剩餘金)은 국가채무의 상환에 우선적으로 사용하도록 함(안제5조).라. 재정지출을 증가시키거나 재정수입을 감소시키는 법률을 제정하거나 개정하고자 하는 경우에는 당해 법률의 시행으로 인하여 예상되는 재정지출 및 재정수입의 증감액에 관한 추계서(推計書)를 법률안에 첨부하여 국회에 제출하도록 함(안 제6조).마. 공공기금의 재정건전화를 위해 재정수지를 악화시키는 기금운용계획의 변경은 기획예산처장관과 사전에 협의하도록 함(안 제7조).바. 행정자치부장관은 지방자치단체의 중기재정계획을 근거로 지방재정건전화계획을 마련하여 국가채무관리위원회의 심의를 받도록 함(안 제8조).사. 기획예산처장관을 위원장으로 하는 국가채무관리위원회를 설치하여 중기재정계획, 정부채무보증 관리계획 및 기타 재정건전화를 위해 필요한 사항에 대해 심의하도록 함(안 제9조).아. 각 중앙관서의 장은 정부채무보증 관리계획을 국가채무관리위원회의 심의를 받아 마련하도록 함(안 제10조).자. 재정정보의 투명성을 높일 수 있도록 국가채권？채무백서, 지방자치단체의 채권？채무백서를 발간하고 재정수지 현황에 대한 정보를 공표하도록 함(안 제12조).차. 이 법의 적용기간을 2005년 12월 31일까지로 함(안 부칙 제2조).']",국회운영위원회,"['정세균', '강운태', '고진부', '김경재', '김근태', '김기재', '김덕규', '김성순', '김영환', '김옥두', '김태식', '박병윤', '배기선', '송석찬', '송영길', '송영진', '신계륜', '신기남', '심규섭', '유삼남', '유재규', '이근진', '이낙연', '이상수', '이정일', '이해찬', '이호웅', '장영신', '장재식', '정균환', '정철기', '함승희', '홍재형', '배기운', '서영훈', '설송웅', '설훈', '송훈석', '심재권', '안동선', '원유철', '유용태', '유재건', '윤철상', '이강래', '이미경', '이용삼', '이원성', '이윤수', '이인제', '이재정', '이종걸', '이창복', '이협', '이훈평', '이희규', '임종석', '임채정', '장성민', '장성원', '장영달', '장정언', '장태완', '전갑길', '전용학', '정대철', '정동영', '정동채', '정범구', '정장선', '조성준', '조순형', '조재환', '조한천', '천용택', '천정배', '최선영', '최영희', '최용규', '최재승', '추미애', '한명숙', '한화갑', '허운나']"
160473,  국가정보원법중개정법률안(김용학의원 외 132인),2000-12-04,의원,2003-12-04,폐기,제16대 (2000~2004) 제215회,"['■ 제안이유국외정보 및 국가보안정보업무를 관장하며 국가안전보장에 관한 중대한 국가기밀업무를 담당하는 국가정보원장을 국회법이 정한 인사청문특별위원회의 심사 대상에 포함시켜 국가정보업무의 총괄자에 대한 인사검증 절차를 강화하고, 정치적 중립성을 확보하고자 함.■ 주요골자국가정보원장의 임명시 국회법이 정한 인사청문특별위원회의 심사를 거쳐 임명하도록 함(안 제7조제1항).']",정보위원회,"['김용학', '강신성일', '강인섭', '강재섭', '강창성', '고흥길', '권기술', '권오을', '권철현', '권태망', '김광원', '김기배', '김기춘', '김덕룡', '김동욱', '김락기', '김만제', '김무성', '김문수', '김부겸', '김성조', '김영구', '김영일', '김영춘', '김용갑', '김용균', '김원웅', '김일윤', '김정숙', '김종하', '김진재', '김찬우', '김태호', '김학송', '김형오', '김호일', '김홍신', '나오연', '남경필', '도종이', '맹형규', '목요상', '민봉기', '박관용', '박근혜', '박명환', '박세환', '박승국', '박시균', '박원홍', '박재욱', '박종근', '박종웅', '박종희', '박주천', '박창달', '박헌기', '박혁규', '박희태', '백승홍', '서상섭', '서정화', '서청원', '손태인', '손학규', '손희정', '신경식', '신영국', '신영균', '신현태', '심규철', '심재철', '안경률', '안상수', '안영근', '안택수', '엄호성', '오세훈', '원희룡', '유성근', '유흥수', '윤경식', '윤두환', '윤여준', '윤영탁', '윤한도', '이강두', '이규택', '이방호', '이병석', '이부영', '이상득', '이상배', '이상희', '이성헌', '이연숙', '이원창', '이원형', '이윤성', '이인기', '이재오', '이재창', '이주영', '이한구', '이해봉', '이회창', '임인배', '임진출', '임태희', '전용원', '전재희', '정문화', '정병국', '정의화', '정인봉', '정재문', '정창화', '정형근', '조웅규', '조정무', '주진우', '최돈웅', '최병국', '최병렬', '최연희', '하순봉', '허태열', '현경대', '현승일', '홍사덕', '황승민', '황우여']"
160472,  검찰청법중개정법률안(김용학의원 외 132인),2000-12-04,의원,2003-12-30,대안반영폐기,제16대 (2000~2004) 제215회,['■ 제안이유공정한 법 집행으로 사회질서와 공직기강을 확립해야 할 검찰총장을 국회법이 정한 인사청문특별위원회의 심사 대상에 포함시켜 공정한 인사체계를 구축함과 동시에 정치적 중립성을 확보함으로써 검찰조직에 대한 국민의 신뢰회복에 기여하고자 함.■ 주요내용검찰총장의 경우 국회법이 정한 인사청문특별위원회의 심사를 거쳐 임명할 수 있도록 근거 규정을 마련하고자 함(안 제34조).'],법제사법위원회,"['김용학', '강신성일', '강인섭', '강재섭', '강창성', '고흥길', '권기술', '권오을', '권철현', '권태망', '김광원', '김기배', '김기춘', '김덕룡', '김동욱', '김락기', '김만제', '김무성', '김문수', '김부겸', '김성조', '김영구', '김영일', '김영춘', '김용갑', '김용균', '김원웅', '김일윤', '김정숙', '김종하', '김진재', '김찬우', '김태호', '김학송', '김형오', '김호일', '김홍신', '나오연', '남경필', '도종이', '맹형규', '목요상', '민봉기', '박관용', '박근혜', '박명환', '박세환', '박승국', '박시균', '박원홍', '박재욱', '박종근', '박종웅', '박종희', '박주천', '박창달', '박헌기', '박혁규', '박희태', '백승홍', '서상섭', '서정화', '서청원', '손태인', '손학규', '손희정', '신경식', '신영국', '신영균', '신현태', '심규철', '심재철', '안경률', '안상수', '안영근', '안택수', '엄호성', '오세훈', '원희룡', '유성근', '유흥수', '윤경식', '윤두환', '윤여준', '윤영탁', '윤한도', '이강두', '이규택', '이방호', '이병석', '이부영', '이상득', '이상배', '이상희', '이성헌', '이연숙', '이원창', '이원형', '이윤성', '이인기', '이재오', '이재창', '이주영', '이한구', '이해봉', '이회창', '임인배', '임진출', '임태희', '전용원', '전재희', '정문화', '정병국', '정의화', '정인봉', '정재문', '정창화', '정형근', '조웅규', '조정무', '주진우', '최돈웅', '최병국', '최병렬', '최연희', '하순봉', '허태열', '현경대', '현승일', '홍사덕', '황승민', '황우여']"
160471,  인사청문회법중개정법률안(김용학의원 외 132인),2000-12-04,의원,2002-02-28,대안반영폐기,제16대 (2000~2004) 제215회,['■ 제안이유 및 주요내용공정한 법집행으로 사회질서와 공직기강을 확립해야 할 검찰총장과 국가안전보장에 관한 중대한 국가기밀업무를 담당하는 국가정보원장을 인사청문회 대상에 포함하여 공정한 인사체계를 구축함과 동시에 이들의 정치적 중립성을 확보하고 국민의 알 권리를 충족시킴으로써 대국민 신뢰회복에 기여하고자 함.'],정치개혁특별위원회,"['김용학', '강신성일', '강인섭', '강재섭', '강창성', '고흥길', '권기술', '권오을', '권철현', '권태망', '김광원', '김기배', '김기춘', '김덕룡', '김동욱', '김락기', '김만제', '김무성', '김문수', '김부겸', '김성조', '김영구', '김영일', '김영춘', '김용갑', '김용균', '김원웅', '김일윤', '김정숙', '김종하', '김진재', '김찬우', '김태호', '김학송', '김형오', '김호일', '김홍신', '나오연', '남경필', '도종이', '맹형규', '목요상', '민봉기', '박관용', '박근혜', '박명환', '박세환', '박승국', '박시균', '박원홍', '박재욱', '박종근', '박종웅', '박종희', '박주천', '박창달', '박헌기', '박혁규', '박희태', '백승홍', '서상섭', '서정화', '서청원', '손태인', '손학규', '손희정', '신경식', '신영국', '신영균', '신현태', '심규철', '심재철', '안경률', '안상수', '안영근', '안택수', '엄호성', '오세훈', '원희룡', '유성근', '유흥수', '윤경식', '윤두환', '윤여준', '윤영탁', '윤한도', '이강두', '이규택', '이방호', '이병석', '이부영', '이상득', '이상배', '이상희', '이성헌', '이연숙', '이원창', '이원형', '이윤성', '이인기', '이재오', '이재창', '이주영', '이한구', '이해봉', '이회창', '임인배', '임진출', '임태희', '전용원', '전재희', '정문화', '정병국', '정의화', '정인봉', '정재문', '정창화', '정형근', '조웅규', '조정무', '주진우', '최돈웅', '최병국', '최병렬', '최연희', '하순봉', '허태열', '현경대', '현승일', '홍사덕', '황승민', '황우여']"
160470,  국회법중개정법률안(김용학의원 외 132인),2000-12-04,의원,2002-02-28,대안반영폐기,제16대 (2000~2004) 제215회,['■ 제안이유 및 주요내용공정한 법집행으로 사회질서와 공직기강을 확립해야 할 검찰총장과 국가안전보장에 관한 중대한 국가기밀업무를 담당하는 국가정보원장을 인사청문회 대상에 포함하여 공정한 인사체계를 구축함과 동시에 이들의 정치적 중립성을 확보하고 국민의 알 권리를 충족시킴으로써 대국민 신뢰회복에 기여하고자 함.'],정치개혁특별위원회,"['김용학', '강신성일', '강인섭', '강재섭', '강창성', '고흥길', '권기술', '권오을', '권철현', '권태망', '김광원', '김기배', '김기춘', '김덕룡', '김동욱', '김락기', '김만제', '김무성', '김문수', '김부겸', '김성조', '김영구', '김영일', '김영춘', '김용갑', '김용균', '김원웅', '김일윤', '김정숙', '김종하', '김진재', '김찬우', '김태호', '김학송', '김형오', '김호일', '김홍신', '나오연', '남경필', '도종이', '맹형규', '목요상', '민봉기', '박관용', '박근혜', '박명환', '박세환', '박승국', '박시균', '박원홍', '박재욱', '박종근', '박종웅', '박종희', '박주천', '박창달', '박헌기', '박혁규', '박희태', '백승홍', '서상섭', '서정화', '서청원', '손태인', '손학규', '손희정', '신경식', '신영국', '신영균', '신현태', '심규철', '심재철', '안경률', '안상수', '안영근', '안택수', '엄호성', '오세훈', '원희룡', '유성근', '유흥수', '윤경식', '윤두환', '윤여준', '윤영탁', '윤한도', '이강두', '이규택', '이방호', '이병석', '이부영', '이상득', '이상배', '이상희', '이성헌', '이연숙', '이원창', '이원형', '이윤성', '이인기', '이재오', '이재창', '이주영', '이한구', '이해봉', '이회창', '임인배', '임진출', '임태희', '전용원', '전재희', '정문화', '정병국', '정의화', '정인봉', '정재문', '정창화', '정형근', '조웅규', '조정무', '주진우', '최돈웅', '최병국', '최병렬', '최연희', '하순봉', '허태열', '현경대', '현승일', '홍사덕', '황승민', '황우여']"
160467,  방송법중개정법률안(정병국의원등 10인 외 19인),2000-12-02,의원,2004-05-29,임기만료폐기,제16대 (2000~2004) 제215회,"['■ 제안이유독립된 합의제 기구인 방송위원회의 구성？운영과 관련하여 살펴보면, 위원회의 구성은 전문성과 사회 각 분야의 대표성을 고려하여 대통령이 임명하되, 국회 추천을 6명으로 하고, 대통령은 국가원수의 자격으로 3인을 임명토록 하며, 그 중 위원장？부위원장 및 상임위원을 선출함에 있어 단순히 호선에 의하도록 함으로써 국회의 다수 의원으로 구성된 교섭단체가 추천한 위원이 상임위원회 구성에서 배제되는 경우가 발생할 수 있다는 점과 방송위원회가 방송의 기본계획에 관한 사항 중 방송영상정책과 관련된 사항을 심의？의결할 경우, 문화관광부장관과 합의하도록 규정하고 있어 방송위원회의 중요한 직무중 하나인 “방송의 기본계획에 관한 사항”에 대한 심의시 문화관광부의 지나친 간섭을 초래할 소지가 있는 바, 방송위원회의 독립성과 대표성의 제고를 위해서 이를 개정하고자 함.■ 주요내용가. 방송위원회의 위원장？부위원장？상임위원을 선출함에 있어서 호선의 방식에 의하고 있는 바, 상임위원의 수를 2인에서 3인으로 하고, 상임위원은 대통령이 속하지 않은 교섭단체 중 다수의원이 속한 교섭단체 추천위원이 1인이상 포함되도록 함(안 제21조).나. 방송위원회가 방송의 기본계획에 관한 사항을 심의？의결할 경우, 방송영상정책과 관련된 사항은 현행법에서는 문화관광부장관과 “합의”하도록 하고 있으나, 방송위원회의 독립성과 자율성 확보를 위하여 이를 “협의”사항으로 함(안 제27조).']",문화관광위원회,"['정병국', '강신성일', '고흥길', '김원웅', '김일윤', '남경필', '신영균', '심규철', '조웅규', '현경대', '윤여준', '이강두', '이원창', '이인기', '이해봉', '임진출', '임태희', '전재희', '허태열']"
160466,  약관의규제에관한법률중개정법률안(임태희의원등 23인),2000-12-02,의원,2001-02-28,수정가결,제16대 (2000~2004) 제215회,"['■ 제안이유약관에 의한 거래는 거래의 신속성과 편의성을 높여 주고 거래관계를 명확히 하는 등 여러 가지 유용한 기능을하고 있으나, 약관은 경제적으로 우위에 있는 사업자에 의하여 사전에 일방적으로 작성된다는 점에서 거래상대방인 고객에게는 불리하게 작성되기 쉽고, 일단 통용된 약관에 대하여는 고객이 그 부당성을 항변하기 어렵기때문에 불공정한 약관으로부터 소비자를 보호하기 위해 공정거래위원회는「約款의規制에관한法律(法律 第3922號, 1986)」에 의거 불공정한 약관을 규제하고 있음.1992년 법 개정시 불공정약관에 대한 시정권고만으로는 규제의 실효성이 미흡함에 따라 불공정약관을 사용하는사업자가 시장지배적사업자이거나 우월적 지위가 현저한 사업자 등 5개 유형에 해당되는 경우에는 법적 강제력이 있는 시정명령을 할 수 있는 제도를 도입하였음.그러나, 법 시행 이후 공정거래위원회가 조치한 불공정약관에 대한 처리실적을 살펴보면, 시정명령보다 시정권고가 다수를 차지(시정명령 : 246건, 시정권고 : 489건, 1999말 기준)하고 있어 시정권고를 받은 사업자가 법적 강제력이 없는 시정권고를 이행하지 않는 경우 현행법으로서는 아무런 조치를 할 수 없다는 점에서 약관규제의 실효성 확보에 문제점이 있음.따라서, 약관규제의 실효성을 확보하고 소비자를 보호하기 위해서 시정권고 불이행 사업자에 대해서도 시정명령을 할 수 있는 근거규정을 마련하려는 것임.현재, 시정명령에 위반한 사업자에 대하여는 2년이하의 징역 또는 1억원이하의 벌금 부과(법 제32조).■ 주요골자1. 시정권고를 받은 사업자가 이를 이행하지 않는 경우 법적 강제력이 있는 시정명령을 할 수 있는 근거 규정을 신설함으로써 약관규제의 실효성을 거두도록 함(안 제17조의2제2항제6호).2. 위 조항을 신설함에 따라 제17조, 제17조의2, 제18조제2항, 제20조, 제32조의 조문을 정비하였음.3. 제17조는 모든 사업자가 불공정약관을 사용할 수 없다는 원칙을 규정하고 현행 시정명령 사유(제1호 내지제5호)를 제17조의2제2항으로 이기하고 위 제6호를 신설.■ 위원회 수정사항□ 수정이유사업자의 시정권고 불이행에 대한 공정거래위원회의 시정명령 발동요건을 제한하여 약관의 기본적 성격을 훼손하지 않는 범위 내에서 시정권고의 실효성을 확보할 수 있도록 하고, 경과조치의 기준을 명확히 하려는 것임.□ 수정주요골자1. 사업자가 공정거래위원회의 시정권고를 정당한 사유 없이 따르지 않는 경우로서 다수 고객의 피해가 발생하거나 발생할 우려가 있는 경우에 시정명령을 발할 수 있도록 함(안 제17조의2제2항제6호).2. 이 법 시행 전에 체결된 계약에 관하여는 종전의 규정을 적용하도록 함(안 부칙 제2항).']",정무위원회,"['임태희', '강재섭', '김부겸', '김성조', '김영춘', '김원길', '김원웅', '남경필', '박근혜', '박종근', '박주천', '안대륜', '엄호성', '오세훈', '원희룡', '이강두', '이상득', '이성헌', '이연숙', '임진출', '장태완', '정병국', '홍재형']"
160464,  공적자금관리특별법안(대안),2000-12-02,위원장,2000-12-02,원안가결,제16대 (2000~2004) 제215회,"['■ 제안경위1. 2000년 10월 24일 이한구의원등 11인 외 122인으로부터 발의된 공적자금관리특별법안과 2000년 11월 25일정세균의원등 15인 외 103인으로부터 발의된 공적자금관리기본법안을 각각 제205회국회(정기회) 제7차 위원회(2000. 11. 13)와 제8차 위원회(2000. 11. 27)에 상정하고 법률안등심사소위원회를 구성하여 심사함.2. 동 소위원회의 심사결과를 받아들여 제215회국회(정기회) 제11차위원회(2000. 12. 1)에서 이 2건의 의원발의안을 모두 본회의에 부의하지 않기로 하고, 이를 통합·조정한 단일안을 마련하여 위원회 대안으로 제안하기로 함.■ 제안이유공적자금의 조성·운용·관리 등에 있어 객관성과 공정성 및 투명성을 높여 공적자금의 효율적 사용을 도모하고 국민부담을 최소화하기 위하여 필요한 사항을 규정하고자 하는 것임.■ 주요골자1. 공적자금의 대상을 예금보험기금과 부실채권정리기금 외에도 공공자금관리기금, 국유재산, 한국은행의 출자, 공공차관등 금융기관의 구조조정에 지원되는 자금을 모두 포함하도록 함(안 제2조).2. 공적자금의 운용에 관한 사항을 종합적으로 심의·조정할 수 있도록 공적자금관리위원회를 재정경제부에 설치하고, 위원은 재정경제부장관 등 정부위원 3인과 입법부, 사법부, 행정부에서 추천하는 민간위원 5인으로구성하되, 위원장은 민간위원중 호선하는 자와 재정경제부장관이 공동으로 맡도록 함(안 제3조 및 제4조).3. 공적자금의 지원시 최소비용의 원칙, 공평한 손실분담의 원칙, 자구노력 선행 원칙 등을 명문화하여 공적자금이 보다 효율적으로 지원될 수 있도록 함(안 제13조 및 제14조).4. 공적자금관리위원회의 위원장인 재정경제부장관은 국회에 분기별로 보고서를 제출하도록 하고 국회는 위원장의 출석·답변을 요구할 수 있도록 하며, 공적자금과 관련한 감사원의 감사보고서를 국회에 제출토록 하여, 국회의 사후통제를 강화함(안 제15조 및 제16조).5. 공적자금 지원시 정부등은 당해 금융기관과 자구계획, 주요 재무비율 목표 등이 포함된 경영정상화이행약정서를 체결·공포하고, 이를 분기별로 점검하도록 하며, 미이행시 제재조치를 부과할 수 있도록 하여 약정서의 기속력을 높이도록 함(안 제17조).6. 공적자금을 지원받은 금융기관이 대통령령으로 정하는 부실기업에 대하여 신규로 자금을 지원하고자 할 때에는 당해 기업의 구조조정에 관한 관계자의 동의서 및 기타 대통령령이 정하는 사항등을 명시한 약정서를체결토록 하고 약정서의 미 이행시 자금지원을 할 수 없도록 하여 부실기업의 실질적인 자구노력이 수반될수 있도록 함(안 제18조).7. 공적자금의 회수를 위한 주식등 자산매각의 적정성을 심사하기 위하여 공적자금관리위원회에 매각심사소위원회를 둠(안 제19조).8. 공적자금관리위원회는 매년 8월말까지 공적자금관리백서를 발간하여 그동안의 공적자금 운영실적을 투명하게 밝히도록 함(안 제21조).9. 법원은 예금대지급등 공적자금이 지원된 부보금융기관이 해산 또는 파산한 경우 공적자금의 효율적인 회수가 필요한 때에는 이 법 시행일부터 5년간 청산인 또는 파산관재인으로 예금보험공사 또는 그 임직원을 선임하도록 하는 특례규정을 둠(안 제20조 및 부칙 제2조·제3조).']",재정경제위원회,[]
160462,  정보통신망이용촉진등에관한법률중개정법률안(남궁석의원등 27인),2000-12-01,의원,2000-12-15,대안반영폐기,제16대 (2000~2004) 제215회,"['■ 제안이유현재 IDC(Internet Data Center)사업자들에게 「IDC시설안전？신뢰성 기준」을 권고하고 있으나 법적 강제력이 없어 동 기준의 실효성이 적은 바, 정보통신망이용촉진등에관한법률의 개정을 통하여 IDC 사업자들의 보호조치 마련 및 보험가입을 의무화 함.■ 주요내용가. 타인의 정보통신서비스 제공을 위하여 집적된 정보통신시설을 운영？관리하는 사업자는 정보통신시설의 안정적 운영을 위한 보호조치를 취하여야 함(안 제19조의2제1항).나. 타인의 정보통신서비스 제공을 위하여 집적된 정보통신시설을 운영？관리하는 사업자는 집적된 정보통신시설의 멸실, 훼손 또는 운영장애로 인하여 발생하는 피해에 대한 보상을 위하여 보험에 가입하여야 함(안 제19조의2제2항).']",과학기술정보통신위원회,"['남궁석', '강숙자', '김근태', '김기재', '김명섭', '김민석', '김영춘', '김영환', '김윤식', '김효석', '박병석', '송훈석', '신기남', '심재철', '원희룡', '이근진', '이인제', '이종걸', '이창복', '장영달', '전용학', '정동영', '정우택', '정인봉', '최선영', '추미애', '한화갑']"
160461,  기금관리기본법중개정법률안(이강두의원등 5인 외 128인),2000-12-01,의원,2001-12-21,대안반영폐기,제16대 (2000~2004) 제215회,"['■ 제안이유소규모 사업성기금과 금융기금을 제외하고 공공기금과 기타기금을 포괄하여 기금관리기본법의 적용을 받도록 하고 기금운용계획과 집행결과평가 및 결산에 대하여 국회의 심의를 받도록 제도화함으로써 기금의 투명성과 효율성을 높이고 재정민주화를 달성하고자 함.■ 주요내용가. “기금”이라 함은 기금관리 주체와 상관없이 특정한 목적을 위하여 특정한 기간동안 특정한 자금을 운용할 필요가 있을 때에 한하여 법률로 설치한 기금을 말함(안 제2조제1호).나. 정부는 기금운용계획을 회계년도 개시 120일전까지 국회에 제출하여야 함(안 제7조제1항).다. 기금관리주체는 기금운용계획에 대해 국회의 소관상임위원회의 예비심의를 거쳐 국회예산결산특별위원회의 심의 의결을 받아야 함(안 제7조제2항).라. 기금관리주체는 기획예산처장관과의 협의와 국무회의의 심의를 거쳐 변경된 기금운용계획의 내용을 국회의 소관상임위원회와 예산결산특별위원회에 보고하여야 함(안 제8조제2항).마. 기금운용계획중 주요항목 지출금액의 2분의 1의 범위안에서 변경하는 경우 기금관리주체는 협의？심의？승인 및 보고를 하지 않도록 한 단서조항을 삭제함(안 제8조제2항).바. 기금관리주체는 회계년도마다 기금의 결산보고서를 작성하여 다음연도 1월 말일까지 재정경제부장관에게 제출하도록 함(안 제9조제1항).사. 재정경제부장관은 기금결산에 기금관리주체의 기금결산보고서를 첨부하여 이를 다음 연도 3월 10일까지 감사원 및 기획예산처장관에게 제출하여야 함(안 제9조제3항).아. 감사원은 기금결산의 검사 보고서를 다음연도 5월 20일까지 재정경제부장관에 송부하여야 함(안 제9조제4항).자. 정부는 감사원의 검사를 거친 기금결산을 회계년도마다 다음다음 회계년도 개시 180일전까지 국회에 제출하여야 함(안 제9조제5항).차. 기금관리주체는 감사원의 검사를 거친 기금결산에 대하여 국회의 소관상임위원회와 예산결산특별위원회에 보고하고, 기금의 운용에 있어 국회의 의견을 반영하여야 함(안 제9조제6항).카. 국회와 정부는 기금설치 목적을 달성 또는 특정한 기한내에 기금설치 목적달성이 불가능하다고 판단될 때는 정부의 기금정책심의회와 국회의 예산결산특별위원회의 심의를 거쳐 이를 폐지하거나 통합할 수 있음(안 제13조제1항).타. 기금정책심의위원회와 국회예산결산특별위원회의 심의를 거쳐 특별회계와 기금, 유사기금의 난립, 중복 설치된 기금 등은 통폐합할 수 있도록 함(안 제13조제2항).파. 정부는 기금운영 재원의 절반이상을 국가예산에서 조달하는 기금을 폐지하여 국가의 세입세출 예산에 편성하도록 함(안 제13조제3항).']",국회운영위원회,"['이강두', '김무성', '김용균', '박종근', '이한구', '고흥길', '권기술', '권오을', '권철현', '권태망', '김광원', '김기배', '김기춘', '김덕룡', '김동욱', '김락기', '김만제', '김문수', '김부겸', '김성조', '김영구', '김영일', '김영춘', '김용갑', '김용학', '김원웅', '김일윤', '김정숙', '김종하', '김진재', '김찬우', '김태호', '김학송', '김형오', '김호일', '김홍신', '나오연', '남경필', '도종이', '맹형규', '목요상', '민봉기', '박관용', '박근혜', '박명환', '박세환', '박승국', '박시균', '박원홍', '박재욱', '박종웅', '박종희', '박주천', '박창달', '박헌기', '박혁규', '박희태', '백승홍', '서상섭', '서정화', '서청원', '손태인', '손학규', '손희정', '신경식', '신영국', '신영균', '신현태', '심규철', '심재철', '안경률', '안상수', '안영근', '안택수', '엄호성', '오세훈', '원희룡', '유성근', '유흥수', '윤경식', '윤두환', '윤여준', '윤영탁', '윤한도', '이규택', '이방호', '이병석', '이부영', '이상득', '이상배', '이상희', '이성헌', '이연숙', '이원창', '이원형', '이윤성', '이인기', '이재오', '이재창', '이주영', '이해봉', '이회창', '임인배', '임진출', '임태희', '전용원', '전재희', '정문화', '정병국', '정의화', '정인봉', '정재문', '정창화', '정형근', '조웅규', '조정무', '주진우', '최돈웅', '최병국', '최병렬', '최연희', '하순봉', '허태열', '현경대', '현승일', '홍사덕', '황승민', '황우여']"
160460,  회사정리법중개정법률안(박종근의원등 11인 외 122인),2000-12-01,의원,2001-10-26,철회,제16대 (2000~2004) 제215회,"['■ 제안이유금융기관에 대한 공적자금 투입이 계속되는 이유는 부실기업의 부채가 금융기관으로 전가되고, 금융기관의 부실은 정부가 공적자금으로 메꾸어 주는 악순환 때문이며 이를 단절할 필요가 있다. 현행 부실기업에 대한 대응제도의 문제점은 회사가 제출하는 자료나 회계감사 보고서로서는 부실이 노출되지 않아 금융기관이 부실내용을조속히 파악하기 어렵고, 관치금융의 폐단이 있어 부실의 존재와 규모에 관계없이 구제금융의 형태로 대출이이루어지고 있으며 또한 회사정리절차는 절차의 복잡성, 기간의 장기화, 의사결정의 지연 등으로 부실요인이발생한 이후에 수습과정에서 부실규모가 급격히 증가하는 폐단이 있고, 워크아웃·화의·법정관리 등의 절차가진행되는 과정에서 경영합리화 계획 또는 정리계획을 수립·집행하고 있으나, 동 계획의 진행상황에 대한 적절한 평가 없이 장기간 방치해 두고 있어 이를 시정하고자 함.■ 주요골자1. 법원은 정리계획의 집행으로 경영이 개선되지 않을 경우에는 파산절차로의 이행을 명하여야 한다 (안 제23조).2. 파산법 제117조에서 규정한 특별관리기업(1년 이내 회생 가능한 기업)은 금융감독위원회가 정한 통일된 관리지침에 의하여 관리하여야 한다 (안 제30조2 신설).3. 금융기관은 특별관리기업으로부터 경영정상화 계획을 제출토록 하여 그 집행을 특별관리 하여야 한다. 특별관리기업이 제출한 경영정상화 계획이 금융기관으로부터 승인을 득하지 못하거나 집행과정에서 회사의 경영이 개선되지 않거나 이행이 불가능하다고 판단될 경우, 금융기관은 즉시 회사정리절차 또는 파산절차를 신청하여야 한다. 이 경우 회사가 화의절차를 신청한 경우 금융기관은 이에 동의할 수 없다 (안 제30조2 신 설).4. 법원은 금융기관의 특별관리 조치가 실패한 회사가 회사정리절차를 신청할 경우 원칙적으로 기각한다. 단채권단의 3/4이상의 동의로 신청하거나 또한 법원에 제출한 새로운 정리계획안이 금융기관에 제출했던 경영정상화 계획보다 현저한 개선이 있다고 판단될 때 기간을 정하여 개시신청을 받아들일 수 있다. (안 제38조제8호)5. 채권금융기관 협의회를 상설기구로 설치하고 금융기관 채권보전에 관한 업무를 담당하게 한다. 협의회는법정관리 및 화의회사에 대하여 정리계획의 수행 및 화의조건의 이행사항을 정기적으로 심사·평가하여 법원에 보고서를 제출하여야 하며 필요한 조치에 대한 의견을 제시할 수 있다 (안 제173조의5 신설).6. 법원은 관리위원회와 채권금융기관협의회에서 정리계획의 수행 또는 화의조건의 이행이 일정기간 내에 개선되지 아니하고 앞으로 개선될 가능성이 없다는 의견을 제시한 경우에는 정리절차 폐지 결정을 심의하여야한다 (안 제276조2항 신설).']",법제사법위원회,"['박종근', '김만제', '목요상', '박주천', '박헌기', '안택수', '이상득', '이한구', '최돈웅', '최연희', '홍사덕', '김기배', '김기춘', '김덕룡', '김동욱', '김락기', '김무성', '김문수', '김부겸', '김성조', '김영구', '김영일', '김영춘', '김용갑', '김용균', '김용학', '김원웅', '김일윤', '김정숙', '김종하', '김진재', '김찬우', '김태호', '김학송', '김형오', '김호일', '김홍신', '나오연', '남경필', '도종이', '맹형규', '민봉기', '박관용', '박근혜', '박명환', '박세환', '박승국', '박시균', '박원홍', '박재욱', '박종웅', '박종희', '박창달', '박혁규', '박희태', '백승홍', '서상섭', '서정화', '서청원', '손태인', '손학규', '손희정', '신경식', '신영국', '신영균', '신현태', '심규철', '심재철', '안경률', '안상수', '안영근', '엄호성', '오세훈', '원희룡', '유성근', '유흥수', '윤경식', '윤두환', '윤여준', '윤영탁', '윤한도', '이강두', '이규택', '이방호', '이병석', '이부영', '이상배', '이상희', '이성헌', '이연숙', '이원창', '이원형', '이윤성', '이인기', '이재오', '이재창', '이주영', '이해봉', '이회창', '임인배', '임진출', '임태희', '전용원', '전재희', '정문화', '정병국', '정의화', '정인봉', '정재문', '정창화', '정형근', '조웅규', '조정무', '주진우', '최병국', '최병렬', '하순봉', '허태열', '현경대', '현승일', '황승민', '황우여']"
160459,  파산법중개정법률안(박종근의원등 11인 외 122인),2000-12-01,의원,2001-10-26,철회,제16대 (2000~2004) 제215회,"['■ 제안이유회사의 파산은 동법에서 규정하고 있는 파산원인 즉 지급불능과 채무초과로 발생한다. 그러나 파산원인의 발생가능성을 조기에 신속히 파악하여, 회사부실의 악화 내지 대형화를 미연에 방지하며 부실의 발생초기에 다단계로 치유할 수 있는 기회를 제공하기 위하여 회사·금융기관(채권단)·금융감독원·법원 및 공인회계사 등의 이해관계인은 파산원인의 발생 가능성을 조속히 파악할 의무를 부과하고 이해관계인이 취해야 할 필요한 조치를법제화하는 것임.파산절차상의 회사재산의 매각을 신속히하기 위하여 부동산 등의 매각절차를 마련하는 것임.■ 주요골자1. 파산원인의 발생 가능성을 조기에 파악하기 위하여 공인회계사 회사내의 감사 금융기관 및 법정관리 회사의법정관리인에게 조사의무를 부여하고 이를 공개하도록 함 (안 제117조의2 신설).2. 금융감독원은 파산원인의 발생 가능성을 판정할 수 있는 부실요인에 대한 구체적 기준을 마련한다 (안 제117조의3 신설).3. 금융기관은 회사에 신용공여를 한 때 파산원인의 발생 가능성이 있어 채권확보가 어렵다고 판단되는 경우즉시 파산 신청을 하여야 한다. 다만 부실요인이 1년 이내에 치유될 것으로 판단할 경우에는 파산 신청을유보하고 특별관리기업으로 분류하여 회사정리법에서 정하는 절차에 따라 관리하여야 한다 (안 제117조의4신설).4. 파산관재인은 파산재단의 환가를 파산절차 신청일부터 6월이내에 종료하여야 하고 동기간내에 환가되지 아니한 재산에 대하여는 즉시 공개매각의 절차를 취하여야 한다 (안 제186조의2).']",법제사법위원회,"['박종근', '김만제', '목요상', '박주천', '박헌기', '안택수', '이상득', '이한구', '최돈웅', '최연희', '홍사덕', '김기배', '김기춘', '김덕룡', '김동욱', '김락기', '김무성', '김문수', '김부겸', '김성조', '김영구', '김영일', '김영춘', '김용갑', '김용균', '김용학', '김원웅', '김일윤', '김정숙', '김종하', '김진재', '김찬우', '김태호', '김학송', '김형오', '김호일', '김홍신', '나오연', '남경필', '도종이', '맹형규', '민봉기', '박관용', '박근혜', '박명환', '박세환', '박승국', '박시균', '박원홍', '박재욱', '박종웅', '박종희', '박창달', '박혁규', '박희태', '백승홍', '서상섭', '서정화', '서청원', '손태인', '손학규', '손희정', '신경식', '신영국', '신영균', '신현태', '심규철', '심재철', '안경률', '안상수', '안영근', '엄호성', '오세훈', '원희룡', '유성근', '유흥수', '윤경식', '윤두환', '윤여준', '윤영탁', '윤한도', '이강두', '이규택', '이방호', '이병석', '이부영', '이상배', '이상희', '이성헌', '이연숙', '이원창', '이원형', '이윤성', '이인기', '이재오', '이재창', '이주영', '이해봉', '이회창', '임인배', '임진출', '임태희', '전용원', '전재희', '정문화', '정병국', '정의화', '정인봉', '정재문', '정창화', '정형근', '조웅규', '조정무', '주진우', '최병국', '최병렬', '하순봉', '허태열', '현경대', '현승일', '황승민', '황우여']"
160458,  도시교통정비촉진법개정법률안,2000-12-01,정부,2001-12-07,대안반영폐기,제16대 (2000~2004) 제215회,"['제안이유？？？？도시교통의 원활한 소통과 교통편의 증진을 위하여 도시교통정비지역의 지정 및 도시교통정비계획 수립절차의 미비점을 보완하고, 교통유발부담금의 법적 근거를 보완하며, 교통수요관리의 강화를 통한 도시교통난 완화를 위하여 교통혼잡특별관리구역 또는 교통혼잡특별관리시설물의 지정제도를 도입하여 강력한 교통수요관리를 실시할 수 있도록 하는 등 현행 제도의 운영상 나타난 문제점을 개선·보완하려는 것임.주요골자？？？？가. 종전에는 중심도시의 시장만이 도로·철도 등 광역교통망체계를 포함한 도시교통정비기본계획을 수립하도록 하던 것을 앞으로는 도시 등의 일부 행정구역이 도시교통정비지역으로 지정된 경우의 시장 또는 군수도 광역교통망체계를 고려한 도시교통정비기본계획을 수립하도록 하여 대도시 주변 시 또는 군의 교통관련 계획의 체계적 수립을 도모함(안 제5조제1항).나. 교통유발부담금의 부과·징수와 관련하여 하위법령에의 포괄위임의 소지를 없애기 위하여 교통유발부담금의 부과 및 비부과 대상 시설물, 부담금의 산정기준, 가산금, 소멸시효 등에 관한 사항을 법률에 직접 규정함(안 제18조 내지 제23조).다. 상시적으로 교통혼잡이 발생하는 지역 또는 주변지역에 극심한 교통혼잡을 유발하는 시설물에 대하여는 교통혼잡특별관리구역 또는 교통혼잡특별관리시설물로 지정하여 혼잡통행료부과, 상향조정된 교통유발부담금, 부설주차장의 이용제한 등 복합적인 교통수요관리정책을 실시할 수 있도록 함(안 제24조 및 제25조).라.교통혼잡특별관리구역 또는 교통혼잡특별관리시설물의 주차유발을 억제하기 위하여 연간 60일의 범위안에서 시설물의 소유자에게 주차 부제의 실시를 통한 부설주차장의 이용제한을 명할 수 있도록 하고, 이를 위반하는 자에 대하여는 1천만원 이하의 과태료에 처할 수 있도록 함으로써 교통수요관리정책의 실효성을 제고함(안 제30조 및 제34조제1항).']",건설교통위원회,[]
160457,  부품·소재전문기업등의육성에관한특별조치법안,2000-12-01,정부,2001-01-09,수정가결,제16대 (2000~2004) 제215회,"['■ 제안이유디지털경제 및 지식정보사회로의 급속한 전환에 따라 우리나라의 산업구조에 있어서 취약한 부문인 부품·소재분야의 발전을 위하여 부품·소재전문기업을 육성하는 등 부품·소재분야의 기술력을 갖추기 위한 기반을 조성함으로써 관련 산업에 대한 경쟁력을 제고하고 국민경제의 균형있는 발전을 도모하려는 것임.■ 주요골자1. 산업자원부장관은 관계 중앙행정기관별 부문계획을 종합하여 부품·소재발전기본계획을 수립·시행하도록함(안 제3조).2. 산업자원부장관은 부품·소재분야의 기술력 향상을 효율적으로 지원하기 위하여 정부출연연구기관 등을 구성원으로 하는 부품·소재통합연구단을 구성·운영할 수 있도록 하고, 통합연구단은 부품·소재전문기업에연구인력 및 장비 등의 지원을 하도록 함(안 제9조 및 제10조).3. 부품·소재전문기업이 공동으로 부품·소재기술개발전문기업을 설립하는 경우에는 각종 지원을 우선적으로하도록 하고, 대학 등에 부품·소재전문기술인력의 양성을 위한 교육훈련과정을 개발하는 등 부품·소재전문기업에 대한 각종 지원방안을 마련함(안 제11조 내지 제18조).4. 부품·소재의 공용화가 필요하다고 인정되는 부품·소재에 대하여는 공용화지정품목으로 지정하도록 하고,공용화지정품목으로 지정된 부품·소재를 생산하는 기업에 대하여 설비자금을 융자하는 등의 지원을 할 수있도록 함(안 제22조).5. 부품·소재의 신뢰성 향상을 위하여 관계 중앙행정기관의 장은 신뢰성인증을 직접 실시하거나 인증기관을지정하여 신뢰성인증을 실시하도록 하고, 신뢰성인증을 받은 자는 당해 부품·소재 등에 신뢰성인증의 표시를 할 수 있도록 함(안 제25조 내지 제27조).6. 기계공제사업단체 및 보험사업자는 신뢰성인증을 받은 부품·소재로 인하여 수요자가 입은 손해를 담보하는것을 목적으로 하는 신뢰성보장사업을 실시할 수 있도록 함(안 제31조).7. 부품·소재분야의 발전에 관한 중요사항을 심의하기 위하여 국무총리소속하에 부품·소재발전위원회를 두도록 함(안 제35조).□ 수정이유신뢰성인증을 받은 부품·소재기업의 업무에 대한 정부의 직접 보고나 검사제도를 폐지하도록 하고, 대통령령으로의 위임입법 사항중 단순 절차적 사항등은 산업자원부령으로 조정하는 등 일부를 수정·보완하려는 것임.□ 수정주요골자1. 신뢰성인증을 받은 부품·소재기업의 업무에 대하여는 신뢰성인증기관이 검사할 수 있으므로 정부의 보고나검사는 이를 폐지함(안 제38조제1항).2. 부품·소재통합연구단이 부품·소재전문기업에 기술지원하는 경우 필요한 비용은 대통령령으로 정하는 바에따라 징수하도록 규정함(안 제37조제1항).3. 대통령령 위임입법 사항중 단순 절차적 사항 등은 산업자원부령으로 조정함(안 제20조제1항, 제22조제1항·제4항, 제26조제3항).']",산업자원위원회,[]
160456,  거창사건등관련자명예회복에관한특별조치법개정법률안(이강두의원 외 30인),2000-12-01,의원,2004-05-29,원안가결,제16대 (2000~2004) 제215회,"['■ 제안이유1951년 2월 8일부터 1951년 2월 11일까지 경상남도 거창?산청 및 함양에서 국군병력이 작전수행중에 공비토벌을 이유로 주민들을 희생시킨 거창사건등은 다른 유사사건과는 달리 주민들을 즉결처분하도록 명령을 하달한 명령권자와 그 명령을 수행한 자에 대하여 전장도의를 소홀하여 인권을 유린한 죄를 적용하여 1951년 12월 16일 대구고등법원 중앙고등군법회의에서 무기징역과 유기징역에 각각 처한 사건으로서 국군의 위법행위를 인정한 사건인 바, 억울하게 희생당한 자와 그 유족에게 보상하는 것은 당연하다 할 것이므로 사망하거나 상이를 입은 자와 그 유족에 대하여 국가가 보상금을 지급하고, 이들에 대한 지원사업을 위하여 성금을 모금할 수 있도록 함으로써 거창사건등관련자 및 그 유족들의 생활안정과 복지향상을 도모하며, 나아가 민주발전에 이바지하기 위한 것임.■ 주요골자1. 이 법은 거창사건등과 관련하여 사망하거나 상이를 입은 자와 그 유족 등에게 실질적인 보상을 함으로써 생활안정과 복지향상을 도모하기 위한 것임(안 제1조).2. 이 법에서 “거창사건등”이라 함은 1951년 2월 8일부터 1951년 2월 11일까지 경상남도 거창군과 산청군 및 함양군에서 국군병력이 작전수행중에 공비토벌을 이유로 주민들을 희생시킨 사건을 말하고, “유족”이라 함은 관련자의 민법상 상속인을 말함(안 제2조).3. 거창사건등관련자 및 그 유족에 대한 보상을 지원하기 위하여 국무총리소속하에 거창사건등관련자의명예회복및보상지원위원회(이하 “위원회”라 한다)를 두되, 거창사건등관련자의명예회복에관한특별조치법 제3조의 규정에 의한 거창사건등관련자명예회복심의위원회를 위원회로 봄(안 제3조).4. 보상지원위원회에서 위임받은 사항을 처리하기 위하여 경상남도지사소속하에 거창사건등관련자의명예회복및보상실무위원회(이하 “실무위원회”라 한다)를 두되, 거창사건등관련자의명예회복에관한특별조치법 제4조의 규정에 의한 거창사건등관련자명예회복실무위원회를 실무위원회로 봄(안 제4조).5. 거창사건등의 관련자 또는 그 유족에 대하여는 보상금등을 지급함(안 제8조).6. 거창사건등의 관련자 또는 그 유족으로서 이 법에 의한 보상금등을 지급받고자 하는 자는 관련증빙서류를 첨부하여 서면으로 보상지원위원회에 보상금등의 지급을 신청하여야 하고, 보상지원위원회는 보상금등의 지급신청을 받은 날부터 90일이내에 그 지급여부와 금액을 결정하여야 하며, 30일이내에 그 결정서정본을 신청인에게 송달하여야 함(안 제12조 내지 제14조).7. 이 법에 의한 보상금등에 대하여는 국세 및 지방세를 부과하지 아니함(안 제18조).8. 이 법에 의한 보상금등의 지급을 받을 권리는 그 보상금등의 지급결정서정본이 신청인에게 송달된 날부터 1년간 행사하지 아니하면 시효로 인하여 소멸함(안 제22조).9. 보상지원위원회는 관련자 및 그 유족에 대한 지원금 및 거창사건등과 관련된 사업의 비용을 지원하기 위하여 성금을 모금할 수 있음(안 제24조).10. 정부는 추모단체에 대하여 재정지원을 할 수 있으며, 누구든지 영리를 목적으로 관련자지원단체를 조직할 수 없으며 단체적?개인적인 활동을 할 수 없음(안 제25조 내지 제26조).']",행정자치위원회,"['이강두', '권오을', '김기춘', '김덕규', '김영일', '김용균', '김용학', '김일윤', '김정숙', '김종하', '김학송', '김호일', '나오연', '민봉기', '박세환', '손태인', '송석찬', '송영진', '신계륜', '신영국', '신현태', '엄호성', '유삼남', '윤영탁', '윤한도', '이상수', '이재창', '이한구', '이호웅', '정세균']"
160455,  군인사법중개정법률안(유삼남의원등 22인 외 4인),2000-12-01,의원,2004-05-29,임기만료폐기,제16대 (2000~2004) 제215회,['■ 제안이유 및 주요내용국방부와 그 직할기관 및 부대의 장관급장교로 보하는 직위에 지나치게 육군 위주로 임용되는 것은 육군？해군？공군의 균형된 발전을 가로막고 군의 합동전력 발휘에도 장애요인을 조성하고 있으므로군의 조직과 인사가 특정 군에 편중되지 아니하도록 국방부와 그 직할기관 및 부대의 장관급장교로 보하는 공통직위에 대하여는 육군？해군？공군이 각각 2 : 1 : 1의 비율로 보직을 부여하게 명문화하고 각군이 순환하여 보직할 수 있도록 의무화하는 규정을 신설하여 군인사가 공정하고 객관적으로 운영되게 함으로써 군정 발전을 촉진하려는 것임.'],국방위원회,"['유삼남', '강삼재', '고진부', '곽치영', '김성순', '김충조', '김태호', '박상규', '박상희', '박세환', '박승국', '송영길', '신계륜', '유재건', '이연숙', '이인제', '이한구', '장영달', '장재식', '추미애', '한명숙', '함승희']"
160454,  남녀차별금지및구제에관한법률중개정법률안(엄호성의원등 36인),2000-12-01,의원,2004-05-29,임기만료폐기,제16대 (2000~2004) 제215회,"['제안이유？？？？현행법은 남녀차별사항에 대하여 여성특별위원회가 시정신청을 접수하고 지체없이 그 사실에 대하여 필요한 조사를 한 후 필요에 따라서 신청인과 피신청인에 대하여 합의, 조정, 시정조치의 권고 및 의견표명을 할 수 있도록 규정하고 있음. 그러나 현행법은 시정조치에 관하여 권고만을 규정하고 있어 남녀차별사항에 대한 시정조치의 실효성을 확보하기 어려운 실정임. 따라서 남녀차별사항이 실질적으로 시정조치되도록 하기 위하여 시정명령권한을 신설하려는 것임.주요골자？？？？가. 여성특별위원회(이하 “위원회”라 한다)가 남녀차별사항의 시정신청을 접수하여 그 사실에 관하여 필요한 조사를 실시한 결과 남녀차별사항에 해당한다고 인정할 만한 상당한 이유가 있는 때에는 남녀차별임을 결정하고 당해 공공기관의 장에게는 시정을 위하여 필요한 조치를 권고하도록 하고, 사용자에게는 필요한 조치를 명할 수 있도록 함(안 제28조제1항).나. 위원회의 시정조치명령에 따르지 아니한 자에 대하여 2년 이하의 징역 또는 1천만원 이하의 벌금에 처하도록 함(안 제38조제2호).']",국회운영위원회,"['엄호성', '권기술', '권오을', '김덕규', '김락기', '김문수', '김부겸', '김용갑', '김용학', '김일윤', '김정숙', '김홍신', '민봉기', '박세환', '서상섭', '손태인', '손희정', '신영국', '신현태', '심규철', '안영근', '원희룡', '유삼남', '유성근', '윤경식', '이강두', '이성헌', '이재창', '이한구', '임인배', '임태희', '전재희', '정의화', '정철기', '정형근', '함승희']"
160453,  상호신용금고법중개정법률안,2000-12-01,정부,2001-02-28,수정가결,제16대 (2000~2004) 제215회,"['■ 제안이유상호신용금고의 명칭을 저축은행으로 변경하고, 일정규모 이상의 저축은행에 대하여는 사외이사 및 감사위원회를 의무적으로 두도록 하여 저축은행의 지배구조를 개선하는 한편, 저축은행의 주식을 일정규모 이상 취득하는주주에 대하여는 금융감독위원회에 신고하도록 하는 등 현행 제도의 운영상 나타난 일부 미비점을 개선·보완하려는 것임.■ 주요골자1. 주주 1인이 저축은행의 의결권있는 발행주식총수의 100분의 10을 초과하여 취득하고자 하는 경우에는 금융감독위원회에 신고하도록 하고, 신고를 하지 아니한 주식의 경우에는 일정기간 의결권을 행사할 수 없도록함(안 제10조의2제3항제2호).2. 일정규모 이상의 저축은행이 이사회를 구성함에 있어서는 이사 총수의 2분의 1 이상을 사외이사로 선임하도록 하되, 그 사외이사는 사외이사후보추천위원회에서 추천된 자중에서 선임하도록 함(안 제10조의3 신설).3. 일정규모 이상의 저축은행은 의무적으로 감사위원회를 설치하도록 하고, 감사위원회의 위원중 3분의 2 이상을 사외이사로 구성하도록 함(안 제10조의4 신설).4. 일정규모 이상의 저축은행의 경우에는 발행주식총수의 10만분의 5 이상의 주식을 보유하는 주주가 대표소송을 제기할 수 있도록 하는 등 소수주주권의 행사요건을 현행 상장법인에 적용되는 행사요건의 절반수준으로완화하여 저축은행의 경영이 보다 투명하게 이루어지도록 함(안 제10조의5 신설).■ 위원회 수정사항□ 수정이유 및 주요골자1. 상호신용금고의 명칭을 ""상호저축은행""으로 함.2. 이사의 위법행위 유지청구권과 회계장부열람권의 행사요건을 추가적으로 완화하여 증권거래법중개정법률안에서 규정하고 있는 증권회사의 소수주주권 행사요건과 균형을 맞추도록 함(안 제10조의5제2항 내지 제5항).3. 현재 대통령령에서 규정하도록 하고 있는 준법감시인의 임면절차, 자격요건 등을 법률에서 규정하고, 준법감시인의 실질적인 활동을 보장하고 감독기관과의 유착을 방지하기 위하여 감독기관에서 퇴임한 후 준법감시인으로 임명될 수 있는 경과기간을 2년에서 5년으로 대폭 강화함(안 제22조의3제3항 및 제4항).4. 출자자대출행위를 반복하거나 그 대출금액이 과다한 상호신용금고에 대하여는 경영관리가 가능하게 함으로써 출자자대출행위를 근절할 수 있도록 함(안 제24조의3제1항제4호).5. 경영관리를 받고 있는 상호신용금고에 대하여 자체정상화, 계약이전 또는 파산 등의 정리방향을 결정하는데소요되는 기간이 6월 이내로도 충분한 경우가 많이 발생하고 있어 이를 반영하여 현재 6월로 되어있는 경영관리 기간을 6월 이내로 하도록 함(안 제24조의3제4항).']",재정경제위원회,[]
160452,  약사법중개정법률안(심재철의원등 25인),2000-11-30,의원,2001-02-28,폐기,제16대 (2000~2004) 제215회,"['■ 제안이유의약품의 오·남용방지와 국민건강을 보호하기 위하여 의약분업이 실시되고 있으나 시각장애인들을 위한 약품명, 성분, 사용방법 등의 점자표기가 실시되지 않고 있어 이들의 약물 오·남용과 약화사고의 가능성이 상존하고 있음. 따라서 의약품 및 의약외품의 품명과 성분, 사용방법 등을 점자로 병기하게 하여 시각장애인들의 약물 오·남용을 방지하고자 함.■ 주요골자1. 의약품의 용기나 포장에는 시각장애인을 위하여 전체 생산량의 일 정분량의 의약품에 대해서는 제품의명칭, 성분, 용량이나 개수, 생산업체 등을 점자로 병기하도록 함(안 제50조제2항).2. 의약외품의 용기나 포장에 대해서도 시각장애인을 위하여 제품의 명칭, 제조업자, 용량 또는 중량, 가격 등에 관하여 점자로 병기하 도록 함(안 제58조제2항).']",보건복지위원회,"['심재철', '고진부', '김명섭', '김원웅', '김종하', '김찬우', '김태홍', '김홍신', '남궁석', '박시균', '박원홍', '손희정', '송영길', '안영근', '오세훈', '원희룡', '윤여준', '윤한도', '이성헌', '이연숙', '이원형', '이윤성', '임진출', '정병국', '최영희']"
160451,  매장및묘지등에관한법률중개정법률안(김명섭의원등 22인),2000-11-30,의원,2001-12-21,대안반영폐기,제16대 (2000~2004) 제215회,"['■ 제안이유 및 주요내용현행법에는 공설 장묘 시설 설치？관리, 장묘 시설 수급 계획 수립, 묘지 증가 억제와 화장？납골 장려 등의 새로운 책무를 시？도지사에게 부여하고 있으나 이를 뒷받침할 장묘 시설의 설치 허가권은 시장？군수？구청장에게만 부여함으로서, 상기 시？도지사의 책무 수행과 광역 차원의 장묘 시설 균형 수급에 차질이 빚어질 것으로 예상됨.따라서 15만㎡ 이상의 대규모 시설이나 2개 시？군 이상에 걸치는 시설은 시？도지사가 허가토록 함.']",보건복지위원회,"['김명섭', '강숙자', '고진부', '김방림', '김성순', '김찬우', '김태홍', '김홍신', '남경필', '박상희', '박시균', '배기선', '손희정', '심재철', '유재건', '윤여준', '이원형', '이종걸', '임인배', '조정무', '최영희', '함승희']"
160450,  경찰공무원보수법안(전갑길의원 외 36인),2000-11-30,의원,2004-05-29,임기만료폐기,제16대 (2000~2004) 제215회,"['■ 제안이유경찰공무원은 특정직공무원으로서 위험성이 상존하는 업무에 종사하고 있으며 야간근무가 일상화되어 있는 등 근로조건이 일반직공무원과는 다르므로 경찰공무원의 보수지급의 근거에 대하여 별도의 법률을 제정하려는 것임.■ 주요내용가. 경찰공무원의 봉급과 기타 보수에 관하여는 별표에 의하되, 공무원보수의 조정으로 인하여 이를 조정하고자 할 때에는 이 법이 개정될 때까지 공무원보수의 조정비율에 따라 대통 령령으로 지급할 수 있도록 함(안 제2조).나. 경찰공무원의 봉급과 기타 보수는 매월 20일에 지급하도록 하되, 다만 보수지급일이 공휴일인 때에는 그 전일에 지급하 도록 함(안 제3조).다. 경찰공무원의 기타 보수 및 승급기준등 이 법 시행에 필요 한 사항은 대통령령으로 정하도록 함(안 제4조).']",행정자치위원회,"['전갑길', '강현욱', '고진부', '김근태', '김덕배', '김성순', '김옥두', '김운용', '김원기', '김태홍', '김효석', '김희선', '남궁석', '박병윤', '박용호', '박주선', '배기선', '송영길', '신기남', '심규섭', '심재권', '유재건', '유재규', '윤철상', '이근진', '이낙연', '이인제', '이재정', '이창복', '이훈평', '임종석', '정철기', '조재환', '천정배', '최영희', '허운나']"
160449,  문화예술진흥법중개정법률안(정범구의원 외 21인),2000-11-30,의원,2004-05-29,임기만료폐기,제16대 (2000~2004) 제215회,"['■ 제안이유일정한 규모 이상의 건축물에 대해서는 문화예술진흥법 제11조에 근거하여 미술장식을 설치하도록 하고 있는바, 이는 산업화된 도시공간에 새로운 활력과 주민들의 정서순화에 도움을 주는 것으로서 문화도시를 실현하는중요한 수단이 된다고 할 수 있다. 그러나, 그 동안 미술장식 설치와 관련하여 조각가와 건축관계자, 건축미술심의위원, 공무원간에 뇌물공여와 각종 편법이 난무하는 실정이므로, 이런 미술장식 설치관련 비리 등을 방지하고 입법취지에 부합하는 문화의 참여민주주의를 실현하려는 것임.■ 주요골자1. 미술장식이라는 용어를 다수의 시민이 공동으로 사용하는 건축공간이라는 점 등 사용의 공적 성격을 강조하기 위하여 공공미술장식으로 함(안 제11조).2. 건축주가 공공미술장식을 직접 설치하는 대신 공공장소에 설치를 원할 경우에는 지방문화예술진흥기금에출연할 수 있도록 함(안 제11조제1항).']",문화관광위원회,"['정범구', '김경재', '김덕배', '김성호', '김태홍', '문희상', '박용호', '송영길', '신기남', '심규철', '윤철상', '이강래', '이근진', '이종걸', '임종석', '장성민', '정병국', '조성준', '조정무', '최용규', '허운나']"
160448,  상속세및증여세법중개정법률안(정범구의원 외 20인),2000-11-30,의원,2000-12-21,폐기,제16대 (2000~2004) 제215회,['■ 제안이유 및 주요골자학술·자선·종교·예술 기타 공익을 목적으로 하는 공익법인등이 특수관계에 있는 기업에 대한 광고·홍보행위를 하는 경우에 가산세를 부과하도록 하는 규정을 삭제함으로써 공익법인과 기업의 관계를 원활하게 하고 공익법인에 대한 기업의 지원을 유도할 수 있도록 함.'],재정경제위원회,"['정범구', '김덕배', '김성호', '김원웅', '김태홍', '문희상', '박용호', '송석찬', '신기남', '심규철', '윤철상', '이강래', '이근진', '이종걸', '임종석', '정동채', '정병국', '조성준', '최용규', '허운나']"
160447,  통신비밀보호법중개정법률안(김영환의원등 10인 외 108인),2000-11-30,의원,2001-12-06,대안반영폐기,제16대 (2000~2004) 제215회,"['■ 주요내용그동안 국민의 통신인권 보호를 위해 다양한 노력을 경주해 왔음에도 불구하고 무선휴대폰 가입자가 2천만명을 넘어서고 다양한 정보통신매체가 개발되는 등 통신환경의 급변에 따른 국민의 통신인권에 대한 자각이 높아지는 시점에서 현행 법체계로는 인권침해 논란을 불식하기 어려움.이에 국가기관의 감청이 자의적으로 행사되는 것을 적극 차단하고, 국회의 감시기능을 보다 강화하며 인터넷과 무선휴대폰 등 정보통신기술의 비약적 발전에 따른 통신인권의 개념 및 외연의 확장에 걸맞는 법령정비가 불가피한 시점임.따라서 본 개정안은 감청대상 범죄의 수를 반드시 필요한 경우로 대폭 줄이고 감청기간 및 긴급처분의 시한을 감축하였으며, 특히 국가기관의 감청설비에 대하여도 국회의 통제가 미치도록 하고 통신제한조치의 피고인 고지의무를 신설하였으며 새로운 통신기술？매체에 대한 포괄적인 보호가 가능하도록 함으로써, 21세기 정보화시대의 통신인권을 적극 보장하고 나아가서 인권국가로서의 위상을 일층 제고하고자 함.■ 주요내용가. 국민의 통신인권을 시대추이에 맞게 포괄적으로 보호하기 위해서 전자우편？회원제정보서비스？통신자료 등의 정의를 신설함(안 제2조).나. 감청 등 통신제한조치의 오ㆍ남용을 방지하기 위하여 대상이 되는 범죄를 대폭 축소함(안 제5조제1항)다. 통신제한조치의 기간을 범죄수사인 경우 3월, 국가안보인 경우 6월을 각각 1월 및 3월로 대폭 단축함(안 제6조 및 제7조).라. 통신제한조치에 관한 긴급처분시간을 48시간에서 36시간으로 단축하는 등 요건을 강화함(안 제8조).마. 통신제한조치의 집행으로 인해 취득된 내용이 법원에 증거로 제출된 때에는 피고인에게 당해 통신제한조치의 종류 등을 고지하도록 하고, 전기통신가입자의 통신자료제공절차를 엄격히 관리할 수 있도록 하여 불의의 인권침해 소지를 적극 예방하고자 함(안 제9조의2, 안 제9조의 3)바. 국가기관중 일반수사기관의 감청설비는 정보통신부장관에 신고하도록 하고, 정보수사기관도 국회 정보위원회의 의결이 있을 경우 이를 통보하도록 함(안 제10조의2).사. 통신제한조치에 대한 비공개원칙을 비밀준수의무로 일층 강화된개념을 도입, 관련 공무원 등의 인권의식을 강조함(안 제11조).아. 국회의 상임위원회와 국정감사 및 조사를 위한 위원회는 국회관계법령의 규정에 따라 의결한 경우 통신제한조치 장비보유현황, 감청집행기관의 교환실등에 대한 현장검증이나 조사 등을 할 수 있도록 하고, 통신제한조치 관련기관에 대하여 국회에 매년 보고서를 제출하도록 하는 등 국회의 통제기능을 대폭 강화함(안 제15조).자. 통신인권을 침해하는 범죄에 대해 벌칙을 강화하고, 일부 벌칙조 항을 신설함(안 제16조 및 제17조)']",법제사법위원회,"['김영환', '배기선', '유삼남', '유재건', '이미경', '이해찬', '정균환', '정대철', '조성준', '함승희', '김덕배', '김명섭', '김민석', '김방림', '김성순', '김성호', '김영배', '김영진', '김옥두', '김운용', '김원기', '김원길', '김윤식', '김충조', '김태식', '김태홍', '김택기', '김홍일', '김화중', '김효석', '김희선', '남궁석', '문석호', '문희상', '박광태', '박병석', '박병윤', '박상규', '박상천', '박상희', '박용호', '박인상', '박종우', '박주선', '배기운', '서영훈', '설송웅', '설훈', '송석찬', '송영길', '송영진', '송훈석', '신계륜', '신기남', '심규섭', '심재권', '안동선', '원유철', '유용태', '유재규', '윤철상', '이강래', '이근진', '이낙연', '이상수', '이용삼', '이원성', '이윤수', '이인제', '이재정', '이정일', '이종걸', '이창복', '이협', '이호웅', '이훈평', '이희규', '임종석', '임채정', '장성민', '장성원', '장영달', '장영신', '장재식', '장정언', '장태완', '전갑길', '전용학', '정동영', '정동채', '정범구', '정세균', '정장선', '정철기', '조순형', '조재환', '조한천', '천용택', '천정배', '최선영', '최영희', '최용규', '최재승', '추미애', '한명숙', '한화갑', '허운나', '홍재형']"
160446,  민원사무처리에관한법률중개정법률안(박주선의원등 25인),2000-11-30,의원,2004-05-29,임기만료폐기,제16대 (2000~2004) 제215회,"['■ 제안이유 및 주요내용국민의 고충민원 등을 접수？상담하고 이를 신속하게 조사？처리하기 위하여 설치된 국민고충처리위원회의 위원장은 현행법상 비상임으로 되어 있어 위원회 직무수행의 계속성 및 책임성 확보가 곤란한 바, 위원장을 정무직으로 보하도록 하고, 위원장 및 사무처장을 정부위원으로 하여 위원회의 업무수행이 효율적으로 이루어질 수 있도록 하려는 것임.']",행정자치위원회,"['박주선', '김경재', '김민석', '김부겸', '김원길', '박병석', '박주천', '서상섭', '안대륜', '엄호성', '원유철', '유재규', '이강두', '이강래', '이부영', '이성헌', '이원창', '이훈평', '임진출', '임태희', '장태완', '전갑길', '정문화', '조재환']"
160445,  상법중개정법률안(송영길의원등 34인),2000-11-29,의원,2004-05-29,임기만료폐기,제16대 (2000~2004) 제215회,"['■ 제안이유주주는 회사의 주인임에도 불구하고 특히 소액주주의 경우 대주주의 경영을 감시하는 지위를 보장받지 못하고 재산가치의 하락을 비롯한 경영악화의 책임을 전적으로 감수해야 하는 역할만을 강요받아왔고, 기업주가 비합리적인 의사결정을 하여 기업을 위기상황으로 내몰아 회사 및 주주의 이익과는 배치되는 행위를 할 수 있었던 것은 기업의 내부에서 이를 통제할 수 있는 장치들이 제대로 작동하지 못했기 때문임.따라서 경영진으로부터 독립적인 사외이사를 선임하는데 발생하는 걸림돌을 아예 그 가능성이 봉쇄되어 있기조차 하고 법령이나 정관에 위배되는 경영을 한 이사의 해임과 그에 따른 선임에 있어 주주들의 실질적인 권리행사를 보장하고 있지 못하고 있는 상황이며, 소액주주가 주주총회에서 원활한 의결권을 행사할 수 있도록 하기 위해서는 여러 가지 걸림돌이 되는 법 조항이 있는데 이를 개정하도록 하고자 함.■ 주요내용가. 이사의 임기를 선임된 날로부터 차기 정기주주총회까지로 규정함(안 제383조).나. 이사는 언제든지 주주총회 결의로 해임할 수 있게 함(안 제385조).다. 집중투표를 통해 이사의 선임을 하고자 할 때 집중투표 청구권자의자격을 완화하고 회사 정관을 통한 집중투표 배제조항을 삭제함(안 제382조의 2).라. 이사회 소집권자가 정당한 이유없이 이사회 소집을 거절한 경우에는 다른 이사가 이사회를 소집할 수 있도록 함(안 제390조).마. 이사회 의사록은 반드시 서명하도록 함(안 제391조의3).바. 주주는 보유주식수에 따라 신주 및 기타 주식으로 전활될 수 있는 전환사채, 신주인수권부사채 등의 증권을 배정받을 권리가 있으며 회사는 주주이외의 자에 대한 증권배정의 사유, 발행조건 및 그 근거를 주주총회 소집통지와 함께 명시해야 함(안 제418조).사. 같은 기업집단에 소속된 기업간 또는 이해관계자간의 거래로서 그 규모가 직전 회계연도의 자산 또는 매출액의 5%를 초과할 경우에는 주주총회의 결의를 거치도록 함(안 제374조의3 신설).아. 주주총회를 소집통지는 총회일 3주간전에 서면으로 통지하도록 함(안 제363조).자. 주주는 주주총회에 출석하지 아니하고 서면 또는 전자통신수단으로도 의결권을 행사할 수 있도록 함(안 제368조의3).']",법제사법위원회,"['송영길', '강운태', '김근태', '김민석', '김부겸', '김영환', '김원기', '김원웅', '김태홍', '김홍신', '나오연', '박병석', '박인상', '신계륜', '심규철', '심재철', '안영근', '윤경식', '이미경', '이상수', '이성헌', '이재정', '이창복', '임종석', '임채정', '장성민', '전용학', '정범구', '정세균', '정의화', '조순형', '천정배', '추미애', '한명숙']"
160444,  어업협정체결에따른어업인등의지원및수산업발전특별법중개정법률안(김영진의원등 28인),2000-11-29,의원,2001-09-01,대안반영폐기,제16대 (2000~2004) 제215회,"['■ 제안이유수산발전기금의 운용재원을 안정적으로 확보하기 위하여 수산업육성부담금 등을 징수하고 폐업어선 매각대금 등 국고로 납입되는 수입을 동 기금의 재원으로 편입시켜 200해리 신해양 질서에 따른 어업협정 등으로 어려움에 처한 수산업을 지속적으로 육성？발전시키려는 것임.■ 주요내용가. 수산발전기금의 안정적인 재원확보를 위해 폐업어선 매각대금 등 국고로 납입되는 수입을 동 기금에 편입시키고 관련법령에 기금편입 근거조항을 신설함(안 제23조제1항제5호 내지 제9호 및 부칙 제2조제1항 내지 제3항).나. 공유수면 매립 및 항만？어항공사, 폐기물 해양배출 등 수산자원 및 해양환경에 현저한 영향을 미치는 행위에 대하여 수산업육성부담금 및 해양환경개선부담금을 부과？징수하고 동 부담금을 수산발전기금으로 납입함(안 제23조의2？제23조제1항제10호 내지 제11호 및 부칙 제2조제4항).다. 수산발전기금의 효율적인 운용？관리를 위해 대통령령이 정하는 바에 따라 별도의 계정을 설치하여 수입과 지출을 구분？계리함(안 제24조제4항).라. 수산업의 경쟁력 강화와 해양환경 보전을 통한 수산자원 증강을 위해 어업구조조정의 촉진 및 해양환경개선사업을 수산발전기금의 용도에 추가함(안 제25조제1항제1호 및 제5호).마. 수산자원조성부담금중 공유수면매립행위에 대하여 부과되는 것은 신 설되는 수산업육성부담금과 중복되므로 이를 폐지함(안 부칙 제2조제6항).']",농림해양수산위원회,"['김영진', '강현욱', '김경천', '김광원', '김용학', '김원기', '김충조', '김택기', '김효석', '문석호', '박재욱', '박희태', '배기운', '윤철상', '윤한도', '이낙연', '이미경', '이방호', '이용삼', '이정일', '장성원', '장정언', '전갑길', '정세균', '정철기', '주진우', '최선영', '최연희']"
160443,  수산업협동조합법중개정법률안(김영진의원등 25인),2000-11-29,의원,2000-12-21,수정가결,제16대 (2000~2004) 제215회,"['■ 제안이유수산업협동조합중앙회의 경영정상화를 위해 국가 등의 자금 지원 근거를 마련하고 경제 및 신용사업의 독립사업부제를 강화하며 부실조합에 대한 제재수단을 강화함으로써 조합의 건전한 발전을 도모하려는 것임.■ 주요골자1. 경제 및 신용사업의 사업부문별 소이사회를 설치하고 소관 사항을 의결하도록 함으로써 독립성을 강화함(안제126조의2 내지 제126조의4).2. 신용사업대표이사를 추천위원회의 추천을 거쳐 소이사회에서 선출하도록 함(안 제115조 및 제128조제2항).3. 상임이사를 회장 또는 소관대표이사의 추천으로 이사회 또는 대표이사소관 소이사회에서 선출하도록 함(안제128조제3항).4. 대표이사소관 업무에 대하여 자기자본, 자금조달과 운용 및 예산, 결산을 구분하여 독립사업부제로 운영하도록 하고 독립사업부문별로 경영실적을 공시하도록 함(안 제132조제7항).5. 중앙회의 신용사업부문에 속하는 재산은 신용사업외의 사업과 관련하여 압류할 수 없도록 함(안 제134조제2항).6. 법정적립금, 임의적립금 및 지도사업이월금 이외에 별도의 적립금을 사업부문별로 적립하고 이월할 수 있도록 하고 동 적립금을 적립한 후가 아니면 잉여금을 배당하지 못하도록 하며, 신용사업부문의 잉여금은 다른사업부문과 독립하여 출자자에게 배당하도록 함(안 제141조제5항, 제6항 및 제142조제4항).7. 국가 또는 공공단체가 중앙회에 대한 출자 또는 대통령령이 정하는 유가증권을 매입할 수 있도록 함(안 제152조의2).8. 중앙회 신용사업의 자본을 분리하고 신용사업부문에 대한 우선출자범위 및 출자자총회의 설치근거를 마련함(안 제152조의3, 제152조의4).9. 부실조합(중앙회 제외)에 대한 자금결제 및 지급보증을 제한 또는 중지할 수 있는 근거를 마련함(안 제153조).□ 수정이유개정안에서 신용사업부문 및 경제사업부문의 독립사업부제를 대폭 강화하고 있는 바, 신용사업부문과 경제사업부문간의 형평성을 확보하기 위해 임원선출 방법 및 임기를 조정하고, 재산분리의 주체와 중앙회 미처리결손금의 처리방안을 명확히 하는 등 일부 내용을 수정하려는 것임.□ 수정주요골자1. 신용사업부문도 경제사업부문과 같이 대표이사와 비상임이사는 총회에서, 상임이사는 이사회에서 선출 및해임하도록 함(안 제115조제1항제3호, 제120조제1항제3호의3, 제128조제2항 내지 제4항, 제128조의2).2. 경제사업부문의 소이사회의 의결내용이 수산업협동조합의 설립목적을 침해할 우려가 있는 경우에는 이사회에서 재의결할 수 있도록 함(안 제120조제2항).3. 신용부문대표이사의 임기는 4년, 상임이사의 임기는 2년으로 하여 경제사업부문과 동일하게 함(안 제128조제7항).4. 경제사업부문과 지도사업부문간에는 해양수산부령이 정하는 바에 따라 인사교류가 가능하도록 함(안 제129조제1항단서).5. 신용사업부문에서 타 사업부문 및 회원조합에 대한 자금을 지원하는 경우, 대통령령이 정하는 사업을 제외하고는 여타 신용업무에 비하여 금리등의 거래조건을 부당하게 우대하여서는 아니되도록 함(안 제134조제4항).6. 중앙회 신용사업과 경제사업의 재산분리의 주체를 해양수산부장관에서 수협중앙회장으로 변경하고, 중앙회의 미처리결손금은 신용사업부문의 미처리결손금으로 하며 회원조합이 출자한 출자금은 지도사업부문의 자본으로 함(안 부칙 제4조).']",농림해양수산위원회,"['김영진', '강현욱', '김경천', '김광원', '김용학', '김원기', '김효석', '문석호', '박용호', '박재욱', '박희태', '윤철상', '윤한도', '이낙연', '이방호', '이용삼', '이정일', '장성원', '장정언', '전갑길', '정세균', '정장선', '정철기', '주진우', '최선영']"
160442,  납북자가족생활안정지원법안(강삼재의원등 9인 외 124인),2000-11-29,의원,2004-05-29,임기만료폐기,제16대 (2000~2004) 제215회,"['■ 제안이유지금까지 북한에 억류되어 있는 납북자의 생명과 인권에 대하여만 납북자 문제로 관심을 가져 왔으나, 나머지 가족들은 납북자로 인하여 사회생활에 심각한 영향을 받았음에도 불구하고 오히려 사회적으로 소외되는 등 납북자가족에 관한 문제는 소홀히 취급되어 왔음. 이에 인도주의 정신에 입각하여 납북자가족에 대하여도 취업보호 등의 지원을 함으로써 그 가족들이 겪고 있는 물적·정신적 고통을 경감하기 위한 대책을 수립하여 이들의 생활안정을 도모하려는 것임.■ 주요골자1. 납북자가족에 대한 정책을 협의·조정하고 지원에 관한 사항을 심의하기 위하여 납북자가족지원심의회를 통일부에 둠(안 제3조).2. 이 법에 의한 지원을 받고자 하는 납북자가족은 통일부장관에게 등록을 신청하게 하고 통일부장관은 납북자가족지원심의회의 심의를 거쳐 지원대상자를 결정하도록 함(안 제5조).3. 지원대상자에 대한 지원의 기준 및 방법은 연령, 세대구성, 학력, 경력, 자활능력, 건강상태 및 재산상태 등을 고려하여 대통령령으로 정하도록 함(안 제4조).4. 통일부장관은 납북자가족이 지원대상자로 결정된 날부터 3년간 취업보호를 실시하되, 지원대상자가 대통령령이 정하는 특별한 사유에 해당하는 경우에는 그 기간을 단축 또는 연장할 수 있게 하며, 일정한 경우에는 취업보호를 제한할 수 있도록 함(안 제9조 및 제10조).5. 지원대상자중 생활이 어려운 자에 대하여는 생활안정을 지원하기 위하여 본인의 신청이 있는 경우 5년의 범위 내에서 국민기초생활보장법의 수급권자로 보도록 특례 규정을 두되, 통일부장관은 지원대상자가 대통령령이 정하는 특별한 사유에 해당하는 경우에는 그 기간을 단축 또는 연장할 수 있게 함(안 제13조).6. 납북자가족의 취업보호와 생활안정지원사업을 수행하기 위하여 납북자가족후원회를 설립할 수 있도록 함(안 제15조).']",통일외교통상위원회,"['강삼재', '고흥길', '신영국', '안영근', '엄호성', '윤두환', '이병석', '정병국', '조웅규', '김기배', '김기춘', '김덕룡', '김동욱', '김락기', '김만제', '김무성', '김문수', '김부겸', '김성조', '김영구', '김영일', '김영춘', '김용갑', '김용균', '김용학', '김원웅', '김일윤', '김정숙', '김종하', '김진재', '김찬우', '김태호', '김학송', '김형오', '김호일', '김홍신', '나오연', '남경필', '도종이', '맹형규', '목요상', '민봉기', '박관용', '박근혜', '박명환', '박세환', '박승국', '박시균', '박원홍', '박재욱', '박종근', '박종웅', '박종희', '박주천', '박창달', '박헌기', '박혁규', '박희태', '백승홍', '서상섭', '서정화', '서청원', '손태인', '손학규', '손희정', '신경식', '신영균', '신현태', '심규철', '심재철', '안경률', '안상수', '안택수', '오세훈', '원희룡', '유성근', '유흥수', '윤경식', '윤여준', '윤영탁', '윤한도', '이강두', '이규택', '이방호', '이부영', '이상득', '이상배', '이상희', '이성헌', '이연숙', '이원창', '이원형', '이윤성', '이인기', '이재오', '이재창', '이주영', '이한구', '이해봉', '이회창', '임인배', '임진출', '임태희', '전용원', '전재희', '정문화', '정의화', '정인봉', '정재문', '정창화', '정형근', '조정무', '주진우', '최돈웅', '최병국', '최병렬', '최연희', '하순봉', '허태열', '현경대', '현승일', '홍사덕', '황승민', '황우여']"
160441,  소득세법중개정법률안(강숙자의원등 33인 외 16인),2000-11-29,의원,2000-12-21,폐기,제16대 (2000~2004) 제215회,"['■ 제안이유 및 주요골자양도소득세 과세대상중 부동산에 대하여는 소유권 이전등기를 하기 전에 그 거래내용을 관할세무서장에게 신고하도록 하고 있는 바, 양도차익이 없거나 양도차손이 발생하여 납세의무가 없는 경우에도 사전 신고하도록 하는 등 세무행정의 편의를 도모하기 위해 납세자 부담을 가중시키고 있는 측면이 있어 납부할 세금이 없는 경우에는 부동산 양도신고 규정의 적용을 배제함으로써 양도소득세 납세절차의 합리성을 제고하고자 함.']",재정경제위원회,"['강숙자', '강운태', '고진부', '김근태', '김기재', '김동욱', '김성순', '김영배', '김운용', '김태식', '김태홍', '김희선', '문석호', '박병윤', '박종근', '배기선', '서영훈', '서정화', '설송웅', '손학규', '송석찬', '원유철', '이근진', '이미경', '이완구', '이재정', '이정일', '장영신', '정세균', '정의화', '최영희', '허운나', '홍재형']"
160440,  증권거래법중개정법률안(조재환의원 외 23인),2000-11-29,의원,2001-02-28,대안반영폐기,제16대 (2000~2004) 제215회,"['■ 제안이유금융감독기관 임？직원의 투자활동을 제한하여 금융감독기관의 중립성과 공정성을 확보하고자 함.■ 주요내용가. 증권거래법 시행령 제 35조는 증권업 종사자들이 예외적으로 증권에 투자할 수 있는 사례를 열거하고 있는 바, 이를 시행령이 아닌 법 조항에 삽입시켜 명료히 규정하고자 함.나. 이 법 조항에 주권상장법인 및 협회등록법인외의 법인이 발행한 유가증권(비상장？비등록 법인의 유가증권을 의미한다)을 매매하는 경우와 수익증권을 매매(펀드가입을 의미한다)하는 경우를 제외시켜 이를 금지하고자 함, 즉, 금융감독기관 임직원들의 비상장？비등록 법인이 발행한 유가증권의 매매와 수익증권의 매매(펀드투자)를 금지하고자 함(안 제42조).']",재정경제위원회,"['조재환', '김성순', '김옥두', '김윤식', '남경필', '배기운', '안대륜', '윤철상', '이성헌', '이종걸', '이훈평', '임종석', '임진출', '임채정', '장성민', '장정언', '장태완', '전갑길', '정대철', '정동영', '천정배', '최영희', '추미애']"
160439,  지방세법중개정법률안(원유철의원등 132인),2000-11-29,의원,2004-05-29,임기만료폐기,제16대 (2000~2004) 제215회,"['제안이유화재 등 각종재난의 예방과 구조·구급 등 재난수습을 선도적으로 전개하고 있는 119소방행정에 대해 국민의 신뢰와 관심이 높아가고 있어 소방행정수요는 폭증하고 있으나, 그에 따른 관서와 인력·장비는 부족한 상태로, 국민기대에 부응하는 양질의 소방서비스를 제공하기 위해서는 인력 및 시설·장비의 보강과 함께 현대화에 막대한 소요재원이 필요함.따라서 증가일로에 있는 소방수요에 대응할 수 있는 소방재원을 확충하기 위하여 현행 공동시설세 부과대상(건축물, 선박)을 수익자 부담 및 원인자 부담으로 화재보험금, 전기사용료, 유류·가스사용료로 확대하고자 하는 것임.주요골자가. 공동시설세 납세의무자를 소방시설로 인하여 이익을 받는자, 석유판매업자, 액화 석유가스 판매·충전·집단공급사업자, 고압가스 판매사업자, 도시가스사용자, 전기 사용자, 화재보험금 수령자로 구체화 함(안 제239조제1항).나. 공동시설세의 납세지를 석유판매소 소재지 등으로 구체화 함(안 제239조의1).다. 공동시설세의 과세표준 및 세율은 유류(가스) 판매금액의 1,000분의 10, 전기사용요금의 1,000분의 10, 화재보험금의 1,000분의 100으로 함(안 제240조).라. 공동시설세의 납부는 신고납부방식에 의하여 매월말일을 기준으로 다음달 20일까지 신고납부 또는 신고 납입하도록 함(안 제241조 제2항 및 제3항).마. 신고납부 또는 신고납입을 하지 아니하거나 과소 신고 납부 또는 납입한 경우에는 그 산출세액 또는 부족세액의 100분의 10을 가산한 금액을 세액으로 하여 보통징수방법에 따라 징수하도록 함(안 제241조의2).']",행정자치위원회,"['원유철', '강삼재', '강성구', '강숙자', '강신성일', '강운태', '강재섭', '강창희', '강현욱', '고흥길', '곽치영', '권기술', '권오을', '김경천', '김광원', '김근태', '김덕배', '김락기', '김명섭', '김무성', '김문수', '김민석', '김부겸', '김성순', '김성조', '김성호', '김영배', '김영환', '김옥두', '김용갑', '김용환', '김운용', '김원웅', '김윤식', '김진재', '김충조', '김태홍', '김형오', '김호일', '김화중', '김희선', '남경필', '남궁석', '맹형규', '문석호', '문희상', '민봉기', '박병석', '박병윤', '박상희', '박승국', '박원홍', '박종희', '박주선', '박혁규', '배기선', '배기운', '백승홍', '설훈', '손태인', '송석찬', '신경식', '신영국', '신현태', '심규섭', '심재권', '안경률', '안동선', '안상수', '안영근', '오장섭', '원철희', '원희룡', '유재규', '윤경식', '윤철상', '이강두', '이강래', '이규택', '이근진', '이낙연', '이미경', '이방호', '이부영', '이상배', '이상수', '이완구', '이용삼', '이원성', '이원창', '이인제', '이재선', '이재오', '이정일', '이종걸', '이창복', '이훈평', '이희규', '임인배', '임채정', '임태희', '장성원', '장영달', '장영신', '장정언', '장태완', '전갑길', '전용원', '전용학', '정동영', '정동채', '정문화', '정범구', '정병국', '정세균', '정의화', '정장선', '정재문', '정진석', '조성준', '조웅규', '조한천', '조희욱', '천용택', '천정배', '최병국', '최선영', '추미애', '한승수', '한화갑', '함승희', '홍재형']"
160438,  중소기업진흥및제품구매촉진에관한법률중개정법률안(황승민의원등 54인),2000-11-29,의원,2000-12-08,원안가결,제16대 (2000~2004) 제215회,"['■ 제안이유단체수의계약제도의 정책적 효율성을 살려 중소기업의 육성을 통한 국내산업의 효율적인 성장구조를 정착시키고 국가경제의 균형발전을 도모하고자 함.■ 주요골자1. 공기업의경영구조개선및민영화에관한법률상의 공기업중 정부가 납입자본금의 5할이상을 출자한 법인으로써대통령령으로 정한 경우에만 동 법률상의 ""공공기관""에 포함하던 것을 정부가 출자한 경우로써 대통령령으로 정한 기업은 정부출자정도에 관계없이 공공기관에 포함토록 하는 것임.(안 제2조)2. 중소기업자가 생산한 물품의 구매를 증진하기 위하여 지정하는 단체수의계약물품수를 1998년 지정물품수를기준으로 1999년부터 2001년까지 3년간 매년 20퍼센트씩 줄이도록 한 규정을 폐지하여 현재수준의 물품수를유지하도록 하는 것임.(안 제9조의2)']",산업자원위원회,"['황승민', '강신성일', '강인섭', '권기술', '권철현', '김동욱', '김민석', '김방림', '김영배', '김용학', '김원기', '김원길', '김원웅', '김정숙', '김태호', '김택기', '김학송', '김호일', '맹형규', '박광태', '박상규', '박상희', '박세환', '박승국', '박종근', '박주천', '박창달', '배기운', '서상섭', '서정화', '신영국', '신현태', '안동선', '안상수', '안영근', '엄호성', '윤두환', '이강두', '이근진', '이상배', '이성헌', '이연숙', '이인기', '이주영', '임진출', '임태희', '장태완', '정동영', '조성준', '조웅규', '조재환', '조희욱', '최연희', '허태열']"
160437,  교육공무원법중개정법률안(조부영의원등 20인),2000-11-29,의원,2004-05-29,임기만료폐기,제16대 (2000~2004) 제215회,"['■ 제안이유교육공무원의 정년을 65세에서 62세로 급작스럽게 단축함으로써, 교원권위상실로 인한 사기저하는 물론, 교원수급의 어려움으로 중등교사자격증소지자를 초등학교교원으로 임용하고 퇴직교원의 1/3이상을 기간제교원으로 임용하는 등 정년단축의 의미를 이미 상실하였으며, 이로 인한 교육의 질저하, 교원의 잡무 증가 및 법정정원의 확보율이 크게 떨어지고 있어 교육여건이 점점 악화 일로에 있으며, 공무원연금의 열악한 재정상태를 더더욱 어렵게 만들고 있어, 정년을 63세로 상향조정하여 정년단축으로 파생되는 문제점을 해소시키고자 함.■ 주요내용가. 교육공무원의 정년은 현행 62세에서 63세로 한다. 다만, 고등교육법 제14조의 규정에 의한 교원인 교육공무원의 정년은 65세로 한다(제47조제1항).']",교육위원회,"['조부영', '강숙자', '강창희', '김용환', '김종필', '김종호', '김학원', '송광호', '안대륜', '오장섭', '원철희', '이양희', '이완구', '이재선', '이한동', '정우택', '정진석', '조희욱', '한승수', '함석재']"
160436,  약사법중개정법률안(김명섭의원등 21인),2000-11-29,의원,2001-02-28,폐기,제16대 (2000~2004) 제215회,"['■ 제안이유 및 주요골자산업화·도시화·공해·환경 파괴에 따라 AIDS, 암, 각종 대사 이상 질환 등 여러 가지 난치성 신규 희귀 질병이 계속 발생함에 따라 의약품의 종류와 수요도 매우 다양화·세분화하고 있는 추세임.우리 나라의 경우 희귀 의약품의 제조와 공급은 시장성과 채산성이 낮다는 이유로 취급을 기피하고 주로 고가의 수입품에 의존하고 있음.그리고 의료 기관의 희귀의약품에 대한 정보 미비로 환자 본인에게 의약품을 직접 조달케 함으로써 희귀의약품구입의 어려움을 겪는 등 국민 보건상 중대한 사회문제로 대두되고 있음.따라서 한국희귀의약품관리센터를 설립하여 희귀의약품 관련 정보를 수요자와 공급자에게 신속히 제공하고, 수급을 적기에 저렴하고 원활하게 공급하여 국민 보건의 증진을 도모하고자 함.']",보건복지위원회,"['김명섭', '고진부', '김방림', '김성순', '김영배', '김운용', '김찬우', '김태홍', '배기선', '서정화', '유재건', '이병석', '이호웅', '이훈평', '장영신', '정동채', '정문화', '조재환', '조정무', '최영희', '함승희']"
160435,  국민건강증진을위한건강기능식품에관한법률안(김명섭의원등 21인),2000-11-29,의원,2002-04-19,철회,제16대 (2000~2004) 제215회,"['■ 제안이유불규칙한 식생활, 영양의 불균형 등 식생활에 의한 만성 퇴행성 질환의 증가와 국민 생활 수준의 향상 및 과학의 발전에 의한 인구의 노령화로 국민 총 의료비가 지속적으로 증가하여 국민 건강 및 국가경제가 매우 심각한 상황에 놓여 있음. 건강기능식품은 일상의 식생활에서 부족한 영양 성분을 보급하여 국민의 영양 개선과 인체의 생리적 기능에 작용하여 건강 증진 및 식생활에 의한 만성 퇴행성 질환의 예방에 도움을 주어 국민 의료비 절감과 삶의 질적 향상에 도움을 줌.21세기 생명 과학의 발전과 더불어 건강기능식품의 국민건강증진과 만성 퇴행성 질환의 예방 및 치료에 도움이 된다는 것이 과학적으로 밝혀짐으로써 미국, 일본 등 선진국의 경우 국가 차원에서 건강기능식품에 관한 특별법을 제정하고, 기능성 신소재？신물질 연구 개발에 대한 적극적인 지원을 하여 미국, 일본의 건강보조식품이 세계 시장의 50%를 점유하고 매년 10%이상의 성장을 하고 있어 WTO협상의 시장 개방에 따른 국내 식품 산업의 보호와 국제 경쟁력 확보 차원에서 고부가가치 산업인 건강기능식품에 대한 법률 제정이 시급히 필요함.현행 식품위생법은 건강보조식품, 특수영양식품, 인삼제품에 한하여 그 식품의 유용성을 인정하고, 건강보조식품 및 특수영양식품의 일부품목에 대해서는 광고 사전 심의를 하여 건전한 광고 문화가 정착되고 있지만, 소위 건강식품류(예:동충하초,아가리쿠스,다시마,일반 버섯류등)의 경우 현행법상 그 식품의 유용성을 표시？광고할 수 없음에도 불구하고 질병의 예방？치료 및 의약품의 오인 등 허위？과대 광고를 하여 소비자의 피해 발생과 국민 건강에 악영향을 주고 있으므로 소비자에게 올바른 정보를 제공할 수 있는 제도 마련이 필요함.■ 주요내용가. 인체의 건강증진 또는 보건용도에 유효성이 있는 영양소 또는 기능 성분을 그대로 원료로 하거나 추출？농축？혼합등의 방법으로 통상 의 식품형태가 아닌 정제？캅셀？분말？과립？액상등의 형태로 제 조？가공한 식품을 ‘건강기능식품’으로 정의함(안 제3조).나. 건강기능식품을 제조？가공하고자 하는 자는 적합한 시설을 갖추고 식품의약품안전청의 허가를 받도록 하며, 생산 품목은 신고하도록 함 (안 제4조).다. 건강기능식품을 판매하고자 하는 자는 시장？군수 또는 구청장에게 신고하도록 함(안 제5조).라. 건강기능식품을 수입하고자 하는 자는 식품의약품안전청장에게 신고 하도록 함(안 제6조).마. 폐쇄명령을 받고 1년이 경과하지 않은 경우 등에 영업허가 또는 신 고를 할 수 없도록 제한함(안 제7조).바. 품질관리인을 두어 제품 및 시설을 위생적으로 관리하도록 함(안 제 10조).사. 식품의약품안전청장은 판매를 목적으로 하는 건강기능식품의 제조 등에 관한 기준과 성분에 관한 규격을 정하고, 이 기준과 규격에 맞지 아니한 제품이 유통될 경우 처벌함(안 제13조).아. 건강기능식품의 기능성에 관한 표시？광고를 하고자 하는 자는 식품 의약품안전청장에게 신고하도록 하고, 청장은 관련기관으로 하여금 심 사하도록 함(안 제14조).자. 허위 표시 및 광고를 금지하고 이를 어길 시 처벌함(안 제16조).차. 건강기능식품의 제조？가공업자는 그가 제조？가공하는 식품에 대해 자가품질검사를 하여 그 기록을 보존하여야 함(안 제20조).카. 보건복지부장관은 건강기능식품의 품질향상 및 소비자보호를 위하여 품질인증을 할 수 있음(안 제21조).타. 건강보조식품의 기준？규격 및 표시？광고 등에 관한 심사 및 연구 조사를 위해 건강기능식품심사위원회를 설치함(안 제26조).']",보건복지위원회,"['김명섭', '고진부', '김방림', '김성순', '김영배', '김운용', '김찬우', '김태홍', '배기선', '서정화', '유재건', '이병석', '이호웅', '이훈평', '장영신', '정동채', '정문화', '조재환', '조정무', '최영희', '함승희']"
160434,  민원사무처리에관한법률중개정법률안(심규철의원 외 21인),2000-11-29,의원,2002-02-28,대안반영폐기,제16대 (2000~2004) 제215회,['■ 제안이유 및 주요내용최근 대민 행정서비스를 제공하는 각 행정기관 및 지방자치단체의 홈페이지 구축 등으로 인터넷을 이용한 민원이 새로운 민원신청의 수단으로 자리를 잡아가고 있음에 따라 민원인이 인터넷을 통하여 민원신청을 한 경우에도 그 민원사항에 대하여 민원사무의 처리기간내에 처리결과 등을 통지할 수 있는 법적 근거를 마련하자는 것임.'],행정자치위원회,"['심규철', '권오을', '김락기', '김부겸', '김원웅', '남경필', '박인상', '박종희', '서상섭', '신영균', '안영근', '오세훈', '원희룡', '윤경식', '이연숙', '임인배', '임태희', '장성민', '정인봉', '조희욱', '현승일']"
160433,  여권법중개정법률안(조웅규의원등 22인),2000-11-29,의원,2003-04-30,대안반영폐기,제16대 (2000~2004) 제215회,"['■ 제안이유 및 주요골자2000년 10월 현재 여권을 발급 받은 자는 약 21,400,000명(금년 1월～10월 1,712,375명)에 이르고 있으며 이 가운데 상당수가 여권 유효기간연장 신청기간을 경과하여 발급에 따른 수수료(45,000원)를 내고 새 여권을 발급 받고 있는바, 여권을 발급 받은 자에게 유효기간 만료 15일 전까지 유효기간이 만료됨을 미리 통지하는 “여권유효기간 만료예고제”를 도입하여 유효기간연장 수수료(4,500원)만을 부담하고 여권을 다시 사용할 수 있게 유도함으로써 새로 여권을 발급 받는 데 따른 국민 부담을 줄일 뿐더러 신규 발급에 소요되는 사업비(1년 114억2천8백만원 소요)의 예산을 절감하는 효과를 얻고자 함.']",통일외교통상위원회,"['조웅규', '김덕룡', '김성호', '김영구', '김용갑', '김운용', '김원웅', '김종하', '문희상', '박관용', '박근혜', '박상천', '박원홍', '서청원', '유재건', '유흥수', '이낙연', '이창복', '임채정', '장성민', '정몽준', '한승수']"
160432,  증권거래법중개정법률안(송영길의원등 32인),2000-11-29,의원,2001-02-28,대안반영폐기,제16대 (2000~2004) 제215회,"['■ 제안이유대주주의 경영권 독주를 막고 기업경영의 투명성을 높이기 위해서는 주주의 권리를 보호하는 획기적인 개혁이 필요하며, 이를 위해 단독주주권을 인정하고 사외이사 선임방식 및 감사위원회 구성 등의 면에서 소액주주의 실질적인 권리보호를 위한 제도를 마련하며 또한 소액주주가 주주총회에서 실질적으로 의견을 개진하도록 할 수 있는 제도를 마련하고자 함.■ 주요내용가. 사외이사를 선임하는 주주총회의 경우에는 후보자의 성명, 학력, 경력, 회사와의 관계, 추천인등 관련 정보를 통지？공고하도록 함(안 제191조의10).나. 주권상장법인의 경우 사외이사가 전체 이사수의 과반수 이상이 되도록 함(안 제196조의 16).다. 사외이사추천위원회제도를 폐지함(안 제54조의5제2항？제3항 및 제191조의16제3항).라. 감사위원회는 전원 사외이사로 구성하고 주권상장법인은 감사위원회를 설치하도록 함(안 제54조의6제2항？제4항？제6항 및 제191조의17).마. 소수주주권을 행사할 수 있는 자를 주권상장법인 또는 협회등록법인의 주식을 보유한 자로 하고, 이 자격을 가진 주주가 상법 제403조에 규정하는 소송을 제기하여 승소한 경우 소송을 제기한 주주가 변호사를 선임함으로써 부담한 채무에 대하여는 민법 제688조제2항을 준용하도록 함(안 제191조의13제1항 및 제191조의13제5항).바. 일정한 사항을 주주총회의 목적사항으로 제안할 수 있는 자를 6월 전부터 계속하여 의결권 있는 발행주식 총수의 1천분의 1이상에 해당하는 주식을 보유한 자로 함(안 제191조의14).']",재정경제위원회,"['송영길', '강운태', '김근태', '김민석', '김영환', '김원기', '김원웅', '김태홍', '김홍신', '나오연', '박인상', '신계륜', '심규철', '심재철', '안영근', '윤경식', '이미경', '이상수', '이성헌', '이재정', '이창복', '임종석', '임채정', '장성민', '전용학', '정범구', '정세균', '정의화', '조순형', '천정배', '추미애', '한명숙']"
160431,  증권관련집단소송에관한법률안(송영길의원등 34인),2000-11-29,의원,2003-12-22,대안반영폐기,제16대 (2000~2004) 제215회,"['■ 제안이유다수의 증권투자자들의 경우 분식회계, 부실감사, 허위공시, 주가조작, 내부자거래, 신탁재산 불법운용 등의 각종 불법행위로 인하여 그 재산권의 침해가 발생한 경우 현행의 소송구조로는 그 권리실현에 어려움이 있고, 다수의 중복소송으로 인해 소송불경제가 야기되므로 증권관련분쟁에서 보다 용이하게 피해구제를 받을 수 있도록 하고 소송경제를 도모하기 위하여 증권거래법에 손해배상의 특칙이 정해진 위법행위 및 증권투자신탁업법이나 증권투자회사법 위반행위와 관련되는 손해배상청구사건에 대하여는 집단소송을 허용하도록 하고자 함.■ 주요내용가. 이 법은 증권거래법상 손해배상의 특칙이 규정된 위법행위 및 증권투자신탁업법이나 증권투자회사법 위반행위로 인하여 공통의 이익을 가진 다수인에게 피해가 발생한 경우에 그 다수인을 위하여 그 중의 1인 또는 수인이 대표당사자가 되어 피해에 대한 손해전보를 구하는 소송을 수행함으로써 증권투자와 관련한 집단적인 피해를 효율적으로 구제함을 목적으로 함(안 제1조).나. 소송대리인은 증권관련집단소송의 복잡성을 고려하여 변호사강제주의를 채택함(안 제4조).다. 증권관련집단소송을 하고자 하는 대표당사자는 총원의 이익을 공정하고 적절히 대표할 수 있는 구성원이어야 하며, 최근 3연간 5건이상의 증권관련집단소송의 대표당사자로 관여했던 자이어서는 아니되고, 소송대리인은 총원의 이익을 공정하고 적절히 대리할 수 있는 자이어야 함(안 제10조).라. 증권관련집단소송의 대상이 되는 위법행위를 증권거래법 제14조의 규정에 의한 손해배상청구, 증권거래법 제25조의3의 규정에 의한 손해배상청구, 증권거래법 제186조의 규정에 의한 신고내용, 제186조의2의 규정에 의한 사업보고서 및 제186조의3의 규정에 의한 반기보고서중 허위의 기재 또는 표시가 있거나 중요한 사항을 기재 또는 표시하지 아니함을 원인으로 한 손해배상청구, 증권거래법 제188조의 3의 규정에 의한 손해배상청구, 증권거래법 제188조의 5의 규정에 의한 손해배상청구, 증권거래법 제197조의 규정에 의한 손해배상청구, 증권투자신탁업법이나 증권투자회사법 위반행위을 원인으로 한 손해배상청로 함(안 제11조).마. 소송사건은 구성원이 20인이상이고, 구성원의 각 청구가 제11조에 게기된 청구이며, 제8조에 따른 허가신청서의 기재사항 및 첨부서류에 흠결이 없어야 함(안 제12조제1항).바. 법원이 증권관련집단소송을 허가하는 경우 증권거래소통보, 일간신문게재 등의 방법으로 피해집단에게 증권관련집단소송의 제기사실을 고지하여 개별피해자들이 소송에 참가하거나 별도로 소송을 제기할 수 있도록 함(안 제18조).사. 구성원은 법원의 허가를 받아 공동대표당사자가 될 수 있음(안 제21조).아. 법원은 대표당사자가 총원의 이익을 적절히 대표하고 있지 못하거나 기타 중대한 사유가 있을 때에는 직권 또는 다른 대표당사자의 신청에 의하여 그 대표당사자에 대한 소송수행의 허가를 결정으로 취소할 수 있음(안 제22조).자. 구성원은 제외신고 기간내에 서면으로 법원에 제외신고를 할 수 있고, 제외신고 기간전이나 기간내에 증권관련집단소송의 목적으로 된 권리와 동일한 권리에 대하여 개별소송을 제기한 자는 제1항의 제외신고를 한 것으로 봄(안 제29조제1항 및 제2항).차. 대표당사자는 청구원인사실에 관하여 스스로 조사하여 밝힐 수 있는 한도내에서 개략적으로 주장할 수 있고, 상대방은 구체적으로 답변？해명하도록 하며, 법원은 상대방이 그 답변？해명을 하지 아니하거나 그 답변？해명이 불충분하다고 인정되는 경우 석명을 명할 수 있고, 상대방이 석명등에 응할 수 없는 정당한 이유가 있는 경우를 제외하고 석명등에 응하지 아니하는 경우 석명을 구한 사실에 관한 대표당사자의 주장을 진실한 것으로 인정할 수 있도록 함(안 제30조 및 제31조).카. 법원은 필요하다고 인정하는 때에는 직권으로 증거조사를 할 수 있고, 당사자가 주장하지 아니한 사실에 대하여도 판단할 수 있음(안 제32조).타. 법원은 필요하다고 인정하는 때에는 소송과 관련있는 문서의 소지자에 대하여 그 문서의 제출을 명하거나 문서의 송부를 촉탁할 수 있고, 문서제출명령이나 문서송부촉탁을 받은 자는 정당한 이유없이 그 제출이나 송부를 거부할 수 없음(안 제34조).파. 법원은 미리 증거조사를 하지 아니하면 그 증거를 사용하기 곤란한 사정이 있지 아니한 경우에도 인적？물적 상태의 확정을 위하여 필요하다고 인정하는 때에는 대표당사자의 신청에 의하여 증거조사를 할 수 있음(안 제35조).하. 증권관련집단소송에 있어서 소의 취하, 소송상의 화해 또는 청구의 포기는 법원의 허가결정을 받지 아니하면 그 효력이 없음(안 제37조).거. 법원은 대표당사자의 신청 또는 직권으로 분배관리인을 선임하여야 하고, 분배관리인은 법원의 감독하에 권리실행으로 취득한 금전의 분배업무를 행함(안 제43조 제1항 및 제2항).너. 구성원은 분배관리인에 대하여 분배계획에 따라 권리신고기간내에 권리를 신고하여야 하고, 구성원이 책임없는 사유로 권리신고기간내에 신고를 하지 못한 경우에는 그 사유가 종료된 후 1월내에 한하여 그 신고의 추완을 할 수 있으며, 분배관리인은 권리신고를 한 자에 대하여 상당한 방법으로 권리확인의 결과를 통지하여야 함(안제52조).더. 대표당사자, 소송대리인 또는 분배관리인이 그 직무에 관하여 부정한 청탁을 받고 금품 또는 재산상의 이익을 수수？요구 또는 약속하거나 제3자에게 금품 또는 재산상의 이익을 공여하게 하거나 공여하게 할 것을 요구 또는 약속한 때에는 7년이하의 징역 또는 1억원이하의 벌금에 처함(안 제62조).러. 제62조의 금품 또는 재산상의 이익을 약속？공여한 자, 공여의 의사를 표시한 자, 제3자에게 금품을 교부한 자 또는 그 정을 알면서 교부받은 자는 7년 이하의 징역 또는 1억원이하의 벌금에 처함(안 제63조).']",법제사법위원회,"['송영길', '강운태', '김근태', '김민석', '김부겸', '김영환', '김원기', '김원웅', '김태홍', '김홍신', '나오연', '박병석', '박인상', '신계륜', '심규철', '안영근', '윤경식', '이미경', '이부영', '이상수', '이성헌', '이재정', '이창복', '임종석', '임채정', '장성민', '전용학', '정범구', '정세균', '정의화', '조순형', '천정배', '추미애', '한명숙']"
160469,  민족망사업지원법률안(이상희의원등 32인),2000-11-28,의원,2004-05-29,임기만료폐기,제16대 (2000~2004) 제215회,"['■ 제안이유민족망사업재단을 설립하여 정보통신망을 통한 한민족사이버공동체를 구축하게 함으로써 민족문화의 창달과 전세계 한민족의 번영에 이바지하기 위한 것임.■ 주요내용가. 국가 및 지방자치단체는 민족망사업을 위해 필요한 시책을 강구하고 이를 시행할 책무를 짐(안 제3조).나. 민족망사업재단의 사업으로서 정보통신망을 통한 한민족의 교류？협력사업, 민족망사업을 위한 표준화사업, 국가가 재단에 위탁하는 사업, 민족망사업과 관련된 학회 및 국내외 학술활동의 지원사업 등을 정함(안 제4조).다. 재단에 민족망사업기금을 설치하여 재단의 운영 및 사업에 소요되는 자금에 충당하도록 하고, 그 재원은 기부금？차입금 기타 기금운용에 의한 수입금 등으로 정함(안 제6조).라. 기타 재단에 대한 지원규정으로서 국가의 지원, 국？공유재산의 대부, 자금의 차입, 채권 등의 매입의무 면제, 수익사업, 수수료 등의 것을 둠(안 제5조, 제7조 내지 제11조).마. 재단은 매 사업년도의 사업계획서 및 예산서를 작성하여 정보통신부장관의 승인을 얻도록 하고, 세입세출결산서를 다음 사업년도 3월말일까지 제출하도록 함(안 제12조 및 제13조). 이와 함께 재단의 지도？감독을 정보통신부장관이 하도록 함(안 제14조).바. 재단의 임직원에 대하여 벌칙에 있어서의 공무원의제규정을 두어 법적 책임을 강조함(안 제19조).']",통일외교통상위원회,"['이상희', '강숙자', '강신성일', '강현욱', '김영환', '김진재', '김희선', '민봉기', '박관용', '박상희', '박원홍', '박주선', '박혁규', '서상섭', '서정화', '설송웅', '심재철', '윤경식', '이주영', '임종석', '임채정', '임태희', '전재희', '정동영', '정진석', '정창화', '조부영', '최병국', '최병렬', '최연희', '허태열', '황우여']"
160468,  전자정부의구현및운영에관한법률안(이상희의원등 35인),2000-11-28,의원,2001-02-28,대안반영폐기,제16대 (2000~2004) 제215회,"['■ 제안이유국회？정부？법원 등 모든 국가기관 및 지방자치단체의 전자정부 구현 및 운영에 관한 시책을 체계적으로 추진함으로써 국민에 대한 서비스를 제고하고, 공공업무의 운영방식을 혁신하며, 공공기관의 생산성？투명성？민주성을 강화하여 지식정보시대의 국민의 삶의 질 향상과 국민경제의 활성화에 이바지하고자 함.■ 주요내용가. 이 법은 국가 전체적인 차원의 전자적 업무운영체계를 구현？운영하기 위해 국회？정부？법원？헌법재판소？중앙선거관리위원회 등 국가기관과 지방자치단체 모두에 적용되며, 다른 법률에 우선하는 효력을 가짐(안 제3조).나. 국민편익우선, 공공업무의 전자적 처리와 혁신, 정보공동이용과 서류제출부담의 경감, 전자적 정보제공, 개인정보보호, 전자정부 구현사업의 성과중심관리 및 외주우선 등 전자정부 구현？운영의 기본원칙을 정함(안 제6조 내지 제11조).다. 전자정부의 구현 및 운영에 필요한 정책의 개발？추진？조정 및 추진실적의 평가 등에 관한 업무를 총괄적으로 수행하기 위하여 대통령 소속하에 전자정부추진단을 설치하고, 전자정부추진단의 장으로서 국가정보화책임관을 정보화추진위원회 위원장의 추천을 받아 대통령이 임명함(안 제36조 및 제37조).라. 전자문서에 의한 업무처리, 공공기관 전자서명 인증업무의 운영에 관하여 규정함(안 제12조 및 제13조).마. 주민등록전산정보자료 등 주요 데이터베이스정보를 공동이용할 수 있는 근거를 구체화하고, 정보통신기술의 도입시 그에 적합하도록 기존의 조직 및 업무절차를 재설계하게 함(안 제14조 및 제15조).바. 기관별 공공지식정보관리시스템의 구축？운영, 정보통신기술간의 상호 연동？연계, 공동활용 및 안전？신뢰성 확보에 관하여 규정하고, 국가정보화책임관에게 표준화에 관한 조치를 취할 수 있도록 함(안 제16조 내지 제19조).사. 공무원의 정보통신기술 활용능력의 제고에 필요한 조치를 강구하게 하고, 정보통신망을 이용한 공무원 교육의 실시를 위하여 원격공무원교육원의 설립 등을 규정함(안 제20조 및 제32조).아. 비방문 민원업무처리를 위해 공공기관별 전자민원창구와 이를 연계한 범국가적 단일 전자민원창구의 설치？운영방안을 강구하게 하고, 이를 통한 허가？인가 등 각종 민원사무의 전자적 처리와 전자서명에 의한 민원인의 신원확인을 규정함(안 제21조 내지 제23조).자. 대국민 서비스를 향상하기 위하여 전자문서에 의한 각종 고지？통지, 정보통신망을 통한 급부제공, 세금？과태료 등 공과금의 전자적 방식에 의한 납부, 공공정보의 전자적 공개？제공, 정보통신망을 통한 의견수렴, 국회회의의 온라인 공개 등을 하게 함(안 제24조 내지 제29조).차. 공공업무의 생산성 제고를 위해 예산？회계？조달？회계검사업무를 정보통신망을 이용하여 전자적으로 통합관리하게 하고, 정보통신망을 이용한 공무원의 인사관리？원격근무？성과평가를 하게 함(안 제30조 및 제31조).카. 국회 상임위원회 회의를 비롯한 공공기관의 각종 업무수행 관련회의의 효율적 운영을 위해 원격영상회의의 요건 및 법적 효력에 관한 일반규정을 설치함(안 제33조).타. 국회 및 지방의회의 효율적 운영을 위하여 원격영상회의를 통한 국정감사？조사 및 청문회를 실시할 수 있게 하고, 법원업무의 효율화를 위해 전자법원의 구축에 필요한 시책을 강구하도록 함(안 제34조 및 제35조).파. 국가정보화책임관은 전자정부구현계획을 수립하며, 각 공공기관이 제출하는 세부실행계획을 종합？조정하고, 그 내용을 대통령에게 보고하여야 하며, 전자정부구현 시책내용별 목표달성시한을 정하여 계획에 반영하여야 함(안 제36조).하. 전자정부구현에 관한 협력？지원 등을 위해 정보화책임관협의회를 구성？운영하고, 전자정부구현지원기관의 지정？활용에 관하여 규정함(안 제39조 및 제40조).거. 행정기관(지방자치단체 포함)은 전년도의 추진성과를 자체평가하여 전자정부추진단에 제출하고, 그외의 국가기관은 매년 6월 30일까지 국회에 제출하도록 함(안 제41조).너. 국가정보화책임관은 각 행정기관의 자체평가결과를 기초로 종합평가를 실시하여 그 결과를 대통령에게 보고한 후 매년 6월 30일까지 국회에 제출하고, 종합평가 결과를 다음 연도 예산편성에 반영하여야 함(안 제42조 내지 제44조).더. 국가정보화책임관은 기획예산처장관과 협의하여 필요한 예산 확보방안을 강구하여야 하며, 정보통신부장관은 정보화촉진기금으로 관련 사업의 추진을 지원할 수 있음(안 제45조).러. 전자정부구현 관련 시범사업을 실시할 수 있게 하고, 전자정부의 구현？운영에 대한 민원인과 일반국민의 만족도 및 불편사항을 조사？공개하도록 함(안 제46조 및 제47조).']",행정자치위원회,"['이상희', '강숙자', '강신성일', '김근태', '김영환', '김진재', '김희선', '민봉기', '박관용', '박상희', '박원홍', '박주선', '박혁규', '서정화', '심재철', '안택수', '원희룡', '윤경식', '이연숙', '이주영', '임태희', '전재희', '정동영', '정문화', '정진석', '정창화', '조부영', '최병국', '최병렬', '최연희', '추미애', '한화갑', '허운나', '허태열', '황우여']"
160430,  공직선거및선거부정방지법중개정법률안(임인배의원등 42인),2000-11-28,의원,2002-02-28,대안반영폐기,제16대 (2000~2004) 제215회,"['■ 제안이유 및 주요내용지방자치제 실시 이후 풀뿌리민주주의 정착, 행정서비스의 개선 등 여러 가지 장점이 있었던 반면에 각종 지역이기주의에 편승한 무분별한 지역개발, 전시성？선심성 사업남발, 방만한 재정운영, 단체장의 직무태만과 인사권 남용 등 많은 문제점이 발생하고 있음.이로 인해 국토는 비효율적이고 무분별한 개발로 훼손되고 있으며 각종 낭비성 예산집행으로 인해 국고가 낭비되고 지방재정은 부채가 증가하는 등 재정난이 가중되고 있으며 행정조직 또한 정치적인 인사와 방만한 조직 등 비효율적인 조직운영이 이루어지고 있음.이와 같은 지방자치제의 부작용을 근절하고 보다 광역의 종합적이고 체계적인 지방자치를 실현하기 위해 시장？군수 및 구청장 선거제를 폐지하고 이들을 시？도지사가 임명하도록 하는 것임.']",행정자치위원회,"['임인배', '강숙자', '강신성일', '강창희', '권기술', '김덕배', '김윤식', '김정숙', '김태호', '김학송', '남경필', '맹형규', '박상희', '박승국', '박시균', '박재욱', '박창달', '백승홍', '서상섭', '서정화', '서청원', '손희정', '송광호', '송훈석', '심규철', '안경률', '안영근', '오세훈', '오장섭', '유흥수', '윤영탁', '이원형', '이윤성', '이재선', '이재오', '이해봉', '이희규', '임진출', '정진석', '조웅규', '조희욱', '하순봉']"
160429,  지방자치법중개정법률안(임인배의원등 42인),2000-11-28,의원,2004-05-29,임기만료폐기,제16대 (2000~2004) 제215회,"['■ 제안이유 및 주요내용지방자치제 실시 이후 풀뿌리민주주의 정착, 행정서비스의 개선 등 여러 가지 장점이 있었던 반면에 각종 지역이기주의에 편승한 무분별한 지역개발, 전시성？선심성 사업남발, 방만한 재정운영, 단체장의 직무태만과 인사권 남용 등 많은 문제점이 발생하고 있음.이로 인해 국토는 비효율적이고 무분별한 개발로 훼손되고 있으며 각종 낭비성 예산집행으로 인해 국고가 낭비되고 지방재정은 부채가 증가하는 등 재정난이 가중되고 있으며 행정조직 또한 정치적인 인사와 방만한 조직 등 비효율적인 조직운영이 이루어지고 있음.이와 같은 지방자치제의 부작용을 근절하고 보다 광역의 종합적이고 체계적인 지방자치를 실현하기 위해 시장？군수 및 구청장 선거제를 폐지하고 이들을 시？도지사가 임명하도록 하는 것임.']",행정자치위원회,"['임인배', '강숙자', '강신성일', '강창희', '권기술', '김덕배', '김윤식', '김정숙', '김태호', '김학송', '남경필', '맹형규', '박상희', '박승국', '박시균', '박재욱', '박창달', '백승홍', '서상섭', '서정화', '서청원', '손희정', '송광호', '송훈석', '심규철', '안경률', '안영근', '오세훈', '오장섭', '유흥수', '윤영탁', '이원형', '이윤성', '이재선', '이재오', '이해봉', '이희규', '임진출', '정진석', '조웅규', '조희욱', '하순봉']"
160428,  공직자윤리법중개정법률안(조재환의원 외 23인),2000-11-28,의원,2001-12-14,폐기,제16대 (2000~2004) 제215회,['■ 제안이유최근에 금융감독위원회 위원과 금융감독원 임·직원들의 도덕적해이 및 감독미흡 사례가 많이 발생하여 이에대한 규제가 필요하다고 보여짐. 규제의 한 방안으로서 금융감독위원회와 금융감독원 출신자의 일정기간 영리사기업체의 취업을 금지하고자 함.■ 주요골자1. 재산등록의무자에 금융감독원의 3급 이상 직원을 포함시켜 영리사기업체에의 취업을 금지하고자 함(안 제3조제1항제10호의2).2. 공무원과 공직유관단체의 임·직원이 예외적으로 영리사기업체에 취업할 수 있는 가능성을 제한하고자 함(안 제17조제1항).'],행정자치위원회,"['조재환', '김근태', '김만제', '김성순', '문석호', '박상규', '박상희', '배기운', '신기남', '윤철상', '이강래', '이성헌', '이정일', '이훈평', '임종석', '임진출', '장정언', '장태완', '전갑길', '정세균', '천정배', '최선영']"
160427,  소득세법중개정법률안(정병국의원등 49인),2000-11-28,의원,2000-12-21,폐기,제16대 (2000~2004) 제215회,"['■ 제안이유 및 주요골자서화·골동품의 양도로 인하여 발생하는 소득에 대하여 2001년 1월 1일부터 일시재산소득으로 과세하도록 하고있는 바, 아직은 문화예술품시장을 보호·장려해야 하는 실정이며 과세에 따른 세원 포착의 곤란성으로 인해과세의 실효성을 기할 수 없다는 점을 고려하여 서화·골동품의 양도차익을 과세대상에서 제외하려는 것임.']",재정경제위원회,"['정병국', '강성구', '강신성일', '고흥길', '권오을', '김근태', '김락기', '김민석', '김성조', '김원웅', '김일윤', '김정숙', '김종하', '남경필', '도종이', '맹형규', '박종웅', '박종희', '박주천', '서정화', '신기남', '신영균', '심규철', '심재권', '안경률', '안상수', '안영근', '안택수', '오세훈', '원희룡', '윤경식', '윤여준', '윤철상', '이근진', '이미경', '이연숙', '이주영', '임인배', '임진출', '정범구', '정인봉', '정재문', '정진석', '정창화', '주진우', '최용규', '최재승', '현경대', '현승일']"
160426,  농어업인부채경감에관한특별조치법안(김영진의원등 49인 외 69인),2000-11-28,의원,2000-12-20,대안반영폐기,제16대 (2000~2004) 제215회,"['■ 제안이유UR/WTO체제 출범과 IMF경제위기 이후 농어가 경제사정이 악화되면서 농어가부채로 인하여 연쇄도산의 위기에 처한 농어가가 늘어나는 등 농어촌경제 상황이 심각한 바, 이에 대한 특별한 지원대책을 마련함으로써 농어업인의 부채상환 부담을 완화하고 경영안정을 도모하고자 하는 것임.■ 주요내용가. 농어업인이 상환하여야 할 중장기정책자금 중 2001년과 2002년에 상환 시기가 도래하는 자금을 2년 간 거치한 후 5년간 분할하여 상환하도록 함(안 제3조).나. 농어업인이 협동조합 등으로부터 차입한 상호금융자금의 일정 규모를 연리 6.5퍼센트의 저리자금으로 5년간 대체 지원하도록 함(안 제4조).다.연대보증한 농어업인이 주채무자의 채무상환 불이행으로 대신 채무를 상환할 경우 연리 6.5퍼센트의 저리자금으로 지원하고 이를 2년 거치후 5년동안 분할하여 상환하도록 함(안 제5조).라.경영위기에 처한 농어업인의 경영안정을 위하여 연리 6.5퍼센트의 농수산업경영개선자금을 추가로 지원하고 이를 2년거치 3년 분할 상환할 수 있도록 함(안 제6조).마.협동조합 등은 경영정상화가 가능한 연체자에게는 정책자금 등 자금지원과 연체이자 면제, 연체해소에 필요한 자금지원 등을 할 수 있도록 함(안 제7조 및 제8조).바. 지원자금의 금리인하 등으로 발생하는 협동조합 등의 손실은 정부가 이차보전하도록 하고, 이법에 의한 자금이 원활히 지원될 수 있도록 농림수산업자신용보증기금에 출연을 확대하도록 함(안 제11조 및 제12조).사. 부채가 없거나 부채를 정상적으로 상환한 농어업인에 대하여는 정책자금을 우선 지원하는 등 우대조치할 수 있도록 함(안 제13조).']",농림해양수산위원회,"['김영진', '강성구', '강현욱', '고진부', '김경재', '김옥두', '김원기', '김윤식', '김충조', '김태식', '김택기', '김홍일', '김효석', '남궁석', '문석호', '박병윤', '박상천', '박용호', '박종우', '박주선', '배기운', '송영진', '송훈석', '심규섭', '원유철', '유재규', '이강래', '이근진', '이낙연', '이상수', '이용삼', '이원성', '이윤수', '이인제', '이정일', '이창복', '이해찬', '이희규', '장성원', '장정언', '정균환', '정세균', '정장선', '정철기', '천용택', '최선영', '한명숙', '한화갑', '홍재형', '장영신', '장재식', '장태완', '전갑길', '전용학', '정대철', '정동영', '정동채', '정범구', '조성준', '조순형', '조재환', '조한천', '천정배', '최영희', '최용규', '최재승', '추미애', '함승희', '허운나']"
160425,  약사법중개정법률안(김홍신의원등 21인),2000-11-28,의원,2001-02-28,폐기,제16대 (2000~2004) 제215회,"['■ 제안이유 및 주요골자신약 등의 경우 그 제조 및 판매를 위해서는 식품의약품안전청장의 허가를 받아야 하며, 허가를 받고자 할 때검사성적서 등을 제출하여야 하는 바, 검사성적서의 작성을 위하여 행하는 임상시험에 대한 적절한 규제조치가약사법에 규정되지 아니한 현실에서, 피험자의 인권 및 안전이 심각하게 위협받고 있으므로 신약 및 의료용구등의 안전성·유효성에 관한 임상시험을 하고자 하는 때에는 피험자의 동의와 식품의약품안전청장의 임상시험계획승인을 받도록 하여 무분별하고 위험한 임상시험을 방지하고, 그로 인하여 초래될 수 있는 사회적 위해를예방하고자 하는 것임.']",보건복지위원회,"['김홍신', '권오을', '김근태', '김부겸', '김영춘', '김영환', '김원웅', '김찬우', '김태홍', '박시균', '서상섭', '손희정', '안영근', '오세훈', '윤여준', '이부영', '이성헌', '이재오', '전재희', '추미애', '황우여']"
160423,  농어촌등보건의료를위한특별조치법중개정법률안(김홍신의원등 20인),2000-11-28,의원,2002-11-08,대안반영폐기,제16대 (2000~2004) 제215회,['제안이유 및 주요골자？？？？？？？？？？？？？？？？？？？？종래 시행령에 위임되었던 농어촌 지역의 보건의료시설과 사회복지시설을 법률에서 구체적으로 열거하여 공중보건의사로 하여금 농어촌등 의료취약지역에 한정하여 복무하도록 함.'],보건복지위원회,"['김홍신', '권오을', '김명섭', '김문수', '김부겸', '김영춘', '김원기', '김원웅', '김찬우', '김태홍', '박시균', '서상섭', '안영근', '오세훈', '원희룡', '윤여준', '이성헌', '이원형', '이호웅', '임종석']"
160422,  생명공학육성법중개정법률안(이상희의원등 37인),2000-11-28,의원,2004-05-29,임기만료폐기,제16대 (2000~2004) 제215회,"['■ 제안이유최근 생명공학기술의 급속한 발전에 의한 안전성 및 윤리적 측면대한 우려가 높아짐에 따라 이에 대한 사전 예방차원에서 보다 구체적인 안전？윤리관리에 대한 지침등을 규정하고, 인간의 존엄성을 위협할 수 있는 사항에 대한 연구개발의 금지와 아울러 생명공학안전및 윤리문제를 다루어 심의？조정하는 생명공학윤리위원회를 설치하는 등 생명공학기술개발에서 야기될 수 있는 부정적 측면을 최대한억제하여 생명공학기술을 21세기를 선도할 핵심기술로서 육성하기 위한 지원체제를 갖추고자 하는 것임.■ 주요내용가. 생명공학연구와 산업화 과정에서 나타날 수 있는 인체 및 환경에 미치는 생물학적 위험성 및 윤리적 문제의 발생을 사전에 방지하기 위한 보다 구체적인 지침등을 작성？시행함(안 제15조).나. 생명공학기술의 발전으로 인하여 인간의 존엄성을 해치는 결과 를 가져올 수 있는 사항에 대한 연구개발과 연구비 및 보조금 등의 지급을 금지하며, 다만 유전학적 연구와 암등 질병치료를 위한 실험이나 연구개발은 안전？윤리위원회의 심의를 거치도록 함(안 제15조의 2).다. 생명공학 안전 및 윤리문제 등을 심의？조정하기 위하여 과학기 술부 장관 소속하에 생명공학안전？윤리위원회를 설치함(안 제15조의 3).']",과학기술정보통신위원회,"['이상희', '강숙자', '강현욱', '권기술', '김근태', '김덕규', '김동욱', '김성순', '김용학', '김효석', '남궁석', '박관용', '박원홍', '박종근', '박혁규', '심재권', '심재철', '안상수', '안택수', '윤경식', '이강두', '이부영', '이원형', '이주영', '임태희', '장태완', '정몽준', '정병국', '정형근', '조부영', '조웅규', '조희욱', '최병국', '최병렬', '추미애', '한화갑', '허태열']"
160421,  과학기술산업화지원등에관한법률안(이상희의원등 28인),2000-11-28,의원,2004-05-29,임기만료폐기,제16대 (2000~2004) 제215회,"['■ 제안이유국가과학기술경쟁력을 더욱 향상시키고 과학기술자원의 생산성을 극대화하기 위해서는 과학기술연구개발과 그 산업화가 효과적이고 체계적으로 연계되어야 함. 그 동안 개별법에서 기술의 개발 및 이전에 관한 지원, 산학연의 협력 등을 통한 과학기술연구결과의 산업화를 추진하였으나 그 실적이 부진하였음. 따라서 과학기술산업화지구의 지정과 각종 지원정책을 규정하는 법률을 제정하여 과학기술연구결과의 산업화를 촉진함으로써, 21세기 지식기반사회에 능동적으로 대응하고 과학기술의 산업화를 통하여 국민경제의 발전을 꾀하고자 함.■ 주요내용가. 과학기술부장관은 과학기술산업화 및 민간의 활용을 촉진하기 위한 계획을 관계중앙행정기관의 장과의 협의 및 국가과학기술위원회의 심의를 거쳐 수립하고 이를 시행하도록 함(안 제5조).나. 과학기술부장관은 과학기술산업화의 효율적인 추진을 위하여 국가산업단지 등을 국가과학기술위원회의 심의를 거쳐 과학기술산업화촉진지구로 지정하여 우선적으로 지원하도록 함(안 제7조).다. 과학기술부장관은 산업화촉진사업의 효율적인 추진을 위하여 과학기술산업화촉진사업단을 설치하도록 함(안 제8조).라. 연구기관의 장은 과학기술연구의 결과로 획득한 기술에 대하여 산업화촉진지구내에서 과학기술산업화를 추진하는 자에게 우선적으로 당해 기술을 이전할 수 있도록 함(안 제10조).마. 정부는 창업보육사업자간의 종합협력체제를 구축하고, 과학기술산업화를 추진하는 자에게 다양하고 균등한 지원을 하도록 함(안 제12조).바. 정부는 산업화촉진사업의 추진에 필요한 소요 예산을 출연하거나 기금 등에서 지원할 수 있도록 함(안 제14조).사. 산업화촉진사업에 참여한 기관에 대하여 국유재산을 무상으로 임대？양여하거나, 국가에 귀속된 연구기기？설비 및 시제품 등을 무상으로 양여할 수 있음(안 제16조).아. 산업화촉진지구의 지정 및 관리에 관한 각종 제도 및 절차의 간소화방안을 수립하여 시행하도록 함(안 제17조).']",과학기술정보통신위원회,"['이상희', '강숙자', '강신성일', '김영환', '김진재', '김희선', '남궁석', '민봉기', '박관용', '박원홍', '박혁규', '서정화', '심재철', '윤경식', '이부영', '이주영', '임태희', '전재희', '정동영', '정창화', '조부영', '최병국', '최병렬', '최연희', '한화갑', '허운나', '허태열', '황우여']"
160420,  독점규제및공정거래에관한법률중개정법률안(김경재의원 외 21인),2000-11-28,의원,2004-05-29,임기만료폐기,제16대 (2000~2004) 제215회,"['■ 제안이유공정거래제도에 대한 국민들의 관심이 높아지고 공정거래사건이 증가함에 따라 위원회 운영의 공정성과 투명성을 제고하고, 위원회 심결의 객관성과 전문성을 높이기 위해 위원수를 증원하고 자격요건을 확충하고자 하는 것임.■ 주요골자1. 공정거래위원회의 회의를 효율적으로 운영하기 위하여 상임위원 1인 비상임위원 1인을 증원하여 위원회 구성을 11인으로 구성하도록 함(안 제37조제1항).2. 각계이익을 대표할 수 있도록 위원의 자격요건을 확대하여 기업경영의 전문가와 소비자관계의 대표자도 비상임위원으로 임명될 수 있도록 함(안 제37조2항).']",정무위원회,"['김경재', '고진부', '김경천', '김부겸', '김영배', '김원길', '맹형규', '박주선', '서상섭', '신기남', '윤철상', '이낙연', '이훈평', '장영달', '장정언', '장태완', '정범구', '정철기', '조재환', '최선영', '한명숙']"
160419,  민법중개정법률안(최영희의원등 20인),2000-11-28,의원,2004-05-29,임기만료폐기,제16대 (2000~2004) 제215회,"['■ 제안이유친족？상속법은 가족생활에 대한 기본적 규범으로서 가족생활은 사회질서와 밀접한 관계가 있는바, 그 규정내용이 현실과 유리된 경우 개인적？사회적 법률관계의 올바른 정립을 위하여 그 정비가 필요한데 동성동본금혼제도, 친생부인제도, 한정승인제도 등이 이에 해당되고 헌법재판소에서도 위의 경우에 헌법불합치결정을 함으로써 법 개정의 필요성이 있고, 또 국내입양의 활성화를 위한 방안으로 친양자제도를 새로 도입하기 위해 개정하려는 것임.■ 주요내용가. 남녀평등과 혼인의 자유를 침해할 우려가 있는 동성동본금혼제도를 폐지하고 근친혼금지제도로 전환하되, 8촌이내의 부계혈족 또는 모계혈족 사이에서는 혼인을 금지하는 등 근친혼제한의 범위를 합리적으로 조정함(안 제809조).나. 부성추정의 충돌을 피할 목적으로 여성에 대하여 6월의 재혼금지기간을 두고 있는 것은 여성에 대한 차별적인 규정이며 그 실효성이 없고 친자관계 감정기법의 발달로 이 규정을 둘 필요성이 없어졌으므로 이를 삭제함(현행 제811조 삭제).다. 지금까지 친생부인의 소는 부만이 제기할 수 있고 제소기간도 출생을 안 날부터 1년내로 제한하였으나, 이는 혈연진실주의에 부합되지 아니하는 측면이 있으므로, 앞으로는 부부의 일방 뿐만 아니라 子도 제소할 수 있도록 하고, 제소기간도 친생부인사유를 안 날부터 2년내로 연장하는 등 친생부인제도를 합리적으로 개선함(안 제846조 및 제847조).라. 현행 양자제도를 그대로 유지하면서 양자의 복리를 더욱 증진시키기 위하여 1년간의 시험양육기간을 거쳐서 양친과 양자를 친생자관계로 보아 종전의 친족관계를 종료시키고 양친과의 친족관계만을 가지며 양친의 성과 본을 따르도록 하는 친양자제도를 신설함(안 제908조의2 내지 제908조의8 신설).마. 부모 등 친권자가 친권을 행사함에 있어서는 자의 복리를 우선적으로 고려하여야 한다는 의무규정을 신설함(안 제912조의2 신설).바. 지금까지 상속회복청구권은 그 침해를 안 날부터 3년, 상속개시일부터 10년을 경과하면 소멸되도록 되어 있었으나, 진정한 상속인의 보호를 위하여 앞으로는 그 침해를 안 날부터 3년, 상속권의 침해가 있은 날부터 10년을 경과하면 소멸되도록 개선함(안 제999조제2항).사. 지금까지 상속인은 상속개시가 있음을 안 날부터 3월내에만 한정승인을 할 수 있었으나, 상속인이 피상속인의 재산상태를 쉽게 파악할 수 없는 경우가 많고 본인의 의사에 의하지 아니하고 타인의 채무를 부담하는 것은 불합리하므로, 상속인이 자신에게 상속되는 채무가 그 재산을 초과하는 사실을 중대한 과실없이 알지 못하고 단순승인한 경우에는 그 사실을 안 날부터 3월내에 다시 한정승인을 할 수 있도록 개선함(안 제1019조제3항).']",법제사법위원회,"['최영희', '강숙자', '고진부', '김경천', '김근태', '김찬우', '김태홍', '김희선', '배기선', '신영국', '심재철', '이미경', '이연숙', '임종석', '장영신', '전재희', '정문화', '조정무', '한명숙', '허운나']"
160418,  독립유공자예우에관한법률중개정법률안(김원웅의원등 33인 외 34인),2000-11-27,의원,2004-05-29,임기만료폐기,제16대 (2000~2004) 제215회,"['■ 제안이유 및 주요내용현행법상 독립유공자의 유족년금에 있어서 손자녀에게는 독립유공자가 1945년 8월 14일 이전에 사망한 경우에 한하여 지급하도록 하여 일제로부터 조국의 자주독립을 위하여 공헌하였으나 독립유공자가 1945년 8월 15일 이후에 사망한 경우 그 손자녀는 연금을 지급 받을 수 없는 바, 동법 제12조제2항의 단서규정의 독립유공자의 사망시기를 삭제하여 모든 독립유공자의 손자녀에게 연금을 지급할 수 있도록 함으로써 독립유공자간 연금지급대상의 형평성 및 독립유공자의 유족에 대한 복지향상을 도모하고 나아가 국민의 애국정신을 함양하고자 함.']",정무위원회,"['김원웅', '강재섭', '김근태', '김명섭', '김성호', '김영춘', '김용갑', '김진재', '김태호', '김호일', '남경필', '박시균', '박주선', '박희태', '서상섭', '서정화', '신기남', '안동선', '안상수', '오세훈', '윤철상', '이부영', '이재선', '이훈평', '임진출', '임채정', '정의화', '정인봉', '조웅규', '조정무', '천정배', '하순봉', '한화갑', '최병렬']"
160417,  특별소비세법중개정법률안(심규섭의원등 5인 외 15인),2000-11-27,의원,2000-12-21,폐기,제16대 (2000~2004) 제215회,['■ 제안이유 및 주요골자정부가 2000년 9월 30일 제출한 특별소비세법중개정법률안 제1조에 따라 석유가스중 부탄에 대해서만 특별소비세율을 인상하는 경우 부탄을 사용하여야 하는 실내용 가스난방기등에 상대적으로 가격이 저렴한 프로판을 사용함으로써 안전사고를 유발할 가능성이 있으므로 충전소에서 차량용으로 판매하는 석유가스 분에 대해서만 인상된 세율을 적용토록 하여 안전사고 발생의 소지를 해소하려는 것임.'],재정경제위원회,"['심규섭', '강운태', '이정일', '장영신', '정세균', '문희상', '박상희', '서영훈', '송석찬', '윤철상', '이협', '이훈평', '임채정', '정동채', '함승희']"
160416,  조세특례제한법중개정법률안(정세균의원등 5인 외 15인),2000-11-27,의원,2000-12-21,대안반영폐기,제16대 (2000~2004) 제215회,"['■ 제안이유증권시장의 장기 안정적인 수요기반을 확충하고 근로자의 재산형성을 지원하기 위하여 근로자 주식저축제도와 기업의 자사주 취득에 대한 세제지원제도를 도입하고, 지방건설경기 활성화를 위하여 비수도권지역의 신축국민주택을 2001년말까지 취득하는 경우 양도소득세를 감면하며, 기업구조조정 촉진을 위하여 기업분할에 대한 조세감면제도의 적용시한을 2001년말까지 연장하려는 것임■ 주요내용가. 현재는 기업구조조정협약에 의한 기업개선계획에 따라 2000년 12월 31일까지 기업이 분할하는 경우 특별부가세 이월과세 등 조세특례를 인정하고 있으나, 앞으로는 금융기관간 자율협약에 의한 기업개선계획과 회사정리법에 의한 정리계획에 따라 기업이 분할하는 경우 2001년 12월 31일까지 1년간 연장하여 조세특례를 계속 적용하도록 함(안 제45조의2？제106조제3항？제119조제1항제18호).나. 근로자가 2001년 12월 31일까지 1인당 3천만원 한도내에서 1년 이상 3년 이하의 근로자 주식저축에 가입하는 경우에는 저축불입액의 5퍼센트를 소득세에서 공제하고, 당해 저축에서 발생하는 이자소득 및 배당소득에 대하여 소득세를 부과하지 아니하도록 함(안 제88조의6 신설).다. 거주자가 비수도권지역에서 2000년 11월 1일부터 2001년 12월 31일까지의 기간중 주택건설업자로부터 직접 취득한 신축국민주택을 취득후 5년이내 양도하는 경우에는 양도소득세 전액을, 5년이 경과된 후에 양도하는 경우에는 취득일로부터 5년간 발생한 양도차익에 대한 양도소득세를 면제하도록 함(안 제99조의3 신설).라. 증권거래소에 상장한 기업 또는 증권업협회에 등록한 기업이 2000년 10월 18일부터 2002년 12월 31일 이전에 종료하는 과세연도까지 주가안정을 목적으로 직접 자기주식을 취득하여 6개월 이상 보유하는 경우 취득가액의 30퍼센트 범위내에서 자기주식처분손실준비금을 손금에 산입할 수 있도록 함(안 제104조의3 신설).']",재정경제위원회,"['정세균', '강운태', '심규섭', '이정일', '장영신', '문희상', '박상희', '서영훈', '송석찬', '유재건', '윤철상', '이협', '이훈평', '정동채', '함승희']"
160415,  소득세법중개정법률안(정세균의원등 5인 외 15인),2000-11-27,의원,2000-12-21,폐기,제16대 (2000~2004) 제215회,"['■ 제안이유 및 주요골자서화·골동품에 대한 과세는 근로소득등 타 소득과의 과세형평성을 고려할때 바람직한 면이 있으나, 문화·예술분야의 침체가 몇 년동안 지속되고 있으며 아직 경매제도등 합리적인 유통구조가 정착되지 못하고 있어 과세되더라도 현실적으로 세원포착이 어려워 과세실익이 크지 아니한 점 등을 고려하여 당초 2001년 1월 1일부터시행하려던 것을 3년간 유예하여 2004년 1월 1일부터 시행하려는 것임(안 법률 제5031호 부칙 제1조 단서).']",재정경제위원회,"['정세균', '강운태', '심규섭', '이정일', '장영신', '문희상', '박상희', '서영훈', '송석찬', '유재건', '윤철상', '이협', '이훈평', '정동채', '함승희']"
160414,  공항주변지역지원에관한법률안(송훈석의원등 36인 외 5인),2000-11-27,의원,2004-05-29,임기만료폐기,제16대 (2000~2004) 제215회,"['■ 제안이유공항은 국민의 생활편리와 교통발전에 중추적인 역할을 하고 있지만 항공소음？항공분진？전파방해？고도제한 등으로 공항 주변지역의 주민은 물리적？재산적인 피해 뿐만 아니라 정신적？환경적인 피해를 입고 있으므로 공항 주변지역에 대한 체계적인 지원사업을 시행하여 주민의 피해를 최소화하고 집단민원을 해소하는 한편, 공항의 원활한 건설？운영을 도모하려는 것임.■ 주요내용가. 공항 주변지역의 개발과 소득증대사업？주민복지사업을 내용으로 하는 주변지역 지원사업을 효과적으로 추진하도록 하기 위하여 지원사업계획을 수립하도록 함(안 제3조 및 제4조).나. 지원사업은 공항 주변지역을 관할하는 시장？군수 또는 구청장이 시행하도록 함(안 제5조).다. 지원사업을 효율적으로 추진하도록 하기 위하여 주변지역지원사업기금을 설치하도록 하고, 그 기금은 정부의 출연금과 항공법에 의한 사용료？소음부담금중 일정액 등으로 조성하도록 함(안 제7조 및 제8조).라. 지원사업에 관한 중요사항을 심의하기 위하여 주변지역지원사업심의위원회 등을 두도록 함(안 제15조).']",건설교통위원회,"['송훈석', '강성구', '강신성일', '고진부', '김근태', '김명섭', '김민석', '김성호', '김옥두', '김원기', '김종하', '김충조', '김태식', '김택기', '박상규', '서영훈', '서정화', '설송웅', '신영국', '심규섭', '심재권', '안동선', '유재규', '이강래', '이용삼', '이재오', '이창복', '이해봉', '이협', '장성원', '장태완', '정장선', '조한천', '최선영', '추미애', '한화갑']"
160413,  시국사건관련교원임용제외자채용에관한특별법중개정법률안(임종석의원등 23인),2000-11-27,의원,2001-02-28,수정가결,제16대 (2000~2004) 제215회,"['■ 제안이유동 특별법은 민주주의의 발전과 국민대화합차원에서 시국사건 등과 관련하여 교원 우선 임용에서 배제되었던국립사범대학 졸업자들을 구제하기 위해 1999년 9월 2일 법률 제6014호1로 제정된 바 있음. 그러나 동 특별법은 제정당시 당초의 취지와는 달리 시국사건관련 임용제외자의 범위를 ""1989년 7월 25일부터 1990년 10월 7일까지 교사임용후보자 명부에 등재된 자""로 지나치게 축소함으로써, 구속 등 기타의 사유로 졸업이 늦어져 교사임용후보자명부에 등재될 수 없었던 교원임용예정자를 구제하지 못하는 결과를 낳았음.이는 동일한 시국사건관련자 중 정상적인 졸업이 가능하여 동 특별법에 의하여 구제되어 교사로 임용된 자와동 특별법이 정한 기간을 도과하여 졸업함으로서 교사임용을 받지 못한 자와의 불평등을 야기한 것임.동 특별법의 입법취지는 국립사범대학 졸업자 중 시국사건과 관련하여 교원임용에서 제외된 자들은 정상적으로사범대학을 다니고 졸업하였다면 교원으로 당연 임용되었을 자들을 구제하기 위한 것이므로 위 기간 중 교사임용후보자명부에 등재되었는가의 여부만으로 구제대상자를 선정하려 한 것은 입법취지에 충실하지 못하는 것이라고 할 수 있음.따라서 동 특별법의 입법취지와 동 특별법의 제정으로 이미 교사로 임용된 자와의 형평성 등을 고려하여 시국사건과 관련하여 구속 기타 사유에 의한 졸업지연으로 교사임용후보자명부에 등재되지 못한 자도 교원으로 특별 채용될 수 있도록 동 특별법을 개정하고자 하는 것임.■ 위원회 수정사항□ 수정이유교사임용후보자명부에 등재되어 있지 않은 임용제외자의 경우 임용권자가 결정되어 있지 않았기 때문에 이들의주소지를 관할하는 시·도교육감 소속하의 특별채용심의위원회가 특별채용에 관한 사항을 심의하도록 하며, 특별법이 정하고 있는 기간 이전에 교사임용후보자명부에 등재되어 있었으나 임용절차를 이행하던 중 시국사건과관련하여 임용되지 못한 자도 임용제외자에 포함시켜 구제하기 위한 것임.□ 수정주요골자1. 1989년 7월 24일 이전에 교사임용후보자명부에 등재되어 임용절차를 이행하던 중 시국사건과 관련하여 임용되지 못한 자도 임용제외자의 범위에 포함시키고, 종전에 대통령령으로 정하던 시국사건의 개념을 법률에서정함에 따라 불필요하게된 내용을 삭제함(안 제2조).2. 졸업지연 등의 사유로 임용후보자명부에 등재되지 아니한 임용제외자의 경우 임용권자가 없기 때문에 주소지를 관할하는 교육감으로 지정함으로써 이들의 실질적인 임용을 보장함(안 제3조).3. 특별채용대상자의 생활근거지 배치를 위하여 신설된 안 제6조(불이익 처우금지)는 임용권자를 주소지를 관할하는 교육감으로 지정함에 따라 이를 삭제함.']",교육위원회,"['임종석', '권철현', '김경천', '김덕규', '김영춘', '김정숙', '김홍신', '김화중', '박창달', '설훈', '송영길', '신계륜', '신기남', '유삼남', '이규택', '이미경', '이재오', '이재정', '전용학', '정동영', '조부영', '조정무', '황우여']"
160412,  국가보안법폐지법률안(송석찬의원등 21인),2000-11-27,의원,2004-05-29,임기만료폐기,제16대 (2000~2004) 제215회,"['■ 제안이유 및 주요내용정부의 햇볕정책의 지속적인 추진성과로 남북정상이 화해와 협력의 포옹을 하고 6.15공동선언이라는 역사적 쾌거를 이룩함으로써 55년 냉전을 마감하고 상생의 새시대로 도약하기 위한 절호의 기회를 맞이하여 분단과 대결에서 화해와 협력의 동반자적 남북관계를 구축하여야 한다는 시대적 요청에 직면해 있음.이를 위하여 북한을 반국가단체로 명시하고 북한주민을 그 구성원으로 규정하고 있는 국가보안법을 전면폐지함으로써 남북정상이 합의한 평화통일, 이산가족과 장기수 문제, 경제협력 원칙 등을 수행하는데 있어서의 장애요소를 제거하고자 함.']",법제사법위원회,"['송석찬', '김경천', '김근태', '김성호', '김원웅', '김태홍', '김홍신', '김화중', '김희선', '문석호', '서상섭', '설송웅', '송영길', '송영진', '안영근', '유재규', '이호웅', '장성민', '정범구', '최용규', '추미애']"
160411,  지방자치법중개정법률안(추미애의원 외 35인),2000-11-27,의원,2004-05-29,임기만료폐기,제16대 (2000~2004) 제215회,"['■ 제안이유주민의 자치활동을 최대한 보장하고 자발적인 주민참여의 기회를 제공하기 위하여 시？군？자치구에 주민자치센터와 주민자치위원회를 설치할 수 있는 법적 근거를 마련함으로써 읍？면？동의 행정기능을 점진적으로 축소하고 주민자치기능을 강화하고자 하는 것임.■ 주요내용가. 시？군？자치구는 주민의 편의 및 복지를 증진하고 주민자치기능을 강화하여 지역공동체 형성에 기여하도록 하기 위하여 공공시설로서 읍？면？동에 주민자치센터를 설치하여야 하며, 시？군？자치구는 이의 운영에 주민들의 자발적 참여가 보장될 수 있도록 하기 위하여 주민자치센터의 관할구역별로 주민자치위원회를 구성하도록 함(안 제135조의2제1항).나. 시？군？자치구는 주민자치센터가 주민자치위원회와 자원봉사자들을 중심으로 자율적으로 운영되도록 지원하여야 하며, 주민자치위원회가 요구한 사항에 대하여 협력하도록 함(안 제135조의2제2항).다. 중앙행정기관의 장 및 시？도지사는 주민자치센터의 사업을 지원？협력할 수 있으며, 중앙행정기관의 장 상호간에 주민자치센터 사업에 대한 지원？협력과 관련하여 협의가 필요한 경우에는 행정자치부장관이 그 협의를 주관하도록 함(안 제135조의2제3항).라. 주민자치위원회는 지역주민중 각계각층의 주민대표들로 구성하되 지방의회가 심의？의결하며, 정치적 중립성이 유지되도록 공정하게 운영하여야 하고, 그 위원은 무보수 명예직으로 함(안 제135조의2제4항).마. 주민자치센터의 명칭？위치？관할구역과 주민자치위원회의 구성？운영 등에 관하여 필요한 사항은 대통령령이 정하는 바에 따라 시？군？자치구의 조례로 정함(안 제135조의2제5항).']",행정자치위원회,"['추미애', '고진부', '김근태', '김민석', '김성순', '김영진', '김원길', '김충조', '김태식', '김태홍', '박상규', '송석찬', '신기남', '심재권', '원유철', '유삼남', '윤철상', '이병석', '이상수', '이원창', '이종걸', '이창복', '이훈평', '장영달', '장영신', '장정언', '장태완', '정동채', '정범구', '정장선', '조성준', '조한천', '천정배', '최선영', '한화갑']"
160410,  공적자금관리기본법안(정세균의원등 15인 외 103인),2000-11-25,의원,2000-12-02,대안반영폐기,제16대 (2000~2004) 제215회,"['■ 제안이유공적자금의 운용에 있어 객관성과 공정성을 높여 국민의 부담을 최소화할 수 있도록 공적자금의 운용에 관한 사항을 종합적으로 심의 또는 조정하는 공적자금관리위원회를 재정경제부에 설치하고, 공적자금 지원의 원칙을 명문화하기 위하여 필요한 사항을 규정하려는 것임■ 주요내용가. 공적자금의 범위는 예금보험기금과 부실채권정리기금외에도 공공자금관리기금, 국유재산 등으로 금융기관의 구조조정에 지원된 자금을 포함함(안 제3조)나. 공적자금의 투입원칙？사후관리 등 공적자금의 효율적 운용에 관하여 심의하고, 회수에 관하여 심의？조정하는 공적자금관리위원회를 재정경제부에 설치함(안 제4조)다. 공적자금관리위원회는 재경부장관 등 정부위원 6인과 입법부, 사법부, 행정부에서 추천하는 민간위원 9인으로 구성되며, 위원장은 민간위원중 호선하는 자와 재경부장관이 공동으로 맡음(안 제5조 및 제6조)라. 공적자금의 지원시 최소비용 원칙, 공평한 손실분담 원칙, 자구노력 선행 원칙 등을 명문화하여 보다 공적자금이 효율적으로 지원될 수 있도록 함(안 제13조 및 제14조)마. 공적자금 지원시 금융기관과 자구노력, 주요 재무비율 목표 등을 포함된 경영정상화이행약정서를 체결？공포하고 이를 분기별로 점검하도록 하며 미이행시 강도높은 제재조치를 부과할 수 있도록 하여 경영정상화이행약정서의 기속력을 높이도록 함(안 제16조)바. 공적자금의 회수를 위한 주식등 자산의 매각이 적시에 적정가격으로 이루어졌는지 점검하기 위하여 공적자금관리위원회에 매각심사소위원회를 둠(안 제17조)사. 파산절차에서 공적자금 회수의 효율성을 높이기 위하여 파산관재인으로 예금보험공사를 선임하도록 하며, 선임된 예금보험공사의 파산재산 매각시 별도의 동의나 허가를 배제함으로써 파산절차가 신속히 진행될 수 있도록 함(안 제18조)아. 공적자금관리위원회는 매년 9월까지 공적자금관리백서를 발간하여 그동안의 운영실적에 대하여 투명하게 밝히도록 함(안 제19조)자. 공적자금관리위원회는 국회에 분기별로 보고서를 제출하도록 하고 국회는 공적자금관리위원회 위원장의 출석을 요구할 수 있도록 함(안 제20조)차. 공적자금관리위원회의 공정하고 객관적인 업무수행을 위하여 공무원이 아닌 위원의 경우 형법 등 벌칙의 적용에 있어 공무원으로 의제함(안 제23조)']",재정경제위원회,"['정세균', '강운태', '김근태', '김기재', '김태식', '박병윤', '배기선', '신기남', '심규섭', '이미경', '이정일', '이해찬', '장영신', '정균환', '홍재형', '김영환', '김옥두', '김운용', '김원기', '김원길', '김윤식', '김충조', '김태홍', '김택기', '김홍일', '김화중', '김효석', '김희선', '남궁석', '문석호', '문희상', '박광태', '박병석', '박상규', '박상천', '박상희', '박용호', '박인상', '박종우', '박주선', '배기운', '서영훈', '설송웅', '설훈', '송석찬', '송영길', '송영진', '송훈석', '신계륜', '심재권', '안동선', '원유철', '유삼남', '유용태', '유재건', '유재규', '윤철상', '이강래', '이근진', '이낙연', '이상수', '이용삼', '이원성', '이윤수', '이인제', '이재정', '이종걸', '이창복', '이협', '이호웅', '이훈평', '이희규', '임종석', '임채정', '장성민', '장성원', '장영달', '장재식', '장정언', '장태완', '전갑길', '전용학', '정대철', '정동영', '정동채', '정범구', '정장선', '정철기', '조성준', '조순형', '조재환', '조한천', '천용택', '천정배', '최선영', '최영희', '최용규', '최재승', '추미애', '한명숙', '한화갑', '함승희', '허운나']"
160408,  정보격차해소에관한특별법안(김효석의원등 7인 외 111인),2000-11-25,의원,2000-12-15,수정가결,제16대 (2000~2004) 제215회,"['■ 제안이유정보화사회에서 정보의 활용은 경제적ㆍ사회적ㆍ문화적 생활에 필수불가결한 요소가 되고 있는 바, 정보를충분히 이용하는 자들과 지리적ㆍ경제적ㆍ신체적 또는 사회적 이유로 인하여 충분히 정보를 이용하지 못하는자들간 정보이용의 격차가 날로 확대되고 있음. 이에 따라 정보이용에 있어 취약한 지위에 있는 자들에게 정보를 이용할 수 있는 기회를 제공하고 정보이용의 환경을 조성하여 줌으로써 정보격차로 인하여 발생할 수 있는경제적ㆍ사회적 갈등을 방지하고 균형있는 국가발전을 기하고자 하는 것임.■ 주요골자1. 정부는 저소득자ㆍ농어촌지역 주민ㆍ장애인ㆍ노령자 등 지리적ㆍ경제적ㆍ신체적 또는 사회적 여건으로 인하여 정보를 충분히 이용하기 어려운 자가 자유로운 정보접근의 기회를 누리고 정보이용의 혜택을 향유할 수 있도록 필요한 시책을 강구하고 관련 기술의 개발에 필요한 시책을 강구하여야 하며 필요한 재원을 마련하도록 하고, 아울러 전기통신사업자도 언제 어디서나 적정한 요금으로 정보를 이용하게 하기 위하여 관련 전기통신역무를 제공하도록 노력하도록 함(안 제3조).2. 정부는 정보격차의 해소를 위하여 매5년마다 정보격차해소종합계획을 수립하도록 함(안 제4조).3. 관계중앙행정기관의 장은 종합계획에 따라 매년 정보격차해소시행계획을 수립ㆍ시행하도록 함(안 제5조).4. 정보격차의 해소에 관한 사항을 심의ㆍ조정하기 위하여 국무총리소속하에 정보격차해소위원회를 두도록 함(안 제6조).5. 국가 및 지방자치단체 또는 정부투자기관이 제공하는 정보통신서비스는 장애인 및 노령자가 용이하게 이용할 수 있도록 함(안 제7조).6. 국가 또는 지방자치단체로 하여금 정보격차 해소를 위하여 정보통신기기 및 소프트웨어를 개발·생산하는사업자 및 정보통신서비스를 제공하는 사업자에게 필요한 지원을 할 수 있도록 함(안 제8조).7. 국가 또는 지방자치단체로 하여금 장애인, 저소득자 등에게 유상 또는 무상으로 정보통신기기를 공급할 수있도록 함(안 제9조).8. 국가 또는 지방자치단체는 정보격차의 해소를 위하여 필요하다고 인정하는 때에는 정보화교육, 정보통신서비스의 제공 등의 업무를 행하는 정보이용시설을 설치·운영할 수 있도록 함(안 제10조).9. 국가 또는 지방자치단체로 하여금 정보격차의 해소를 위하여 필요한 정보화교육에 대한 시책을 강구하도록하고, 장애인, 저소득자 등에 대한 교육비용은 국가 또는 지방자치단체가 이를 부담하도록 함(안 제11조).10. 정보통신부장관은 정보격차를 해소하기 위하여 정보화촉진기본법 제33조 및 제34조의 규정에 의한 정보화촉진기금을 사용할 수 있도록 함(안 제12조).11. 정보통신부장관은 국가기관, 지방자치단체, 정부출연연구기관 기타 관계기관 또는 단체에 정보격차의 해소를 위하여 필요한 협조를 요청할 수 있도록 하고, 정보통신부장관의 협조를 요청받은 국가기관, 지방자치단체, 연구기관 기타 관계기관 또는 단체는 정보격차의 해소가 효율적으로 추진될 수 있도록 긴밀히 협조하도록 함(안 제15조).■ 위원회 수정사항□ 수정이유원안의 정보소외계층에는 여성이 제외되어 있으므로 여성을 포함하고, 전체적인 정보화정책과의 연계를 도모하기 위하여 정보화촉진기본법 제8조의 규정에 의하여 설치된 정보화추진위원회의 산하에 정보통신부장관을 위원장으로 하는 정보격차해소위원회를 설치하고, 장애인등 정보접근성을 향상시키기 위한 기술개발을 구체화하는 것임.□ 수정주요골자1. 용어의 정의 중 ""정보""에 대한 정의는 정보화촉진기본법의 규정을 윈용하게 하는 것이 법체계상 바람직하므로 이를 삭제하고 제2항을 신설하여 이법에서 사용되는 용어는 정보화촉진기본법을 따르도록 함(수정안 제2조).2. 안 제3조에서 규정된 개별적이고 구체적인 정부의 책무를 국가 및 지방자치단체의 포괄적인 시책강구의무로전환하여 정부의 구체적인 의무규정은 개별조항에서 규정함(수정안 제3조).3. 전체적인 정보화정책과의 연계를 도모하기 위하여 정보화촉진기본법 제8조의 규정에 의하여 설치된 정보화추진위원회의 산하에 정보통신부장관을 위원장으로 하는 정보격차해소위원회를 설치 함(수정안 제6조).4. 국가 및 지방자치단체 또는 기타공공기관은 장애인 등이 편리하게 정보통신서비스를 이용할 수 있도록 시책을 강구하도록 하고 , 장애인의 정보접근을 위한 접근성지침의 제정근거 마련(수정안 제7조).5. 정부는 정보접근과 이용편의를 위하여 정보접근시설을 지정 할 수 있도록 하고, 이에 대한 비용의 일부 또는 전부를 국가 또는 지방자치단체가 부담하도록 함(수정안 제10조 제2항 및 제3항).6. 정보격차해소를 위한 정보화교육의 대상으로 여성중 대통령으로 정하는 자를 추가하고, 노령자의 연령을55세에서 60세로 조정함(수정안 제11조).7. 범정부적인 정보격차해소를 위한 재원에 국비와 지방비 및 기금관리기본법의 기금으로서 정보격차해소사업과 관련된 기금으로 이를 지원할 수 있도록 함(수정안 제12조).']",과학기술정보통신위원회,"['김효석', '배기선', '신기남', '이미경', '이해찬', '정균환', '정세균', '김근태', '김기재', '김덕규', '김덕배', '김명섭', '김민석', '김방림', '김성순', '김성호', '김영배', '김영진', '김영환', '김옥두', '김운용', '김원기', '김원길', '김윤식', '김충조', '김태식', '김태홍', '김택기', '김홍일', '김화중', '김희선', '남궁석', '문석호', '문희상', '박광태', '박병석', '박병윤', '박상규', '박상천', '박상희', '박용호', '박인상', '박종우', '박주선', '배기운', '서영훈', '설송웅', '설훈', '송석찬', '송영길', '송영진', '송훈석', '신계륜', '심규섭', '심재권', '안동선', '원유철', '유삼남', '유용태', '유재건', '유재규', '윤철상', '이강래', '이근진', '이낙연', '이상수', '이용삼', '이원성', '이윤수', '이인제', '이재정', '이정일', '이종걸', '이창복', '이협', '이호웅', '이훈평', '이희규', '임종석', '임채정', '장성민', '장성원', '장영달', '장영신', '장재식', '장정언', '장태완', '전갑길', '전용학', '정대철', '정동영', '정동채', '정범구', '정장선', '정철기', '조성준', '조순형', '조재환', '조한천', '천용택', '천정배', '최선영', '최영희', '최용규', '최재승', '추미애', '한명숙', '한화갑', '함승희', '허운나', '홍재형']"
160407,  장기거주외국인에대한지방선거권등의부여에관한특례법안(배기선의원등 10인 외 108인),2000-11-25,의원,2002-02-28,대안반영폐기,제16대 (2000~2004) 제215회,"['■ 제안이유대한민국에 장기거주하는 외국인에게 지방선거권 및 이와 관련된 권리를 부여하여 지역주민으로서 당해 지역사회의 기초적인 정치의사형성과정에 참여할 수 있게 함으로써 21세기 열린세계의 시대적 조류에 부응하고, 외국인의 인권신장을 도모하여 민주주의의 보편성을 구현하려는 것임.■ 주요내용가. 이 법은 장기거주외국인에게 지방선거권을 부여하려는 것임(안 제1조)나. “장기거주외국인”이라 함은 거주자격(외국인의 체류자격중 일종)을 취득한 후 계속하여 5년 이상 대한민국에 거주하는 외국인을 말함(안 제2조).다. 20세 이상의 장기거주외국인으로서 선거인명부작성기준일에 외국인등록대장에 등록되어 있는 자(이하 “장기거주외국인선거권자”라 한다)는 지방선거권이 있음(안 제3조).라. 지방선거를 실시하는 때에는 그 때마다 시장？군수 및 구청장은 선거인명부작성기준일 현재로 외국인등록대장에 등록되어 있는 장기거주외국인선거권자를 투표구별로 조사하여 선거인명부를 작성하여 장기거주외국인선거권자가 거주하는 지역의 구청장(자치구의 구청장을 제외한다)？읍장？면장에게 해당 선거인명부의 등본을 즉시 송부하여야 함(안 제4조).바. 장기외국인선거권자는 지방선거에 있어서 공직선거및선거부정방지법의 규정에 의한 선거운동을 할 수 있음(안 제5조).사. 장기거주외국인선거권자는 지방선거에 있어서 일반 선거권자와 마찬가지로 후보자를 추천할 수 있음(안 제7조).아. 장기거주외국인선거권자는 지방선거에 있어 투표참관인？부재자투표참관인 및 개표참관인이 될 수 있음(안 제8조).자. 장기거주외국인에 대한 지방선거권 부여 등에 관하여는 이법에 규정된 것을 제외하고는 공직선거및선거부정방지법의 규정을 적용함(안 제9조).']",정치개혁특별위원회,"['배기선', '김영환', '유삼남', '유재건', '이미경', '이해찬', '정균환', '정대철', '조성준', '함승희', '김덕배', '김명섭', '김민석', '김방림', '김성순', '김성호', '김영배', '김영진', '김옥두', '김운용', '김원기', '김원길', '김윤식', '김충조', '김태식', '김태홍', '김택기', '김홍일', '김화중', '김효석', '김희선', '남궁석', '문석호', '문희상', '박광태', '박병석', '박병윤', '박상규', '박상천', '박상희', '박용호', '박인상', '박종우', '박주선', '배기운', '서영훈', '설송웅', '설훈', '송석찬', '송영길', '송영진', '송훈석', '신계륜', '신기남', '심규섭', '심재권', '안동선', '원유철', '유용태', '유재규', '윤철상', '이강래', '이근진', '이낙연', '이상수', '이용삼', '이원성', '이윤수', '이인제', '이재정', '이정일', '이종걸', '이창복', '이협', '이호웅', '이훈평', '이희규', '임종석', '임채정', '장성민', '장성원', '장영달', '장영신', '장재식', '장정언', '장태완', '전갑길', '전용학', '정동영', '정동채', '정범구', '정세균', '정장선', '정철기', '조순형', '조재환', '조한천', '천용택', '천정배', '최선영', '최영희', '최용규', '최재승', '추미애', '한명숙', '한화갑', '허운나', '홍재형']"
160406,  근로기준법중개정법률안(한명숙의원등 15인 외 103인),2000-11-25,의원,2001-07-18,대안반영폐기,제16대 (2000~2004) 제215회,"['■ 제안이유임신중이거나 산후 1년을 경과하지 않은 근로자의 야간 및 시간외의 근로의 요건을 강화하고 여성근로자의 시간외·야간·휴일근로 및 갱내근로의 제한을 합리적으로 조정하고, 산전후의 휴가일수를 늘리고 유급태아검진휴가 신설 등 임신 또는 출산에 따른 여성근로자의 모성보호를 강화하고자 하는 것임.■ 주요내용가. 임산부에게 야간 또는 휴일근로를 시키고자 할 때에는 사업장 의 근로자대표와 협의를 거치도록함(안제68조제2항).나. 사용자는 임신중의 여성에 대하여 월 1일의 유급태아검진휴가 를 부여하도록 함(안 제72조제1항).다. 현행 임신중의 여성근로자에 대한 60일의 산전후휴가를 90일로 늘리고 유산시의 경우에도 유급보호휴가를 부여하도록 함(안 제72 조제2항).']",환경노동위원회,"['한명숙', '김경천', '김방림', '김희선', '박인상', '신계륜', '유용태', '이미경', '이상수', '이종걸', '이해찬', '이호웅', '정균환', '최영희', '허운나', '김영진', '김영환', '김옥두', '김운용', '김원기', '김원길', '김윤식', '김충조', '김태식', '김태홍', '김택기', '김홍일', '김화중', '김효석', '남궁석', '문석호', '문희상', '박광태', '박병석', '박병윤', '박상규', '박상천', '박상희', '박용호', '박종우', '박주선', '배기선', '배기운', '서영훈', '설송웅', '설훈', '송석찬', '송영길', '송영진', '송훈석', '신기남', '심규섭', '심재권', '안동선', '원유철', '유삼남', '유재건', '유재규', '윤철상', '이강래', '이근진', '이낙연', '이용삼', '이원성', '이윤수', '이인제', '이재정', '이정일', '이창복', '이협', '이훈평', '이희규', '임종석', '임채정', '장성민', '장성원', '장영달', '장영신', '장재식', '장정언', '장태완', '전갑길', '전용학', '정대철', '정동영', '정동채', '정범구', '정세균', '정장선', '정철기', '조성준', '조순형', '조재환', '조한천', '천용택', '천정배', '최선영', '최용규', '최재승', '추미애', '한화갑', '함승희', '홍재형']"
160405,  勤勞者福祉基本法案(신기남의원등 9인 외 109인),2000-11-25,의원,2001-07-18,수정가결,제16대 (2000~2004) 제215회,"['■ 제안이유근로자복지와 관련하여 중소기업근로자복지진흥법과 근로자의생활향상과고용안정지원에관한법률 등 관련 법령을 통합·정비하여 [생산적 복지]의 관점에서 근로자복지정책과 사업을 종합적이고 체계적으로 추진함으로써중소·영세기업 및 저소득 근로자의 실질적인 삶의 질을 높이고자 함■ 주요골자1. 근로자를 위한 복지정책의 수립 및 복지사업의 수행에 필요한 사항을 규정함으로써 근로자의 삶의 질을 향상시키고 국민경제의 균형발전에 기여함을 법의 목적으로 함(안 제1조).2. 근로자복지에 관한 기본방향 및 주요정책 등을 심의하기 위하여 노동부에 노·사·공익위원 3자 동수로 구성된 중앙근로자복지정책위원회를 설치하고, 시·도별로 시·도근로자복지정책위원회를 둘 수 있도록 함(안제8조).3. 노동부장관은 근로자의 복지증진을 위하여 주거안정·생활안정·재산형성·우리사주제도·근로자복지시설의설치 및 운영·재원조성 등에 관한 기본계획을 중앙근로자복지정책위원회의 심의를 거쳐 5년마다 수립하여공표하도록 함(안 제9조).4. 근로자의 주거안정을 위하여 근로자주택공급제도 및 주택구입자금 등의 융자에 관한 사항을 규정하고, 취업및 근무지 변경 등으로 가족과 떨어져 생활하는 이동근로자에 대하여 필요한 지원을 할 수 있는 근거를 마련함(안 제13조 내지 제16조).5. 근로자의 자금수요가 큰 의료비, 혼례비, 장례비, 임금체불 근로자에 대한 생계비 등을 융자하고, 근로자및 그 자녀에 대한 학자금을 지원함으로써 근로자의 생활안정과 교육기회 확대에 기여하도록 함(안 제17조및 제18조).6. 근로복지공단과 금융기관간의 계약으로 담보능력이 미약한 저소득 근로자(산재근로자 및 실업자를 포함)에대한 신용보증을 지원하기 위하여 동 계약에 포함될 사항, 보증관계, 보증료, 보증채무의 이행 등을 규정함(안 제21조 내지 제26조).7. 우리사주제도의 목적, 우리사주조합의 설립 및 운영, 우리사주조합원에 대한 우선배정, 우리사주조합의 자사주 취득 및 배정 등과 관련하여 필요한 사항을 규정하고 시행근거를 명확히 함으로써 주권상장법인(우선배정에 대해서 증권거래법이 우선 적용) 및 주권비상장법인의 우리사주제도를 활성화하고자 함(안 제27조내지 제41조).8. 근로자의 여가 및 문화생활 지원을 위하여 근로자복지시설을 설치·운영하고, 부족한 공공복지시설을 보완하고자 민간복지시설 이용시 그 비용을 일부 지원할 수 있도록 함(안 제43조 내지 제46조).9. 노동부장관은 근로자복지에 필요한 경비를 확보하기 위하여 근로자복지진흥기금을 설치하고 정부의 출연금과 정부외의 자가 출연하는 현금·물품 기타 재산, 복권의 발행 등을 통해 기금을 조성할 수 있도록 함(안제47조 및 제48조).■ 위원회 수정사항□ 수정이유근로자를 우대하는 금융기관을 지정하는 것은 특정 금융기관에 대한 특혜문제가 발생할 수 있어 지정이라는 표현을 삭제하고, 기업의 우리사주조합에 대한 지원 및 노사협력 기능이 원활히 이루어질 수 있도록 사업주와 우리사주조합 각각을 대표하는 동수의 위원으로 구성하는 우리사주운영위원회를 둘 수 있도록 하였으며, 우리사주조합기금을 자사주 구입이외의 목적에 사용할 수 없도록 하고, 우리사주제도에 관한 분쟁예방 및 규정의 실효성을 담보하기 위해 과태료 규정을 신설하며, 우리사주제도의 차질없는 시행을 위하여 해당 조항에 대해서는시행일을 6개월 유보하는 한편, 기타 조문중 일부 법체계상 부적절한 조문의 서술방법을 정비하고 조문의 내용을 명확히 하기 위해 일부 표현을 수정하려는 것임.□ 수정주요골자1. 노동부장관이 근로자를 우대하는 금융기관을 지정하여 융자업무를 우선하여 취급할 수 있도록 하던 것을 지정이라는 표현을 삭제함(안 제11조제2항)2. 우리사주조합의 의결권 행사에 대하여 포괄적으로 규정하고 있는 것을 그 행사대상이 주주총회 의안임을 명확하게 하기 위하여 이를 명시적으로 규정함(안 제31조제1항)3. 우리사주조합의 운영에 대하여 사업주와 우리사주조합이 긴밀하게 협의할 수 있도록 각각을 대표하는 동수의 위원으로 구성하는 우리사주운영위원회를 둘 수 있도록 이를 신설함(안 제36조제2항)4. 우리사주조합이 안 제35조의 규정에 의하여 조성하는 우리사주조합기금의 설치 취지 및 안정적 관리를 위하여 예탁대상 기관을 제한하고 자사주 구입이외의 목적에 사용하지 못하도록 이를 신설함(안 제37조제3항)5. 근로자복지진흥기금내에서 구분계리하는 자금간에 전용은 신용보증 지원제도를 위한 사업비에 한하여 할 수있도록 일정한 제한을 규정함(안 제52조제3항)6. 우리사주제도에 관해서 분쟁예방 및 규정의 실효성 담보를 위하여 안 제30조, 제31조, 제33조제2항, 제37조제1항 및 제2항, 제39조의 규정에 위반한 자에 대한 과태료 부과를 규정함(안 제57조제2항)7. 우리사주제도의 차질없는 시행을 위하여 우리사주제도 관련 조항인 안 제27조 내지 제42조의 시행을 6개월유보하여 2002년 1월 1일부터 시행하도록 함(안 부칙 제1조 단서)']",환경노동위원회,"['신기남', '박인상', '신계륜', '유용태', '이상수', '이해찬', '이호웅', '정균환', '한명숙', '김덕규', '김덕배', '김명섭', '김민석', '김방림', '김성순', '김성호', '김영배', '김영진', '김영환', '김옥두', '김운용', '김원기', '김원길', '김윤식', '김충조', '김태식', '김태홍', '김택기', '김홍일', '김화중', '김효석', '김희선', '남궁석', '문석호', '문희상', '박광태', '박병석', '박병윤', '박상규', '박상천', '박상희', '박용호', '박종우', '박주선', '배기선', '배기운', '서영훈', '설송웅', '설훈', '송석찬', '송영길', '송영진', '송훈석', '심규섭', '심재권', '안동선', '원유철', '유삼남', '유재건', '유재규', '윤철상', '이강래', '이근진', '이낙연', '이미경', '이용삼', '이원성', '이윤수', '이인제', '이재정', '이정일', '이종걸', '이창복', '이협', '이훈평', '이희규', '임종석', '임채정', '장성민', '장성원', '장영달', '장영신', '장재식', '장정언', '장태완', '전갑길', '전용학', '정대철', '정동영', '정동채', '정범구', '정세균', '정장선', '정철기', '조성준', '조순형', '조재환', '조한천', '천용택', '천정배', '최선영', '최영희', '최용규', '최재승', '추미애', '한화갑', '함승희', '허운나', '홍재형']"
160404,  반부패기본법안(이종걸의원등 11인 외 107인),2000-11-25,의원,2001-04-30,대안반영폐기,제16대 (2000~2004) 제215회,"['■ 제안이유부패는 사회의 도덕성을 훼손할 뿐만 아니라 자원의 합리적 배분을 왜곡시켜 경제발전을 저해하며, 나아가서는 사회의 정의와 질서에 대한 냉소주의를 불러 일으켜 정치적 불신을 유발하고 민주주의와 시장경제 제도의 근간을 훼손시키는 체제의 근원적 해악임.그동안 부정부패의 척결을 위한 지속적인 노력에도 불구하고 우리사회 전반에 깊숙이 뿌리내린 부정부패의 관행과 의식이 아직 근본적으로 변화되지 않고 있음. 이는 그동안의 부패척결을 위한 노력이 부패의 근원을 차단하기 위하여 제도와 환경을 개선하기 보다는 적발？처벌 등 사후통제 위주로 운영되어 왔기 때문임.따라서 부패발생을 예방함과 동시에 부패행위를 효율적으로 규제할 수 있는 제도적 장치를 마련함으로써 국가사회의 도덕성과 공정성을 고양하고 국제사회에서의 신인도를 높이는 일이 매우 절실한 과제임.이에 부패방지기구의 설치, 부패행위 신고자의 보호 및 보상, 시민의 감시 및 참여기능 강화 등 부패문제에 종합적이고 체계적으로 대응할 수 있도록 반부패기본법을 제정하려는 것임.■ 주요내용가. 이 법은 부패의 발생을 예방함과 동시에 부패행위를 효율적으로 규제함으로써 청렴한 공직 및 사회풍토의 확립에 이바지함을 그 목적으로 함(안 제1조).나. 공공기관？정당？기업？국민？공직자의 부패척결을 위한 제도개선 노력 및 부패방지시책에의 협력의무를 규정함(안 제3조 내지 제7조).다.반부패특별위원회의 설치에 관한 사항을 규정함(안 제10조).라.부패방지를 위한 시책 및 제도개선 사항의 수립？권고, 부패방지시책의 추진상황에 대한 실태조사？평가 등 반부패특별위원회의 기능에 관한 사항을 규정함(안 제11조).마.반부패특별위원회의 사무처리를 위한 사무처의 설치에 관한 사항을 규정함(안 제19조).바.누구든지 부패행위를 알게 된 때에는 반부패특별위원회에 신고할 수 있도록 함(안 제25조).사. 부패행위의 신고의 방법 및 처리 등에 관한 사항을 규정함(안 제28조 내지 제30조).아.부패행위를 신고한 자의 신분의 보장 및 신변의 보호에 관한 사항을 규정함(안 제31조 및 제32조).자.신고로 인하여 직접적인 공공기관 수입의 회복 또는 증대를 가져온 경우 위원회에 보상금의 지급을 신청할 수 있도록 함(안 제36조).차.국민감사청구에 관한 사항을 규정함(안 제40조 내지 제44조).카.비위면직자의 취업제한에 관한 사항을 규정함(안 제45조).']",법제사법위원회,"['이종걸', '김영환', '배기선', '유삼남', '유재건', '이미경', '이해찬', '정균환', '정대철', '조성준', '함승희', '김명섭', '김민석', '김방림', '김성순', '김성호', '김영배', '김영진', '김옥두', '김운용', '김원기', '김원길', '김윤식', '김충조', '김태식', '김태홍', '김택기', '김홍일', '김화중', '김효석', '김희선', '남궁석', '문석호', '문희상', '박광태', '박병석', '박병윤', '박상규', '박상천', '박상희', '박용호', '박인상', '박종우', '박주선', '배기운', '서영훈', '설송웅', '설훈', '송석찬', '송영길', '송영진', '송훈석', '신계륜', '신기남', '심규섭', '심재권', '안동선', '원유철', '유용태', '유재규', '윤철상', '이강래', '이근진', '이낙연', '이상수', '이용삼', '이원성', '이윤수', '이인제', '이재정', '이정일', '이창복', '이협', '이호웅', '이훈평', '이희규', '임종석', '임채정', '장성민', '장성원', '장영달', '장영신', '장재식', '장정언', '장태완', '전갑길', '전용학', '정동영', '정동채', '정범구', '정세균', '정장선', '정철기', '조순형', '조재환', '조한천', '천용택', '천정배', '최선영', '최영희', '최용규', '최재승', '추미애', '한명숙', '한화갑', '허운나', '홍재형']"
160403,  남녀고용평등법개정법률안(한명숙의원등 15인 외 103인),2000-11-25,의원,2001-07-18,대안반영폐기,제16대 (2000~2004) 제215회,"['■ 제안이유직장과 가정생활의 양립을 지원할 수 있는 육아휴직 강화 및 가족간호휴직제도를 신설하고 이와 관련된 규정을 정비하며, 직장내 성차별 및 성희롱을 해소하기 위해 성희롱 예방교육 및 구제절차를 강화하며, 남녀고용평등에 관한 분쟁의 예방과 조정을 위해 고용평등상담실의 설치·운영 및 명예고용평등감독관 제도를 도입하는 등 실질적인 모성보호 및 남녀고용평등을 구현하고자 제반 제도를 개선·보완하려는 것임.■ 주요내용가. 목적에서 직장과 가정생활의 양립 실현을 강조하여 규정함(안 제1조).나. 사업주가 채용 또는 근로의 조건은 동일하게 적용하더라도 그 조건을 충족시킬 수 있는 남성 또는 여성이 다른 한 성에 비하여 현저히 적고 그로 인하여 특정 성에게 불리한 결과를 초래하며 그 기준이 정당한 것임을 입증할 수 없는 경우도 차별로 보도록 함(안 제2조제1항).다. 근로자를 사용하는 모든 사업 또는 사업장으로 이 법의 적용범위를 확대함(안 제3조).라. 노동부장관의 남녀고용평등의 실현을 위한 시책강구 및 관계행정기관 의 협조를 규정함(안 제5조).마. 직장내 성희롱 금지 규정을 마련하고 사업주가 행위자인 경우 처벌규정을 신설하며, 성희롱 예방교육을 강화하며 노동부장관이 지정하는 기관에 위탁하여 실시할 수 있는 근거 규정을 마련함(안 제12조 및 제13조).바. 사업주는 직장내 성희롱 발생이 확인되면 행위자에 대하여 징계, 기타 이에 준하는 조치를 취하도록 함(안 제14조).사. 노동부장관은 여성의 노동시장 참여를 촉진하기 위하여 고용촉진사업을 실시할 수 있도록 함(안 제17조).아. 국가는 사업주가 근로자에게 산전·후휴가를 부여한 경우 최초60일을 초과하는 30일에 대하여 그 기간의 통상임금에 상당하는 금액을 근로자에게 지급하도록 함(안 제18조).자. 가족간호휴직제도를 신설하고, 국가는 육아휴직 및 가족간호휴직에 대한 사업주의 비용 및 근로자의 생계비용의 일부를 예산의 범위에서 지원할 수 있도록 함(안 제20조 및 제21조).차. 노동부장관은 근로자를 위하여 보육시설을 설치·운영하거나 직장보육시설의 설치·운영에 필요한 사업을 할 수 있도록 함(안 제22조제3항 내지 제5항).카. 남녀고용평등 실현을 위한 상담 및 지원을 위하여 고용평등상담원을 배치하고 고용평등상담실을 설치·운영하며, 명예고용평등감독관 제도를 신설함(안 제24조 및 제25조).타. 남녀고용평등에 관한 분쟁이 발생한 경우에 분쟁당사자가 고용평등위원회에 조정을 신청할 수 있도록 함(안 제27조).파. 파견근로에도 이 법이 적용될 수 있도록 하고, 성희롱예방교육에 대한 파견사업주와 사용사업주의 의무를 분담하여 부과함(안 제35조).']",환경노동위원회,"['한명숙', '김경천', '김방림', '김희선', '박인상', '신계륜', '유용태', '이미경', '이상수', '이종걸', '이해찬', '이호웅', '정균환', '최영희', '허운나', '김영진', '김영환', '김옥두', '김운용', '김원기', '김원길', '김윤식', '김충조', '김태식', '김태홍', '김택기', '김홍일', '김화중', '김효석', '남궁석', '문석호', '문희상', '박광태', '박병석', '박병윤', '박상규', '박상천', '박상희', '박용호', '박종우', '박주선', '배기선', '배기운', '서영훈', '설송웅', '설훈', '송석찬', '송영길', '송영진', '송훈석', '신기남', '심규섭', '심재권', '안동선', '원유철', '유삼남', '유재건', '유재규', '윤철상', '이강래', '이근진', '이낙연', '이용삼', '이원성', '이윤수', '이인제', '이재정', '이정일', '이창복', '이협', '이훈평', '이희규', '임종석', '임채정', '장성민', '장성원', '장영달', '장영신', '장재식', '장정언', '장태완', '전갑길', '전용학', '정대철', '정동영', '정동채', '정범구', '정세균', '정장선', '정철기', '조성준', '조순형', '조재환', '조한천', '천용택', '천정배', '최선영', '최용규', '최재승', '추미애', '한화갑', '함승희', '홍재형']"
160402,  고용보험법중개정법률안(한명숙의원등 15인 외 103인),2000-11-25,의원,2001-07-18,대안반영폐기,제16대 (2000~2004) 제215회,"['■ 제안이유 및 주요내용남녀고용평등법의 규정에 의한 출산휴가급여를 고용보험에서 지급할 수 있게 하고, 근로자가 육아휴직을 사용한 경우 그 휴직기간 동안 소득보전을 위하여 육아휴직급여를 고용보험에서 지급할 수 있도록 하여 근로자의 복지증진을 도모하려는 것임.']",환경노동위원회,"['한명숙', '김경천', '김방림', '김희선', '박인상', '신계륜', '유용태', '이미경', '이상수', '이종걸', '이해찬', '이호웅', '정균환', '최영희', '허운나', '김영진', '김영환', '김옥두', '김운용', '김원기', '김원길', '김윤식', '김충조', '김태식', '김태홍', '김택기', '김홍일', '김화중', '김효석', '남궁석', '문석호', '문희상', '박광태', '박병석', '박병윤', '박상규', '박상천', '박상희', '박용호', '박종우', '박주선', '배기선', '배기운', '서영훈', '설송웅', '설훈', '송석찬', '송영길', '송영진', '송훈석', '신기남', '심규섭', '심재권', '안동선', '원유철', '유삼남', '유재건', '유재규', '윤철상', '이강래', '이근진', '이낙연', '이용삼', '이원성', '이윤수', '이인제', '이재정', '이정일', '이창복', '이협', '이훈평', '이희규', '임종석', '임채정', '장성민', '장성원', '장영달', '장영신', '장재식', '장정언', '장태완', '전갑길', '전용학', '정대철', '정동영', '정동채', '정범구', '정세균', '정장선', '정철기', '조성준', '조순형', '조재환', '조한천', '천용택', '천정배', '최선영', '최용규', '최재승', '추미애', '한화갑', '함승희', '홍재형']"
160401,  수질환경보전법중개정법률안(박병윤의원등 31인),2000-11-24,의원,2002-11-07,대안반영폐기,제16대 (2000~2004) 제215회,"['■ 제안이유현행 국가 및 지방산업단지내 환경오염배출사업장에 대한 지도ㆍ점검의 권한이 환경부(지방환경관리청)로 되어 있으나, 인근 지역주민이 공단내에서의 공해배출로 인하여 주거환경에 대한 고통을 호소하는 민원의 60% 이상이 해당 자치단체에 제기되고 있음.관할 지방자치단체에서는 공단내 오염물질배출사업장의 지도ㆍ점검의 권한이 없는 관계로, 민원발생에 따른 오염물질 유발업체에 대한 현지확인 시 출입을 거부당하고 있어 민원을 직접 처리할 수가 없고, 신속한 조치가 안됨으로써 지역주민들이 정부 및 지방행정에 대한 불만을 제기할 뿐만 아니라 단속업무의 효율성이 떨어지고 있음.아울러 공단이 소재하고 있는 지방자치단체에서는 관할지역의 환경오염 저감을 위하여 종합대책 수립 시 공단 입주업체에 대한 관리 감독권이 없어 이 지역에 대한 실태나 문제점 등을 상세히 파악하기가 어려워 효율적인 종합대책 수립이 어려운 상태임.따라서 지역주민의 조속한 민원해결은 물론 효율적인 환경보전종합대책의 수립을 위해 지방자치단체에서도 공단내 오염물질배출사업장에 대하여 지도？점검을 할 수 있도록 보고 및 검사등의 권한을 중앙정부와 지자체가 공유하게 함으로써 지역주민의 쾌적한 생활환경을 조성하기 위한 것임.■ 주요내용지역적인 수질오염의 관리를 위하여 민원이 제기되는 등 특히 필요하다고 인정되는 경우 산업입지및개발에관한법률 제6조 및 제7조의 규정에 의하여 지정된 국가산업단지 및 지방산업단지안의 사업자에 대한 보고 및 검사도 환경부장관, 시？도지사 또는 시장？군수ㆍ구청장도 이를 행할 수 있도록 함.(안 제49조제1항)']",환경노동위원회,"['박병윤', '강성구', '강운태', '곽치영', '김덕배', '김만제', '김부겸', '김성순', '김영환', '김운용', '김윤식', '김충조', '김택기', '남궁석', '문희상', '박혁규', '배기운', '심재철', '윤철상', '이병석', '이주영', '이희규', '임태희', '장영신', '전재희', '정범구', '정장선', '조성준', '천정배', '허운나', '홍재형']"
160400,  대기환경보전법중개정법률안(박병윤의원등 31인),2000-11-24,의원,2002-11-07,대안반영폐기,제16대 (2000~2004) 제215회,"['■ 제안이유현행 국가 및 지방산업단지내 환경오염배출사업장에 대한 지도ㆍ점검의 권한이 환경부(지방환경관리청)로 되어있으나, 인근 지역주민이 공단내에서의 공해배출로 인하여 주거환경에 대한 고통을 호소하는 민원의 60% 이상이 해당 자치단체에 제기되고 있음.관할 지방자치단체에서는 공단내 오염물질배출사업장의 지도ㆍ 점검의 권한이 없는 관계로, 민원발생에 따른오염물질 유발업체에 대한 현지확인시 출입을 거부당하고 있어 민원을 직접 처리할 수가 없고, 신속한 조치가안됨으로써 지역주민들이 정부 및 지방행정에 대한 불만을 제기할 뿐만 아니라 단속업무의 효율성이 떨어지고있음.아울러 공단이 소재하고 있는 지방자치단체에서는 관할지역의 환경오염 저감을 위하여 종합대책 수립시 공단입주업체에 대한 관리 감독권이 없어 이 지역에 대한 실태나 문제점 등을 상세히 파악하기가 어려워 효율적인종합대책 수립이 어려운 상태임.따라서 지역주민의 조속한 민원해결은 물론 효율적인 환경보전종합대책의 수립을 위해 지방자치단체에서도 공단내 오염물질배출사업장에 대하여 지도 점검을 할 수 있도록 보고 및 검사등의 권한을 중앙정부와 지자체가공유하게 함으로써 지역주민의 쾌적한 생활환경을 조성하기 위한 것임.■ 주요골자지역적인 대기오염의 관리를 위하여 민원이 제기되는 등 특히 필요하다고 인정되는 경우 산업입지및개발에관한법률 제6조 및 제7조의 규정에 의하여 지정된 국가산업단지 및 지방산업단지안의 사업자에 대한 보고 및 검사도 환경부장관, 시 도지사 또는 시장 군수ㆍ구청장도 이를 행할 수 있도록 함(안 제49조제1항).']",환경노동위원회,"['박병윤', '강성구', '강운태', '곽치영', '김덕배', '김만제', '김부겸', '김성순', '김영환', '김운용', '김윤식', '김충조', '김택기', '남궁석', '문희상', '박혁규', '배기운', '심재철', '윤철상', '이병석', '이주영', '이희규', '임태희', '장영신', '전재희', '정범구', '정장선', '조성준', '천정배', '허운나', '홍재형']"
160399,  중소기업의구조개선및경영안정지원을위한특별조치법중개정법률안(김문수의원등 95인),2000-11-24,의원,2001-12-20,대안반영폐기,제16대 (2000~2004) 제215회,"['■ 제안이유유통업의 대외개방 및 대기업의 유통업 진출에 따라 재래시장의 경쟁력이 계속 약화되고 있는 현실에서 정부가재개발.재건축을 통한 활로를 모색하고 있으나 사업이 지지부진하므로 실질적으로 가능한 시장의 구조개선사업을 지원하고자 하는 것임.■ 주요골자시장의 현대화를 촉진하기 위하여 국가 또는 지방자치단체가 소방시설, 주차장, 화장실 등의 공공시설을 설치·운영할 수 있도록 함(안 제6조의2 신설).']",산업자원위원회,"['김문수', '강신성일', '강인섭', '강재섭', '권오을', '권철현', '권태망', '김광원', '김기배', '김덕룡', '김락기', '김부겸', '김성조', '김영춘', '김용갑', '김용균', '김용학', '김원웅', '김일윤', '김종하', '김학송', '김형오', '김호일', '김홍신', '남경필', '도종이', '맹형규', '민봉기', '박명환', '박세환', '박승국', '박원홍', '박종근', '박종우', '박종희', '박창달', '박헌기', '박혁규', '백승홍', '서상섭', '서청원', '손태인', '손학규', '손희정', '송영길', '신경식', '신영국', '신영균', '신현태', '심규철', '심재철', '안경률', '안상수', '안영근', '안택수', '오세훈', '원희룡', '유성근', '유용태', '유흥수', '윤경식', '윤두환', '윤여준', '윤영탁', '이강두', '이규택', '이방호', '이상득', '이상희', '이성헌', '이완구', '이원창', '이원형', '이윤성', '이인기', '이재오', '이주영', '이한구', '임태희', '전재희', '정문화', '정의화', '정인봉', '정진석', '조성준', '조웅규', '조정무', '조희욱', '최돈웅', '최연희', '허태열', '현승일', '홍사덕', '황승민', '황우여']"
160398,  지방세법중개정법률안(박종희의원등 39인),2000-11-24,의원,2004-05-29,임기만료폐기,제16대 (2000~2004) 제215회,['■ 제안이유재산세 건축물분의 과세표준을 현실화하고 재산세 산출과정을 단순화하여 주민들의 편의를 도모하기 위한 것임.■ 주요골자1. 건축물(주택)의 재산세 산출과정을 단순화하고 주택에 대한 시가표준액은 실거래 가격을 기초로 하여 납세의무자의 자율신고제로 전환하고 신고하지 않거나 불합리한 가액은 조례가 정한 시가표준액을 적용할 수 있도록 함(안 제187조제2항).2. 주택 이외의 건축물 과세대상은 현행대로 하되 취득세 관련조항(동법제111조제2항제2호)을 인용하던 것을재산세 관련 조항에 별도로 신설함(안 제172조제3항).3. 과세표준액과 세율을 실거래가액에 맞도록 조정함(안 제188조제1항제2호⑴의 표).4. 시행일을 2001. 7. 1부터 하여 준비기간을 충분히 부여함(부칙).'],행정자치위원회,"['박종희', '권오을', '권태망', '김덕배', '김문수', '김부겸', '김성조', '남경필', '민봉기', '박혁규', '서상섭', '송광호', '송석찬', '신현태', '안상수', '엄호성', '원유철', '원희룡', '유성근', '유재규', '윤경식', '윤두환', '이강래', '이병석', '이상배', '이원창', '이윤성', '이인기', '이재선', '임인배', '임태희', '정문화', '정병국', '정인봉', '정진석', '조정무', '최병국', '하순봉', '홍사덕']"
160397,  한국보훈복지공단법중개정법률안(김원길의원등 24인),2000-11-24,의원,2000-12-15,대안반영폐기,제16대 (2000~2004) 제215회,"['■ 제안이유한국보훈복지공단의 목적사업인 국가유공자 가료 및 복지사업 운영의 원활을 기하기 위하여 이에 소요되는 비용 조달을 목적으로 복권발매사업이 필요하며, 동사업을 위하여 사행행위등규제및처벌특례법에 저촉되지 않도록 한국보훈복지공단법에 그 근거를 마련하려는 것임.■ 주요내용가. 공단이 국가유공자등의 복지증진자금의 조성을 위하여 복권의 발행근거, 당첨금 소멸시효기간 등을 신설함(안 제6조의2).나. 공단이 복권판매수익금으로 사용할 수 있는 용도를 규정하여 타용도로 사용할 수 없도록 함(안 제6조의3).']",정무위원회,"['김원길', '강현욱', '김경재', '김근태', '김덕배', '김민석', '김부겸', '김영배', '남궁석', '박상희', '박주선', '송석찬', '심규섭', '이창복', '이훈평', '임채정', '장성원', '장정언', '장태완', '정동채', '정세균', '조성준', '추미애', '한화갑']"
160396,  학교보건법중개정법률안(황우여의원등 10인 외 123인),2000-11-24,의원,2004-05-29,임기만료폐기,제16대 (2000~2004) 제215회,"['■ 제안이유학교보건법(제5조)은 학교의 보건·위생 및 학습환경을 보호하기 위하여 학교환경위생정화구역을 설정하여 그구역 안에서 일정행위나 시설을 금지하고 있으며, 이 구역은 학교보건법(제6조제1항) 및 동법 시행령(제3조)에의하여 학교 출입문으로부터 직선거리 50미터까지는 ""절대정화구역""으로, 학교 경계선으로부터 직선거리 200미터까지는 ""상대정화구역""으로 구분되고 있음. 그런데 절대정화구역 안에서는 호텔, 여관, 여인숙 등 학습에 영향을 주는 유해행위나 시설은 절대적으로 금지되나, 상대정화구역 안에서는 학교환경위생정화위원회의 심의를거쳐 학교환경을 해치지 않는다고 인정되는 경우에는 예외적으로 호텔 등의 건축이 가능하도록 하고 있음.이와 같은 예외의 방만한 인정으로 말미암아 러브호텔과 같은 유해시설이 학교주변이나 주택가 밀집지역 바로옆에 난립하고 있어 국민적 비판 여론이 비등하고 있음. 따라서 학교환경위생정화위원회의 심의를 거쳐 허가할수 있는 예외대상을 대폭 축소·조정하고자 하는 것임.■ 주요골자상대정화구역 안에서 학교환경위생정화위원회의 심의를 거쳐 학습과 학교보건위생에 나쁜 영향을 주지 않는다고 인정하는 행위 및 시설 중 유흥업소, 호텔·여관·여인숙, 사행행위장 및 경마장을 삭제, 이들 행위 및 시설에 대하여는 상대정화구역 안에서도 절대적으로 금지하도록 함(안 제6조제1항).']",교육위원회,"['황우여', '권철현', '김기춘', '김정숙', '박창달', '이규택', '이부영', '이재오', '조정무', '현승일', '김기배', '김덕룡', '김동욱', '김락기', '김만제', '김무성', '김문수', '김부겸', '김성조', '김영구', '김영일', '김영춘', '김용갑', '김용균', '김용학', '김원웅', '김일윤', '김종하', '김진재', '김찬우', '김태호', '김학송', '김형오', '김호일', '김홍신', '나오연', '남경필', '도종이', '맹형규', '목요상', '민봉기', '박관용', '박근혜', '박명환', '박세환', '박승국', '박시균', '박원홍', '박재욱', '박종근', '박종웅', '박종희', '박주천', '박헌기', '박혁규', '박희태', '백승홍', '서상섭', '서정화', '서청원', '손태인', '손학규', '손희정', '신경식', '신영국', '신영균', '신현태', '심규철', '심재철', '안경률', '안상수', '안영근', '안택수', '엄호성', '오세훈', '원희룡', '유성근', '유흥수', '윤경식', '윤두환', '윤여준', '윤영탁', '윤한도', '이강두', '이방호', '이병석', '이상득', '이상배', '이상희', '이성헌', '이연숙', '이원창', '이원형', '이윤성', '이인기', '이재창', '이주영', '이한구', '이해봉', '이회창', '임인배', '임진출', '임태희', '전용원', '전재희', '정문화', '정병국', '정의화', '정인봉', '정재문', '정창화', '정형근', '조웅규', '주진우', '최돈웅', '최병국', '최병렬', '최연희', '하순봉', '허태열', '현경대', '홍사덕', '황승민']"
160395,  형사소송법중개정법률안(안상수의원 외 132인),2000-11-23,의원,2004-05-29,임기만료폐기,제16대 (2000~2004) 제215회,"['■ 제안이유국민의 인권보호는 국가의 가장 중요한 의무이나 공권력 기관에 의한 인권침해가 근절되지 않는 상황에서 보다국민의 인권보호를 철저히 하기 위하여 변호인만이 가지던 서류, 증거물의 열람, 등사권을 피의자 등에게도 인정하며, 피의자 신문시 변호인의 참여권을 보장하고, 재정신청대상의 범위를 모든 고소·고발사건에까지 확대하고자 함. 또한 필요적 변호의 범위를 확대하며, 검사 등에게도 제척·기피·회피제도를 두고자 함.■ 주요골자1. 변호인·피고인은 공소제기후 수사기록과 증거를 보관하고 있는 검찰 또는 법원에 그 열람과 등사를 청구할수 있도록 하고, 공소제기를 하지 않기로 결정 된 후 항고했거나 재정신청을 한 고발인·고소인과 그 대리인도 같은 청구를 할 수 있도록 함(안 제35조).2. 검사 또는 사법경찰관리가 피의자를 신문할 때 피의자나 변호인의 요구가 있는 경우 변호인을 참여시키도록함(안 제243조의2).3. 재정신청 인정범위를 확대하여 종전 형법 제123조 내지 제125조의 죄에 대하여만 인정하던 것을 모든 고소·고발 사건에 까지 확대하도록 함(안 제260조).4. 검사나 검찰청법 제45조에서 정한 검찰청직원 등에게도 법관 및 법원직원과 마찬가지로 제척·기피·회피제도를 두도록 함(안 제265조의2).5. 필요적변호의 범위를 확대하여 사형, 무기 또는 단기 1년 이상의 징역이나 금고로 하도록 함(안 제282조).']",법제사법위원회,"['안상수', '강신성일', '강인섭', '강재섭', '강창성', '고흥길', '권기술', '권오을', '권철현', '권태망', '김광원', '김기배', '김기춘', '김덕룡', '김동욱', '김락기', '김만제', '김무성', '김문수', '김부겸', '김성조', '김영구', '김영일', '김영춘', '김용갑', '김용균', '김용학', '김원웅', '김일윤', '김정숙', '김종하', '김진재', '김찬우', '김태호', '김학송', '김형오', '김호일', '김홍신', '나오연', '남경필', '도종이', '맹형규', '목요상', '민봉기', '박관용', '박근혜', '박명환', '박세환', '박승국', '박시균', '박원홍', '박재욱', '박종근', '박종웅', '박종희', '박주천', '박창달', '박헌기', '박혁규', '박희태', '백승홍', '서상섭', '서정화', '서청원', '손태인', '손학규', '손희정', '신경식', '신영국', '신영균', '신현태', '심규철', '심재철', '안경률', '안영근', '안택수', '엄호성', '오세훈', '원희룡', '유성근', '유흥수', '윤경식', '윤두환', '윤여준', '윤영탁', '윤한도', '이강두', '이규택', '이방호', '이병석', '이부영', '이상득', '이상배', '이상희', '이성헌', '이연숙', '이원창', '이원형', '이윤성', '이인기', '이재오', '이재창', '이주영', '이한구', '이해봉', '이회창', '임인배', '임진출', '임태희', '전용원', '전재희', '정문화', '정병국', '정의화', '정인봉', '정재문', '정창화', '정형근', '조웅규', '조정무', '주진우', '최돈웅', '최병국', '최병렬', '최연희', '하순봉', '허태열', '현경대', '현승일', '홍사덕', '황승민', '황우여']"
160394,  건축법중개정법률안(이부영의원등 20인 외 113인),2000-11-23,의원,2000-12-15,대안반영폐기,제16대 (2000~2004) 제215회,['■ 제안이유생활환경유해요인으로부터 국민의 주거환경 및 교육환경을 철저히 보호할 수 있도록 하기 위하여 위락시설 및 숙박시설 등의 무분별한 건축을 제한하려는 것임.■ 주요내용가. 허가권자는 위락시설 또는 숙박시설에 해당하는 건축물의 건축을 허가하고자 하는 경우 당해 건축물의 건축이 주거환경 또는 교육환경 등 주변환경에 비추어 부적합하다고 인정하는 경우에는 건축위원회의 심의를 거쳐 건축허가를 하지 아니할 수 있도록 함(안 제8조제5항 신설).나. 시？도지사는 주거환경 또는 교육환경 등 주변환경의 보호상 특히 필요하다고 인정하는 경우 시장？군수？구청장의 건축허가를 제한할 수 있도록 함(안 제12조제2항).'],건설교통위원회,"['이부영', '권기술', '김부겸', '도종이', '백승홍', '신경식', '신현태', '안경률', '안상수', '안영근', '원희룡', '유성근', '윤경식', '윤한도', '이병석', '이성헌', '이윤성', '이재창', '이해봉', '임인배', '김영일', '김영춘', '김용갑', '김용균', '김용학', '김원웅', '김일윤', '김정숙', '김종하', '김진재', '김찬우', '김태호', '김학송', '김형오', '김호일', '김홍신', '나오연', '남경필', '맹형규', '목요상', '민봉기', '박관용', '박근혜', '박명환', '박세환', '박승국', '박시균', '박원홍', '박재욱', '박종근', '박종웅', '박종희', '박주천', '박창달', '박헌기', '박혁규', '박희태', '서상섭', '서정화', '서청원', '손태인', '손학규', '손희정', '신영국', '신영균', '심규철', '심재철', '안택수', '엄호성', '오세훈', '유흥수', '윤두환', '윤여준', '윤영탁', '이강두', '이규택', '이방호', '이상득', '이상배', '이상희', '이연숙', '이원창', '이원형', '이인기', '이재오', '이주영', '이한구', '이회창', '임진출', '임태희', '전용원', '전재희', '정문화', '정병국', '정의화', '정인봉', '정재문', '정창화', '정형근', '조웅규', '조정무', '주진우', '최돈웅', '최병국', '최병렬', '최연희', '하순봉', '허태열', '현경대', '현승일', '홍사덕', '황승민', '황우여']"
160393,  병역법중개정법률안(박세환의원 외 132인),2000-11-23,의원,2004-05-29,임기만료폐기,제16대 (2000~2004) 제215회,"['■ 제안이유 및 주요골자육군 및 해군의 해병은 2년, 해·공군은 2년 6월로 규정한 현역 복무기간을 1년까지 연장할 수 있는 국방부장관의 복무기간 조정 권한중 군부대 증편, 창설 등 국방상 필요한 경우는 삭제하여 전시·사변 또는 이에 준하는 사태 등 국방상 필요한 경우로만 한정함으로써 국방부장관에게 과도하게 주어져 있는 현역 복무기간 연장의재량권을 축소하여 국민의 과중한 병역부담을 경감하려는 것임.']",국방위원회,"['박세환', '강신성일', '강인섭', '강재섭', '강창성', '고흥길', '권기술', '권오을', '권철현', '권태망', '김광원', '김기배', '김기춘', '김덕룡', '김동욱', '김락기', '김만제', '김무성', '김문수', '김부겸', '김성조', '김영구', '김영일', '김영춘', '김용갑', '김용균', '김용학', '김원웅', '김일윤', '김정숙', '김종하', '김진재', '김찬우', '김태호', '김학송', '김형오', '김호일', '김홍신', '나오연', '남경필', '도종이', '맹형규', '목요상', '민봉기', '박관용', '박근혜', '박명환', '박승국', '박시균', '박원홍', '박재욱', '박종근', '박종웅', '박종희', '박주천', '박창달', '박헌기', '박혁규', '박희태', '백승홍', '서상섭', '서정화', '서청원', '손태인', '손학규', '손희정', '신경식', '신영국', '신영균', '신현태', '심규철', '심재철', '안경률', '안상수', '안영근', '안택수', '엄호성', '오세훈', '원희룡', '유성근', '유흥수', '윤경식', '윤두환', '윤여준', '윤영탁', '윤한도', '이강두', '이규택', '이방호', '이병석', '이부영', '이상득', '이상배', '이상희', '이성헌', '이연숙', '이원창', '이원형', '이윤성', '이인기', '이재오', '이재창', '이주영', '이한구', '이해봉', '이회창', '임인배', '임진출', '임태희', '전용원', '전재희', '정문화', '정병국', '정의화', '정인봉', '정재문', '정창화', '정형근', '조웅규', '조정무', '주진우', '최돈웅', '최병국', '최병렬', '최연희', '하순봉', '허태열', '현경대', '현승일', '홍사덕', '황승민', '황우여']"
160392,  검찰청법중개정법률안(안상수의원 외 132인),2000-11-23,의원,2003-12-30,대안반영폐기,제16대 (2000~2004) 제215회,"['■ 제안이유검찰의 중립성과 독립성을 강화하고, 수사의 공정성을 확보하는 것은 국민의 염원이자 법치주의 정착을 위한시대적 요구이므로 검찰의 경직된 상명하복관계를 완화하고, 검사동일체의 원칙에 제한을 가하며, 검찰인사제도의 투명성과 독립성 확보를 위하여 검찰총장의 임명과 검찰인사에 외부인이 참여한 검찰인사위원회가 관여하도록 하고, 평검사회의의 제도화를 통해 하의상달의 원만한 통로를 마련하고자 함.또한 검찰총장은 퇴직일부터 2년 이내에 법무부장관에 임명될 수 없도록 함으로써 검찰총장이 재임중에 소신을갖고 본연의 직무에 충실하고, 아울러 검사는 퇴직후 1년 이내에 대통령비서실이나 국가정보원에 근무할 수 없으며, 대통령비서실이나 국가정보원에 근무한 자는 퇴직후 1년 이내에 검사로 근무할 수 없게 함으로써 검찰의중립성과 독립성을 확보하고자 함.■ 주요골자1. 검사가 검찰사무에 관하여 상사의 명령에 복종하도록 한 것을 삭제함(안 제7조제1항).2. 검찰총장과 각급검찰청의 검사장 및 지청장은 소속검사의 직무를 자신이 처리하지 못하도록 함(안 제7조제3항).3. 검찰총장의 임명은 검찰인사위원회의 추천으로 대통령이 행하고, 검찰총장외의 검사의 임명 및 보직은 검찰총장이 검찰인사위원회의 심의를 거쳐 행하도록 함(안 제34조).4. 각급검찰청 및 지청에 제6조의 규정에 의한 검사중 검찰총장·고등검사장·검사장을 제외한 검사로 구성되는 검사회의를 두고, 당해 검찰청의 업무·운영 기타 개선방향에 관하여 협의하여 이를 당해 검찰청의 장에게 건의할 수 있도록 함(안 제7조의2).5. 검찰인사위원회는 위원장 1인을 포함하여 9인의 위원으로 구성하고, 위원장은 위원중에서 호선하도록 하되,검찰인사위원회의 위원은 대한변호사협회가 추천한 변호사 3인, 검사의 직에 10년 이상 재직하고 있는 자 3인, 대학에서 10년 이상 전임강사 이상의 법률학 교수로 재직하고 있는 자 중 한국법학교수회가 추천한 자3인을 각각 임명하도록 함(안 제35조).6. 검찰총장은 퇴직일부터 2년 이내에 법무부장관에 임명될 수 없도록 함(안 제12조제4항).7. 검사는 퇴직후 2년 이내에 대통령비서실이나 국가정보원에서 근무할 수 없고, 대통령비서실이나 국가정보원에서 근무한 자는 퇴직후 2년 이내에는 검사로 근무할 수 없도록 함(안 제44조의2).']",법제사법위원회,"['안상수', '강신성일', '강인섭', '강재섭', '강창성', '고흥길', '권기술', '권오을', '권철현', '권태망', '김광원', '김기배', '김기춘', '김덕룡', '김동욱', '김락기', '김만제', '김무성', '김문수', '김부겸', '김성조', '김영구', '김영일', '김영춘', '김용갑', '김용균', '김용학', '김원웅', '김일윤', '김정숙', '김종하', '김진재', '김찬우', '김태호', '김학송', '김형오', '김호일', '김홍신', '나오연', '남경필', '도종이', '맹형규', '목요상', '민봉기', '박관용', '박근혜', '박명환', '박세환', '박승국', '박시균', '박원홍', '박재욱', '박종근', '박종웅', '박종희', '박주천', '박창달', '박헌기', '박혁규', '박희태', '백승홍', '서상섭', '서정화', '서청원', '손태인', '손학규', '손희정', '신경식', '신영국', '신영균', '신현태', '심규철', '심재철', '안경률', '안영근', '안택수', '엄호성', '오세훈', '원희룡', '유성근', '유흥수', '윤경식', '윤두환', '윤여준', '윤영탁', '윤한도', '이강두', '이규택', '이방호', '이병석', '이부영', '이상득', '이상배', '이상희', '이성헌', '이연숙', '이원창', '이원형', '이윤성', '이인기', '이재오', '이재창', '이주영', '이한구', '이해봉', '이회창', '임인배', '임진출', '임태희', '전용원', '전재희', '정문화', '정병국', '정의화', '정인봉', '정재문', '정창화', '정형근', '조웅규', '조정무', '주진우', '최돈웅', '최병국', '최병렬', '최연희', '하순봉', '허태열', '현경대', '현승일', '홍사덕', '황승민', '황우여']"
160391,  국회법중개정법률안(안상수의원 외 132인),2000-11-23,의원,2002-02-28,대안반영폐기,제16대 (2000~2004) 제215회,"['■ 제안이유 및 주요골자현행 국회법 제121조제4항의 규정에 의하여 국회의 본회의나 위원회는 특정한 사안에 대하여 질문하기 위하여대법원장·헌법재판소장·중앙선거관리위원회위원장·감사원장의 출석요구를 할 수 있도록 되어 있으나, 검찰총장이 제외 되어 있어 권력형비리 등 국민적 의혹사건에 대해 질문하는데 한계가 있으므로 검찰총장의 경우도출석요구를 할 수 있도록 하려는 것임.']",정치개혁특별위원회,"['안상수', '강신성일', '강인섭', '강재섭', '강창성', '고흥길', '권기술', '권오을', '권철현', '권태망', '김광원', '김기배', '김기춘', '김덕룡', '김동욱', '김락기', '김만제', '김무성', '김문수', '김부겸', '김성조', '김영구', '김영일', '김영춘', '김용갑', '김용균', '김용학', '김원웅', '김일윤', '김정숙', '김종하', '김진재', '김찬우', '김태호', '김학송', '김형오', '김호일', '김홍신', '나오연', '남경필', '도종이', '맹형규', '목요상', '민봉기', '박관용', '박근혜', '박명환', '박세환', '박승국', '박시균', '박원홍', '박재욱', '박종근', '박종웅', '박종희', '박주천', '박창달', '박헌기', '박혁규', '박희태', '백승홍', '서상섭', '서정화', '서청원', '손태인', '손학규', '손희정', '신경식', '신영국', '신영균', '신현태', '심규철', '심재철', '안경률', '안영근', '안택수', '엄호성', '오세훈', '원희룡', '유성근', '유흥수', '윤경식', '윤두환', '윤여준', '윤영탁', '윤한도', '이강두', '이규택', '이방호', '이병석', '이부영', '이상득', '이상배', '이상희', '이성헌', '이연숙', '이원창', '이원형', '이윤성', '이인기', '이재오', '이재창', '이주영', '이한구', '이해봉', '이회창', '임인배', '임진출', '임태희', '전용원', '전재희', '정문화', '정병국', '정의화', '정인봉', '정재문', '정창화', '정형근', '조웅규', '조정무', '주진우', '최돈웅', '최병국', '최병렬', '최연희', '하순봉', '허태열', '현경대', '현승일', '홍사덕', '황승민', '황우여']"
160390,  지하수법중개정법률안,2000-11-23,정부,2000-12-15,수정가결,제16대 (2000~2004) 제215회,"['■ 제안이유지하수의 과도한 개발·이용으로 인한 지하수의 고갈과 폐공(廢孔)의 방치 등으로 인한 지하수의 오염을 방지하기 위하여 전국적인 지하수관측망의 설치, 지하수자료의 정보체계구축, 지하수의 개발·이용허가에 대한유효기간제도의 도입, 지하철 공사 등 토지굴착으로 유출되는 지하수에 대한 이용대책수립, 지하수정화업의 신설 등 종합적인 대책을 마련하는 한편, 현행제도의 운영상 나타난 일부 미비점을 개선·보완하려는 것임.■ 주요골자1. 국가가 수립하는 지하수관리기본계획에 온천수·먹는샘물·농어촌용수 등에 관한 사항을 포함시키고, 지방자치단체의 지역지하수관리계획의 수립·시행을 의무화함으로써 종합적인 지하수관리가 가능하도록 함(안제6조 및 제6조의2).2. 지하수개발·이용허가의 유효기간을 5년으로 제한하고, 필요한 경우 5년마다 연장허가를 받도록 함으로써과다한 지하수채취가 억제될 수 있도록 함(안 제7조의3 신설).3. 지하철·터널 등의 공사를 시행하는 자는 굴착공사로 인하여 유출되는 지하수가 최소화될 수 있도록 대책을 수립·시행하도록 하고, 공사완료후 계속 유출되는 지하수에 대하여 그 이용을 의무화함(안 제9조의2신설).4. 지하수개발·이용후 방치된 폐공의 원상복구의무자가 이를 이행하지 아니하거나 원상복구의무자가 불분명한 경우에는 시장·군수가 원상복구를 하도록 의무화함(안 제15조).5. 환경부장관 또는 시장·군수는 지하수오염을 유발하는 시설을 관리하는 자가 지하수의 수질을 오염시킨 경우에는 수질의 정화, 시설의 사용중지·폐쇄·이전 등의 조치를 할 수 있도록 함(안 제16조의3 신설).6. 지하수의 수위변동을 관측하기 위하여 전국적인 지하수관측시설과 지역단위 보조관측시설의 설치를 의무화함(안 제17조).7. 지하수오염문제에 효율적으로 대처하기 위하여 오염된 지하수의 정화를 전문으로 하는 지하수정화업제도를신설함(안 제29조의2 신설).■ 위원회 수정사항□ 수정이유지하수법 위반시 부과되는 과태료 부과수입을 관리하는 특별회계를 지방자치단체에 설치·운영할수 있는 근거를 마련하고, 이 법에 의하여 새로이 지하수개발·이용신고대상이 되는 기존의 시설에 대하여 신고를 받을수 있는 경과조치 규정을 신설하는 등 일부 미비점을 개선·보완하려는 것임.□ 수정주요골자1. 하천인근에서의 지하수개발·이용허가시 하천의 관리청은 하천수량에 영향을 미친다고 인정되는 경우에는취수량 및 취수기간제한 등의 요청을 할 수 있도록 하는 것을 취수금지요청도 할 수 있도록 함(안제7조의2제2항)2. 지하철 등에서 유출되는 지하수의 이용율이 낮은 경우에 개선을 명할 수 있도록 하는 것을 개선을 명하도록의무화함(안제9조의2제3항)3. 지하수보전구역지정대상중 지하수의 지나친 개발·이용으로 인하여 지하수의 고갈현상이나 지반침하가 발생하거나 발생할 우려가 있는 경우에 건천화를 추가함(안제12조제1항제2호나목)4. 지하수오염유발시설에 의하여 지하수 수질기준초과시 정화작업조치를 명할 수 있도록 하는 것을 명하도록의무화함(안제16조의3제1항)5. 지하수법 위반에 대한 과태료 부과수입을 지방자치단체의 특별회계 수입으로 편입토록 하는 규정을 신설토록 함(안제41조)6. 현행 지하수법상 허가 또는 신고대상에서 제외되는 경미한 시설이 새로이 지하수개발·이용신고대상이 됨으로 인하여 기존의 시설에 대하여 신고를 받을 수 있는 경과조치 규정을 신설함(안 부칙 제3항)']",건설교통위원회,[]
160389,  유료도로법개정법률안,2000-11-23,정부,2000-12-20,수정가결,제16대 (2000~2004) 제215회,"['■ 제안이유육지와 섬 또는 섬과 섬 사이를 연결하는 도로를 유료도로로 개설할 수 있도록 하여 섬 지역주민의 교통편의를 증진하고, 도로교통의 원활한 흐름을 위하여 유료도로의 통행료를 지역별·시간대별로 할증 또는 할인할수 있도록 하며, 부정한 방법으로 통행료를 면탈(免脫)하거나 할인받은 경우에는 도로관리청이 부가통행료(附加通行料)를 징수할 수 있도록 하는 등 현행 제도의 운영상 나타난 일부 미비점을 개선·보완하려는 것임.■ 주요골자1. 관광을 목적으로 하는 도로, 육지와 섬 또는 섬과 섬 사이를 연결하는 도로를 유료도로로 설치할 수 있도록하여 지역균형발전 및 지역주민의 교통편의를 도모하도록 함(안 제4조제2항제2호·제3호).2. 도로교통 수요의 적절한 관리를 위하여 유료도로관리청으로 하여금 지역별·시간대별로 통행료를 할증 또는할인할 수 있도록 하여 도로상의 교통흐름이 원활하게 이루어질 수 있도록 함(안 제16조제4항).3. 2 이상의 유료도로를 하나의 유료도로로 보아 통행료 및 그 징수기간을 통합하여 산정하는 통합채산제(統合採算制)의 적용대상을 고속국도에서 모든 종류의 도로로 확대하여 통행료 및 징수기간 산정의 합리화를 도모함(안 제18조).4. 유료도로를 통행한 자가 부정한 방법으로 통행료를 면탈 또는 할인받은 경우 도로관리청은 면탈 또는 할인받은 통행료의 10배의 범위안에서 부가통행료를 징수할 수 있도록 하고, 부가통행료를 납부하지 아니하는경우에는 이를 강제징수할 수 있도록 함으로써 통행료 미납자에 대한 제재를 강화함(안 제20조 및 제21조).■ 위원회 수정사항□ 수정이유 및 주요골자도로관리청이 개설한 유료도로를 인수하는 민간사업자에 대하여도 도로관리청의 승인을 받아 투자원리금외에 적정수익률을 보장할 수 있도록 하기 위하여 유료도로의 건설유지비 총액에 손실보전준비금이 포함되도록하고 유료도로관리청으로부터 유료도로관리권을 매입한 자도 비도로관리청으로 보며 유료도로관리청의 자의적인 통행료 적용을 배제하기 위하여 지역별·시간대별로 통행료를 할증 또는 할인 할 수 있는 근거를 삭제하도록 하려는 것임.']",건설교통위원회,[]
160388,  근로자직업훈련촉진법중개정법률안,2000-11-23,정부,2001-02-28,수정가결,제16대 (2000~2004) 제215회,"['■ 제안이유근로자의 직무수행능력을 향상시키기 위하여 실시하는 직업 능력개발훈련의 수준을 높이기 위하여 국가는 직업능력개발훈련을 담당하는 훈련교사의 능력향상에 필요한 교육훈련사업을 실시할 수 있도록 하는 한편, 직업능력개발훈련을 실시하는 훈련기관에 대한 평가를 실시하고 그 결과를 훈련비용의 지원 등에 반영할 수 있도록하며, 그 밖에 부정한 방법에 의하여 훈련비용의 지원을 받은 자에 대한 제재를 강화하는 등 현행 제도의 운영상 나타난 일부 미비점을 개선·보완하려는 것임.■ 주요골자1. 노동부장관은 근로자에게 직업능력개발훈련을 실시하는 훈련교사에 대하여 교육훈련을 실시하도록 하는 등그들의 능력향상에 필요한 사업을 실시할 수 있도록 함(안 제11조의2 신설).2. 노동부장관은 국민기초생활보장법에 의한 자활에 필요한 사업참가를 조건으로 생계급여를 지급받거나 기능습득의 지원 형태로 자활급여를 지급받는 자에 대하여 직업능력개발훈련을 실시할 수 있도록 함(안 제16조의2 신설).3. 직업능력개발훈련을 실시하는 자가 당해 훈련과정에 대하여 노동부장관의 인정 또는 지정을 받은 경우에는훈련비용의 지원을 받을 수 있도록 하고 있는 바, 앞으로는 허위·부정한 방법으로 훈련비용의 지원을 신청하거나 지원을 받은 자 등에 대하여는 그 인정 또는 지정을 취소할 수 있도록 함(안 제28조의2 신설).4. 노동부장관은 직업능력개발훈련의 질적인 수준을 높이기 위하여 직업능력개발훈련을 실시하는 훈련기관 또는 훈련과정을 평가하고 그 결과를 훈련비용을 지원하거나 융자하는 경우에 이를 반영할 수 있도록 함(안제29조).■ 위원회 수정사항□ 수정이유법인의 설립·운영·감독·해산 등에 관한 사항중 구체적 내용을 시행령에 위임하기 위하여 직업능력개발훈련법인의 허가의 조건 및 기준 등에 관하여 필요한 사항만을 대통령령으로 위임하도록 하고, 훈련생이 정확한 정보를 통해 훈련기관을 선택할 수 있도록 하는 등 수요자중심의 직업훈련이 실시될 수 있도록 하기 위하여 훈련기관이 희망하지 않을 때에는 평가 및 그 결과를 공개하지 아니한다는 단서규정을 삭제하려는 것임.□ 수정주요골자1. 직업능력개발훈련법인의 허가의 조건 및 기준등에 관하여 필요한 사항은 대통령령으로 정하도록 함(안 제22조 제3항).2. 노동부장관은 직업능력개발훈련의 질적 수준을 높이기 위하여 노동부장관의 지원을 받는 훈련기관 또는 훈련과정에 대하여 평가하고 그 결과를 훈련비용을 지원하거나 융자하는 경우에 이를 반영할 수 있도록 함(안제29조 제1항).']",환경노동위원회,[]
160387,  국민연금법중개정법률안,2000-11-23,정부,2000-12-08,대안반영폐기,제16대 (2000~2004) 제215회,"['제안이유？？？？경기변동에 따른 국민연금 급여액의 급격한 변동을 완화하고 연금재정의 장기적인 안정을 도모하기 위하여 기본연금액 산정방식을 일부 조정하고, 변화하는 금융시장환경에 적합한 기금운용 방안을 마련하는 등 현행 제도의 운영상 나타난 일부 미비점을 개선·보완하려는 것임.주요골자？？？？가. 종전에는 23세 미만의 무소득자를 국민연금의 지역가입 대상에서 제외하였으나 앞으로는 납부예외자로 관리하던 27세 미만의 무소득자를 제외하도록 하여 납부예외 신청에 따른 가입자의 불편을 해소하고 국민연금 운영의 효율을 도모함(안 제10조제3호).나. 국민연금에 임의계속가입할 수 있는 가입자의 상한연령(65세)을 폐지하여 반환일시금 대신 연금을 수급할 수 있는 기회를 확대함(안 제13조).다. 기본연금액 산정기준을 종전의 연금수급전년도의 평균소득월액에서 소비자물가상승률에 의하여 현재가치화한 연금수급직전 3년간의 평균소득월액의 평균액으로 하여 경기변동에 따른 연금액의 급격한 변동을 완화하고 연금재정의 장기적 안정을 기하도록 함(안 제47조제1항제1호).라. 가급연금액 계산대상을 종전에는 수급권자가 연금수급권 취득당시 그에 의하여 생계를 유지하고 있던 자로 하였으나, 앞으로는 그외에 수급권자가 연금수급권을 취득한 이후 그에 의하여 생계를 유지하고 있는 자도 포함시킴으로써 가급연금을 지급받을 수 있는 자의 범위를 확대함(안 제48조).마. 연금보험료 납부고지서의 송달지연 등의 사유에 해당되는 경우 보험료 납부기한을 1월 이내에서 연장할 수 있도록 함으로써 보험료 납부편의를 증진함(안 제76조제5항 및 제6항 신설).바. 국민연금기금의 증가에 따른 위험분산을 위하여 외부위탁투자, 해외투자 등 투자대상을 다변화하고, 채권시가평가제의 도입 등 변화된 금융시장 환경에 적합하도록 기금운용기준을 조정함(안 제83조).사. 사업장의 사용자가 근로자의 임금에서 기여금을 공제함에 있어 기여금을 초과하는 금액을 공제하는 경우 처벌할 수 있는 규정을 신설하여 사업장 근로자의 권리를 보호함(안 제104조제2항제4호 신설).']",보건복지위원회,[]
160386,  폐광지역개발지원에관한특별법중개정법률안,2000-11-23,정부,2000-12-08,수정가결,제16대 (2000~2004) 제215회,"['■ 제안이유석탄산업의 사양화로 인하여 지역경제가 침체되고 있는 폐광지역에 대한 지원을 보다 강화하여 폐광지역의 경제를 활성화하려는 것임.■ 주요골자1. 종전에는 폐광지역의 개발사업에 대한 환경영향평가에 관한 협의를 환경부장관에 갈음하여 도지사가 하였는데, 환경·교통 및 재해에 대한 영향평가가 환경·교통·재해등에관한영향평가법으로 통합하여 규정됨에 따라 관련규정을 정비하는 한편, 교통영향평가 및 재해영향평가에 관한 협의를 관계 중앙행정기관의 장에 갈음하여 도지사가 이를 하도록 특례를 정함(안 제9조).2. 폐광지역진흥지구안에서 개발사업을 실시하는 자에 대하여 국유림을 매각할 수 있도록 하고, 국유림의 대부또는 사용허가를 받은 자에 대하여는 당해 국유림안에 영구시설물을 설치할 수 있도록 함(안 제10조제2항).3. 폐광지역진흥지구안에서 시행하는 민자유치사업에 지방자치단체가 출자할 수 있도록 하고, 폐광지역의 개발사업을 지원할 수 있는 근거규정을 마련함(안 제15조제2항 및 제3항 신설).□ 수정이유 및 주요골자개정안은 기초지방자치단체에 지방공사에의 출자를 허용하면서 출자의 상한선은 계속 도의 조례로 정하도록 하고 있어, 출자의 상한선을 지방자치단체의 조례로 정하도록 함 (안 제21조제2항).']",산업자원위원회,[]
160385,  환경농업육성법중개정법률안,2000-11-23,정부,2000-12-21,수정가결,제16대 (2000~2004) 제215회,"['■ 제안이유종전에는 친환경농산물을 생산한 자가 자율적으로 신고를 하고 용기·포장 등에 친환경농산물임을 나타내는도형이나 문자를 표시할 수 있도록 하던 것을 앞으로는 농림부장관 등으로부터 친환경농산물의 인증을 받아야만 이를 표시할 수 있도록하는 등 친환경농산물표시제도를 개선·보완하여 친환경농산물에 대한 신뢰성을 높이려는 것임.■ 주요골자1. 이 법의 제명을 친환경농업육성법으로 변경함.2. 농림부장관은 소비자보호를 위하여 농산물에 대하여 친환경농산물의 인증을 할 수 있도록 하고, 친환경농산물표시는 친환경농산물임을 인증받은 경우에만 할 수 있도록 친환경농산물표시제도를 개선·보완함(안 제17조).3. 농림부장관은 전문기관을 인증기관으로 지정하여 친환경농산물의 인증을 할 수 있도록 하고, 그 인증기관의지정절차 ·지정기준 및 지정의 취소 등에 관한 사항을 정함(안 제17조의2 및 제17조의6 신설)4. 친환경농산물의 인증심사 및 재심사의 절차, 인증의 취소 등 인증에 필요한 사항을 정함(안 제17조의3 내지제17조의5·제17조의7 및 제18조의2 신설).5. 친환경농산물임을 인증받지 아니한 농산물에 친환경농산물표시를 하는 등의 부정행위를 하는 자는 형사처벌을 하도록 하여 친환경농산물의 유통질서를 확립할 수 있도록 함(안 제25조 및 제25조의2).■ 위원회 수정사항□ 수정이유人蔘類와 人蔘製品類를 함께 製造·加工하고자 하는 人蔘類製造業者의 편의를 도모하고자 濃縮人蔘類 등 일부 人蔘製品類의 製造를 이 法에 의하여 申告할 수 있도록 하고 있으나, 申告主體에서 제외되고 있는 인삼제조업과 함께 인삼제품류의 제조를 신고하고자 하는 자를 포함시키는 등 일부 法체계상의 문제점을 보완하려는 것임.□ 수정주요골자1. 親環境農産物 認證制度의 도입목적이 ""消費者 保護""로 한정해서 規定하고 있는 것을 ""親環境農業의 育成""도함께 명시함(案 第17條第1項)2. 輸入親環境農産物의 認證과 관련하여 農林部長官이 外國 認證機關을 指定할 수 있도록 하고 벌칙관련 規定을 보완함(案 第17條의2, 第24條의2 및 第25條의2)3. 認證機關이 사위 기타 부정한 방법으로 認證機關 指定을 받은 경우 認證機關 指定取消 이외에 처벌까지 받도록 함(案 第25條)']",농림해양수산위원회,[]
160384,  사료관리법개정법률안,2000-11-23,정부,2001-02-28,수정가결,제16대 (2000~2004) 제215회,"['■ 제안이유품질 좋은 사료의 생산 및 관리를 위하여 사료의 제조 및 유통과정 등에 있어 사료별로 우수제조관리및위해요소중점관리제도를 도입하는 등 사료의 품질관리체계를 보강하는 한편, 사료성분의 등록제도를 신고제도로 전환하여 행정규제를 완화하는 등 현행 제도의 운영과정에서 나타난 일부 미비점을 개선·보완하려는 것임.■ 주요골자1. 사료의 제조업자 또는 수입업자가 사료를 제조 또는 수입하고자 하는 경우에 미리 사료의 성분을 등록하도록 하던 것을 신고제도로 전환하여 행정규제를 완화함(안 제10조).2. 제조·수입 및 판매가 금지되는 사료에 동물용의약품이 허용기준 이상 잔류하는 사료 등을 추가하여 보다안전한 사료가 공급되도록 함(안 제12조).3. 농림부장관은 사료의 품질관리 강화 및 환경오염을 방지하기 위하여 사료중에 특정성분의 함량을 제한할 수있도록 하는 등 사료의 첨가 및 혼합제한제도를 도입함(안 제13조).4. 농림부장관은 사료의 원료관리, 사료의 제조 및 유통의 전과정에서 위해(危害)한 물질이 사료에 혼입되거나사료가 오염되는 것을 방지하기 위하여 사료별로 우수제조관리및위해요소중점관리기준을 정하여 고시할 수있도록 함(안 제14조).5. 농림부장관은 감독상 실시한 사료검사결과를 해당 사료제조업자 등에게 통보하도록 하고, 통보를 받은 사료제조업자 등은 그 검사 결과에 이의가 있는 경우에 재검사를 요청할 수 있도록 하여 사료검사의 신뢰도를높임(안 제20조).■ 위원회 수정사항□ 수정이유광우병등 인체·동물에 대하여 질병감염원의 개연성이 우려되는 동물부산물등을 반추가축등의 사료원료로 사용또는 급여금지를 하도록하여 사료로 인한 질병발생을 예방하고, 사료안전관리인의 제조업자에 대한 지도·감독업무와 우수제조관리및위해요소중점관리기준제도의 실효성을 거둘 수 있도록 하기 위하여 관련 조문을 수정하여, 구체화하고 이를 어길 경우에는 과태료를 부과하도록 하고, 사료 품질관리 체제의 유지를 위하여 사료성분신고제를 현행과 같이 등록제로 환원할 수 있도록 하기 위함.□ 수정주요골자1. 사료안전관리인이 제조업자 등에 대한 지도.감독 및 관리의 실효성 제고를 위하여, 이 법에 의한 명령이나처분에 위반되는 사실을 알았을 때는 제조업자에게 시정을 요구하고 그 내용을 시.도지사에게 보고하고,시.도지사는 제조업자에게 이에 대한 필요한 조치를 명할 수 있도록 함(안 제8조제3항 신설)2. 사료의 종류·성분 및 성분량등을 시·도지사에게 신고하도록 규제완화한 것을, 사료의 품질관리 체계를 유지하기 위하여 현행대로 등록제를 유지토록 함(안 제10조)3. 광우병 발생예방 또는 앞으로 인체·동물에 대하여 예기치 못한 질병감염원의 개연성이 우려되는 동물부산물등을 반추가축사료의 원료로 사용 또는 급여금지를 하도록 하여 이를 위반시는 벌칙을 부과하고, 사용금지의 사료 및 동물의 범위는 농림부장관이 고시하도록 함(안 제12조제1항제7호 및 제2항신설)4. 농림부장관이 사료별 우수제조관리및위해요소중점관리기준을 정하도록만 하던 것을, 동 기준을 정하는 때에는 제조업자가 이를 준수하도록 함(안 제14조제2항 신설)5. 사료안전관리인이 제조업자 등에 지도.감독 및 관리과정에서 위법사항 등을 알거나 또는 과실로 알지 못하고 시도지사에게 보고하지 아니한 때 또는 우수제조관리및위해요소중점관리기준을준수하지 않은 제조업자에게 과태료를 부과할 수 있도록 함(안 제34조제1항)']",농림해양수산위원회,[]
160383,  농작물재해보험법안,2000-11-23,정부,2000-12-21,수정가결,제16대 (2000~2004) 제215회,"['■ 제안이유태풍 및 우박 등 빈번하게 발생하는 자연재해로 인한 농작물의 피해를 적정하게 보전하여 줄 수 있는 농작물재해보험제도를 도입함으로써 자연재해로 인한 농작물피해에 대한 농가소득안전망을 구축하여 농업소득의 안정과 농업생산성의 향상에 이바지하려는 것임.■ 주요골자1. 농작물재해보험에 관한 주요사항을 심의하기 위하여 농림부에 농작물재해보험심의회를 두도록 함(안 제2조).2. 농작물재해보험의 대상으로 할 수 있는 농작물은 보험의 효용성 및 보험실시 가능성 등을 고려하여 대통령령으로 정하도록 함(안 제4조제1항).3. 농작물재해보험에서 보상하는 자연재해의 범위는 그 발생의 빈도 및 피해의 정도 등을 고려하여 보험대상농작물별로 대통령령으로 정하도록 함(안 제4조제2항).4. 농작물재해보험사업자는 농업협동조합중앙회 또는 보험업법에 의한 보험사업자로서 농림부장관과 농작물재해보험업무의 약정을 체결한 자로 함(안 제5조).5. 농작물재해보험사업자는 보험요율을 객관적이고 합리적인 통계자료를 기초로 하여 보험대상농작물별로 대통령령이 정하는 행정구역 단위로 산정하도록 함(안 제6조).6. 농작물재해보험사업자는 보험사고가 발생한 경우 농림부장관이 정하여 고시하는 손해평가요령에 따라 공정하게 손해평가를 실시하도록 하는 등 손해평가에 관한 사항을 정함(안 제8조).7. 정부는 농작물재해보험가입자가 부담하는 보험료의 일부와 농작물재해보험사업자의 농작물재해보험의 운영및 관리에 필요한 비용의 일부를 지원할 수 있도록 함(안 제14조).■ 위원회 수정사항□ 수정이유농작물재해보험이 실질적인 농업경영의 안정과 농업생산성의 향상을 기할 수 있도록 농작물 피해규모와 재배농가수 등 보험실시효과를 고려하여 보험대상농작물을 선정하도록 규정하고 일부 미비점을 보완하려는 것임.□ 수정주요골자1. 보험효용성과 실시가능성 등을 종합적으로 고려하여 대통령령에서 보험대상작물을 선정하도록 규정하고 있는 정부 원안에 대하여, 「농작물의 피해규모」와 「농작물별 재배농가수」등 보험실시 필요성 측면도 보험대상작물 선정의 중요한 판단기준이 될 수 있도록 관련규정을 정비함(안 제4조제1항)2. 재해보험사업의 회계를 다른 회계와 구분·계리하도록 규정하고 있는 안 제9조의 실효성을 확보하여 정부의 예산지원 및 책임준비금 적립의 기초자료로 활용될 수 있도록 同 규정 위반시 처벌 근거규정을 마련함(안 제17조제2항)']",농림해양수산위원회,[]
160382,  수목원조성및진흥에관한법률안,2000-11-23,정부,2001-02-28,수정가결,제16대 (2000~2004) 제215회,"['■ 제안이유생명공학의 발전으로 수목유전자원(樹木遺傳資源)의 보전 및 이용의 중요성이 증대됨에 따라 수목유전자원의보전기능을 수행하는 수목원에 대한 지원제도를 마련하고, 수목원간의 상호교류 등 협력체제를 구축할 수 있도록 함으로써 수목원의 조성을 촉진하고 그 기능을 활성화하려는 것임.■ 주요골자1. 수목원은 조성·운영 주체에 따라 국립수목원·공립수목원·사립수목원 및 학교수목원으로 구분하고, 산림청장 소속하에 국립수목원을 두도록 함(안 제4조 및 제5조).2. 수목원의 체계적인 육성을 위하여 산림청장은 5년마다 수목원진흥기본계획을 수립·시행하도록 하고, 시·도지사 또는 국립수목원장은 이에 따라 수목원진흥실시계획을 수립·시행하도록 함(안 제6조).3. 수목원을 운영하는 자는 필요한 전문관리인·수목유전자원 및 수목유전자원의 증식·재배시설 등에 관한 일정한 요건을 갖추어 산림청장에게 등록할 수 있도록 함(안 제9조).4. 수목유전자원의 무분별한 유출을 방지하기 위하여 수목원이 외국의 수목원 등과 수목유전자원을 교류하고자하는 경우에는 산림청장에게 신고하도록 함(안 제15조).5. 국가는 수목원간의 정보교류의 지원과 수목원의 조성 및 운영에 필요한 비용을 보조할 수 있도록 하는 등수목원의 지원에 관한 사항을 정함(안 제16조 및 제22조).6. 산림청장은 국립수목원의 수목유전자원을 특별히 보호하기 위하여 국립수목원과 연접한 지역을 국립수목원완충지역으로 지정할 수 있도록 하고, 관계 행정기관의 장은 그 완충지역안에서 건축허가 등을 하는 경우에는 미리 국립수목원장과 협의하도록 함(안 제19조 및 제20조).■ 위원회 수정사항□ 수정이유 및 주요골자등록수목원의 연간 개원 일수를 명확히 정하거나 하위법령에 위임하는 내용이 없이 단지 산림청장이 정한 일수이상으로 규정한 것은 법적 타당성이나 안정성이 결여되어 있는 바, 이를 보다 분명히 하기 위하여 농림부령으로 개원일수를 규정하도록 수정하려는 것임(안 제12조제1항).']",농림해양수산위원회,[]
160381,  음반·비디오물및게임물에관한법률개정법률안,2000-11-23,정부,2001-04-28,수정가결,제16대 (2000~2004) 제215회,"['■ 제안이유급속한 문화산업의 환경변화에 능동적으로 대처하여 게임산업 등 문화산업을 고부가가치 산업으로 육성하기 위한 기반을 조성하고, 행정규제 위주의 현행 제도를 대폭적으로 개선하여 음반·비디오물·게임물 관련산업의진흥을 도모하며, 청소년에 유해한 영상물 등으로부터 청소년을 보호하기 위하여 필요한 제도적 장치를 보완하는 등 현행 제도의 운영과정에서 나타난 미비점을 개선·보완하려는 것임.■ 주요골자1. 종전에는 등록제로 운영되던 게임제공업을 앞으로는 청소년 게임장업과 일반 게임장업으로 구분하고 청소년게임장업은 신고업으로, 종전의 게임제공업중 PC방 영업은 멀티미디어 문화컨텐츠 설비제공업으로 변경하여신고업으로 하며 이들 신고업은 2002년부터 자유업으로 전환함(안 제2조제9호·제10호 및 제26조제2항·제3항 및 부칙 제2조).2. 종전에는 외국에서 비디오물 및 게임물을 수입하거나 반입하는 경우 수입 또는 반입추천을 받도록 하고, 그내용에 관하여 다시 영상물등급위원회의 등급분류를 받도록 하였으나, 앞으로는 수입 또는 반입추천제를 폐지하고 등급분류만 받도록 함으로써 행정절차를 간소화함(안 제20조제1항).3. 행정규제의 완화를 위하여 종전의 음반·비디오물·게임물의 제작업 및 배급업을 등록영업에서 신고영업으로 전환하고, 그 판매업 및 대여업의 등록제를 폐지하여 자유업으로 전환함(안 제26조제1항).4. 불건전한 게임물 등 정보제공물로부터 청소년을 보호하기 위하여 게임제공업 또는 멀티미디어 문화컨텐츠설비제공업을 영위하는 자는 음란한 정보를 차단할 수 있는 프로그램 또는 장치를 설치하도록 함(안 제32조제5호).5. 음반·비디오물·게임물의 영업자는 영업의 양도 또는 회사합병 등에 의하여 그 지위를 승계인에게 승계시킬 수 있도록 하고 그 승계인은 종전의 영업자가 받은 행정제재처분의 효과도 1년간 승계하도록 함(안 제33조).■ 본회의 수정사항□ 수정이유 및 주요골자법제사법위원회는 청소년의 개념을 청소년보호법에서와 같이 19세로 수정하였는 바, 18세 대학생 및 근로자 등에 대한 문화향유권 보장 필요성 및 관련 문화산업계 위축 우려 등을 고려하여 청소년 연령을 현행과 같이 18세 미만으로 하되, 초·중등교육법 제2조의 규정에 의한 고등학교에 재학중인 자는 청소년의 범위에 포함되도록 하여 당초 문화관광위원회가 수정한 바와 같이 하고자 하는 것임(안 제2조 제13호, 안 제20조, 안 제21조,안 제24조, 안 제27조, 안 제32조, 안 제37조, 안 제42조, 안 제50조, 안 부칙 제4조).']",문화관광위원회,[]
160380,  지적법개정법률안,2000-11-23,정부,2000-12-23,수정가결,제16대 (2000~2004) 제215회,"['■ 제안이유도시화·산업화 등에 따라 지목을 현실에 맞게 세분화하고, 전산처리된 지적공부를 시·도지사에 한하여 보관·운영하도록 하던 것을 지적관련 민원업무를 직접 담당하고 있는 시장·군수·구청장도 보관·운영할 수 있도록 하며, 전국의 지적·주민등록·공시지가 등 토지관련자료의 효율적인 관리와 활용을 위하여 지적정보센터를 설치하도록 하고, 기타 현행 제도의 운영상 나타난 일부 미비점을 개선·보완하려는 것임.■ 주요골자1. 현재 시·도지사가 지역전산본부에 보관·운영하고 있는 전산처리된 지적공부를 지적관련민원업무를 직접담당하고 있는 시장·군수·구청장도 보관·운영하도록 함(안 제2조제20호 및 제8조제3항).2. 도시화 및 산업화 등으로 급속히 증가하고 있는 창고용지· 주차장 및 주유소용지 등을 별도의 지목으로 신설함(안 제5조).3. 토지의 지번으로 위치를 찾기 어려운 지역의 도로와 건물에 도로명과 건물번호를 부여하여 관리할 수 있도록 함(안 제16조).4. 지적공부에 등록된 토지가 지형의 변화 등으로 바다로 된 경우 토지소유자가 일정기간내에 지적공부의 등록말소신청을 하지 아니하면 소관청이 직권으로 말소할 수 있도록 함(안 제22조).5. 미등기 토지소유자의 성명 또는 주소에 오류가 있는 것이 호적·제적등본 등 관계서류에 의하여 입증되는경우 소관청이 조사하여 지적공부를 정정할 수 있도록 함(안 제24조제4항).6. 아파트 등 공동주택의 부지를 분할하거나 지목변경 등을 하는 경우 사업시행자가 토지이동신청을 대위할 수있게 하여 국민의 불편을 해소할 수 있도록 함(안 제28조제3호).7. 행정자치부장관은 전국의 지적·주민등록·공시지가 등 토지관련자료의 효율적인 관리와 공동활용을 위하여지적정보센터를 설치·운영할 수 있도록 함(안 제42조).8. 시·도지사는 지적측량적부심사 의결서를 청구인 뿐만 아니라 이해관계인에게도 통지하여 지적측량적부심사의결내용에 불복이 있는 경우에는 이해관계인도 재심사청구를 할 수 있도록 함(안 제45조제5항 내지 제7항).■ 위원회 수정사항□ 수정이유바다로 된 토지의 등록말소사유를 구체화하고, 바다로 된 토지가 원상회복된 경우 회복할 수 있는 절차를 마련하는 등 토지소유자의 권리보호에 기여하고자 하는 것임.□ 수정주요골자1. 지적공부에 등록된 토지가 바다로 되어 원상으로 회복할 수 없거나 다른 지목의 토지로 될 가능성이 없는때에는 이를 말소할 수 있도록 하고, 토지소유자가 90일이내에 말소신청을 하지 않는 경우 소관청이 직권으로 말소하도록 함(안 제22조제1항, 제2항).2. 바다로 되어 지적공부상 말소된 토지가 다시 토지로 된 경우 대통령령이 정하는 바에 의해 회복할 수 있도록 함(안 제22조제3항).3. 미등기 토지의 소유자에 관한 사항에 오류가 있어 이를 정정하고자 할 때는 토지소유자의 신청에 의해서만가능하도록 함 (안 제24조제4항).4. 지적정보센터의 토지관련자료에 지적위성기준점관측자료를 추가함(안 제42조제1항).']",행정자치위원회,[]
160379,  온천법중개정법률안,2000-11-23,정부,2000-12-20,수정가결,제16대 (2000~2004) 제215회,"['■ 제안이유온천에 대한 적절한 보호와 효율적인 이용을 위하여 이미 지정된 온천공보호구역(溫泉孔保護區域)의 범위를변경할 수 있는 근거를 마련하고, 온천으로의 개발·이용가치가 있다고 판단되어 수리(受理)된 온천발견신고지역에 대하여는 일정기간내에 온천원보호지구(溫泉源保護地區) 등으로의 지정에 필요한 조치를 하도록 하여 온천개발과 관련한 민원발생의 소지를 줄이도록 하며, 온천개발면적의 산정기준 등에 대한 법적 근거를 마련하는등 현행 제도의 운영상 나타난 일부 미비점을 개선·보완하려는 것임.■ 주요골자1. 온천관련 전문기관이 온천에 대한 검사 또는 의견제출을 부실하게 하는 등의 경우에는 등록취소 또는 영업정지를 명할 수 있도록 함(안 제3조의2 신설).2. 온천발견신고가 수리된 지역에 대하여는 시장·군수로 하여금 1년 이내에 온천원보호지구 등으로의 지정에필요한 조치를 하도록 하는 외에 동 지역에 대한 토지소유권자 등에게 온천개발과 관련한 의견제출의 기회를 부여함(안 제4조의2 신설).3. 온천목욕장 욕수의 수질기준에 대하여는 공중위생법 제4조제2항의 규정에 불구하고 행정자치부령으로 정하도록 함(안 제13조의2 신설).4. 허가받은 수량(水量)을 초과하여 온천수를 사용한 자에 대하여는 1년 이하의 징역 또는 500만원 이하의 벌금에 처하도록 함(안 제25조제3호 신설).■ 위원회 수정사항□ 수정이유온천전문기관의 등록취소 또는 영업정지 사유를 명확히 하고, 온천과 관련된 허위 또는 과장의 표시나 광고행위를 할 수 없도록 하며, 온천발견신고수리를 취소할 수 있는 근거규정을 마련함으로써 온천의 난개발을방지하는 등 현행제도의 일부 미비점을 개선·보완하려는 것임.□ 수정주요골자1. 온천전문기관이 온천전문검사를 기피·지연하거나 정당한 사유없이 보고나 자료제출을 거부하는 경우 행정자치부장관이 등록취소 또는 영업정지를 명할 수 있도록 하고 그 사실을 관보에 게재하도록 함(안 제3조의2제1항).2. 온천전문기관에 대하여 감독상 필요한 경우 행정자치부장관이 온천검사실적 및 검사내용에 관한 보고 또는자료를 제출할 것을 명할 수 있도록 함(안 제3조의2제2항).3. 온천이용허가를 받지 아니한 자가 온천과 관련된 허위 또는 과장의 표시나 광고행위를 할 수 없도록 하고,이를 위반하는 경우 1년이하의 징역 또는 500만원이하의 벌금에 처하도록 함(제13조제3항 및 안 제25조제4호).4. 시장·군수가 온천발견신고를 수리한 후 온천개발자의 개발의사가 없음을 확인한 때 또는 정당한 사유없이2년이상 온천개발을 위하여 필요한 절차를 이행하지 아니한 경우에는 온천발견신고의 수리를 취소하도록 함(제17조제5항).']",행정자치위원회,[]
160378,  국민경제자문회의법중개정법률안,2000-11-23,정부,2000-12-21,수정가결,제16대 (2000~2004) 제215회,"['■ 제안이유 및 주요골자대통령의 경제정책자문기구인 국민경제자문회의의 자문기능을 강화하기 위하여 당연직 위원의 수를 종전의7인에서 2인으로, 위촉위원의 수를 종전의 10인에서 30인으로 조정하고, 국민경제자문회의를 활성화하기 위하여 전문분야별로 분과회의를 구성·운영할 수 있는 근거를 마련하는 한편, 현행 규정의 운영상 나타난 일부 미비점을 개선·보완하려는 것임.■ 위원회 수정사항□ 수정이유 및 주요골자자문업무의 안정성과 연속성을 보장할 필요가 있다는 점에서 위촉위원의 교체시 후임자의 임기도 위촉한 날부터 1년으로 하고, 이 법 시행 후 새로이 자문위원을 위촉한다는 취지를 분명히 하기 위하여 기존 위촉위원의임기를 이 법 시행 후 위촉위원이 최초로 위촉되는 때까지로 함.']",재정경제위원회,[]
160377,  증권투자회사법중개정법률안,2000-11-23,정부,2001-02-28,수정가결,제16대 (2000~2004) 제215회,"['■ 제안이유기업의 인수를 목적으로 하는 증권투자회사에 대하여는 의결권행사에 관한 제한을 적용하지 아니하도록 하고,증권투자회사 및 그 자산운용회사의 계열회사는 당해 증권투자회사의 일반사무수탁회사가 될 수 없도록 하는등 현행 제도의 운영상 나타난 일부 미비점을 개선·보완하려는 것임.■ 주요골자1. 증권투자회사가 보유유가증권을 대여할 수 있도록 함으로써 자산운용방법을 다양화하고 유가증권의 대차거래를 활성화함(안 제28조제1항제1호의2 신설).2. 일반사무수탁회사의 업무의 공정성을 기하기 위하여 당해 증권투자회사 및 그 자산운용회사의 계열회사는당해 증권투자회사의 일반사무수탁회사가 될 수 없도록 함(안 제42조제1항).3. 증권투자회사는 발생한 이익 전액을 주식으로 배당할 수 있도록 함으로써 투자자의 재투자를 촉진하고 자산의 원활한 운용을 도모함(안 제55조제2항 신설).4. 증권투자회사는 계열회사의 관계에 있는 회사의 주식에 대하여는 보유중인 주식의 의결권을 중립적으로 행사하도록 하고 있으나, 기업의 인수를 목적으로 하는 증권투자회사에 대하여는 이러한 제한없이 의결권을행사할 수 있도록 함으로써 기업의 인수가 원활하게 이루어질 수 있도록 함(안 제79조제2항 신설).□ 수정이유 및 주요골자1. 현재 대통령령에서 규정하도록 하고 있는 준법감시인의 임면절차, 자격요건 등을 법률에서 직접 규정하고,준법감시인의 실질적인 활동을 보장하고 감독기관과의 유착을 방지하기 위하여 감독기관에서 퇴임한 후 준법감시인으로 임명될 수 있는 경과기간을 2년에서 5년으로 대폭 강화함(안 제35조의3제3항 및 제4항).2. 증권투자회사만 영업보고서등을 제출하도록 하고 있던 것을 자산운용회사에 대해서도 영업보고서를 제출하도록 함에 따라 조문을 정비함(안 제60조제2항).3. 증권투자회사는 주주에게 자산운용현황 등을 포함하는 자산운용보고서를 제공하도록 하여 투자자보호를 강화하고 있는 바, 자산운용보고서 제공의무를 위반한 경우 처벌조항을 신설함(안 제88조제9의2호).']",재정경제위원회,[]
160376,  증권투자신탁업법중개정법률안,2000-11-23,정부,2001-02-28,수정가결,제16대 (2000~2004) 제215회,"['■ 제안이유 및 주요골자위탁회사가 신탁약관을 정하고자 하는 경우 금융감독위원회의 승인을 얻도록 하던 것을 사전에 보고하도록 하여 위탁회사의 상품운용의 자율성을 높이고, 주식·채권 등 유가증권외에 채무증서 및 외화증권에 대하여도 동일종목에 대한 투자한도를 적용함으로써 신탁재산의 운용에 따른 위험을 분산시키려는 것임.□ 수정이유 및 주요골자1. 현재 대통령령에서 규정하도록 하고 있는 준법감시인의 임면절차, 자격요건 등을 법률에서 직접 규정하고,준법감시인의 실질적인 활동을 보장하고 감독기관과의 유착을 방지하기 위하여 감독기관에서 퇴임한 후 준법감시인으로 임명될 수 있는 경과기간을 2년에서 5년으로 대폭 강화함(안 제14조의2제3항 및 제4항).2. 이사의 위법행위 유지청구권과 회계장부열람권의 행사요건을 추가적으로 완화하여 증권거래법중개정법률안에서 규정하고 있는 증권회사의 소수주주권 행사요건과 균형을 맞추도록 함(안 제14조의3제2항 내지 제5항).3. 위탁회사가 투자자에게 손해배상책임을 지는 경우 귀책사유가 있는 위탁회사의 이사·감사등은 연대손해배상책임을 지도록 하고 있는 바, 연대손해배상책임자의 범위에 감사위원회 위원을 포함시키도록 함(안 34조의3제2항).4. 신탁약관의 사전 승인제가 보고제로 변경됨에 따라 벌칙조항을 정비하고 사전 승인제 폐지에 따른 경과규정을 신설함(안 제61조제6호, 부칙 제3항)']",재정경제위원회,[]
160375,  특정금융거래정보의보고및이용등에관한법률안,2000-11-23,정부,2001-09-03,수정가결,제16대 (2000~2004) 제215회,"['■ 제안이유2001년 1월 1일부터 시행되는 제2단계 외환자유화조치의 시행에 따라 증가할 것으로 예상되는 불법자금의 국내외 유출입에 효율적으로 대비하는 한편, 금융거래를 이용한 자금세탁행위를 규제하는 데 필요한 특정금융거래정보의 보고 및 이용 등에 관한 사항을 규정함으로써 반사회적인 범죄행위를 사전에 예방하고 나아가 건전하고 투명한 금융거래질서를 확립하려는 것임.■ 주요골자1. 불법재산 또는 자금세탁행위와 관련된 금융거래정보를 수집하고 분석하는 업무 등을 효율적으로 수행하기위하여 재정경제부장관 소속하에 금융정보분석기구(Financial Intelligence Unit)를 설치함(안 제3조).2. 금융기관등은 당해 금융기관등이 금융거래와 관련하여 수수한 금융자산이 불법재산이라고 의심할만한 상당한 이유가 있거나 금융거래의 상대방이 자금세탁행위를 하고 있다고 의심할만한 상당한 이유가 있는 경우로서 당해 금융거래 금액이 대통령령이 정하는 금액 이상인 경우에는 지체없이 금융정보분석기구의 장에게 보고하도록 하고, 이를 위반한 자는 500만원 이하의 과태료에 처하도록 함(안 제4조 및 제17조).3. 금융정보분석기구의 장은 금융기관등으로부터 수집·분석한 특정금융거래정보가 형사사건의 수사, 범칙사건의 조사 또는 금융감독업무에 필요하다고 인정되는 때에는 검찰총장·국세청장·관세청장 또는 금융감독위원회에 관련 정보를 제공할 수 있도록 함(안 제7조제1항).4. 금융정보분석기구의 장은 필요하다고 인정되는 때에는 외국의 금융정보분석기구에 대하여 특정금융거래정보를 제공하거나 이와 관련된 정보를 제공받을 수 있도록 함(안 제8조).5. 금융정보분석기구의 소속 공무원, 수사기관등에 종사하는 자는 직무상 알게 된 특정금융거래정보를 누설하거나 목적 외의 다른 용도로 사용할 수 없도록 하고, 이를 위반한 자는 5년 이하의 징역 또는 3천만원 이하의 벌금에 처하도록 함(안 제9조 및 제13조).■ 위원회 수정사항□ 수정이유동법의 적용대상이 되는 금융기관을 정의함에 있어 금융실명법을 인용하는 대신에 이 법에 직접 열거하여 명시하고, 금융정보분석기구의 업무성격상 독립성이 요구된다는 점에서 동기구의 명칭 부여와 함께 업무를 독립적으로 수행할 수 있도록 이를 법률에 규정하며, 법 집행기관의 과다한 정보제공 요구방지와 개인의 금융비밀 침해 가능성을 최소화 하기 위해 정보제공 요구기관을 축소하는 동시에 금융정보분석원의 정보제공에 관한 기록보존의무와 심사분석 책임자의 실명화등 제도적 장치를 마련함으로써 새로운 제도도입에 따른 법적용 및 해석에 있어 초래될 수 있는 금융거래의 혼란을 최소화 하기 위해 일부 조문을 보완·수정하는 한편 기타 자구·체계상의 문제점을 정리하려는 것임.□ 수정주요골자1. 혐의거래보고를 의무적으로 해야하는 대상 금융기관을 정의함에 있어 금융실명법상의 금융기관을 인용하는대신에 적용대상 금융기관등을 직접 이 법에서 구체적으로 나열하여 명시함(안 제2조).2. 금융정보분석원의 업무성격상 독립성·중립성이 요구된다는 점에서 동 조직의 명칭 및 업무수행의 독립성에관한 사항을 법률로 규정함(안 제3조).3. 금융기관등이 불법재산 또는 자금세탁행위와 관련된 혐의거래를 금융정보분석원에 보고하는 때 그 의심되는합당한 근거를 명시함(안 제4조제3항).4. 법 집행기관의 과다한 정보제공 요구방지와 개인의 금융비밀 침해가능성을 최소화 하기 위해 정보제공 요구기관을 축소하고, 검찰총장등이 특정금융거래정보를 단서로 개시된 특정형사사건의 수사등을 위하여 필요한때에 금융정보분석원장에게 정보제공을 요구할 수 있도록 하는 규정을 삭제함(안 제7조제3항 및 제4항).5. 검찰총장등은 반드시 문서에 의해 특정금융거래정보를 요구하도록 그 절차를 강화하고, 금융정보분석원장이수사기관등에 특정금융거래정보를 제공한 경우에 심사분석 및 제공과정에 참여한 공무원의 성명 등을 기록하여 보존토록 하는 규정을 신설함(안 제7조제4항 및 제5항).6. 관계공무원의 비밀준수의무외에도 외부의 압력이나 부당한 지시를 차단할 수 있도록 누구든지 금융정보분석원의 소속 공무원 등에 대해 특정금융거래정보등의 제공이나 목적외 사용을 요구할 수 없도록 보완함(안 제9조 및 제13조).7. 금융기관에 대한 내부보고 체제구축에 따른 실효성 확보를 위하여 의무 위반에 대한 과태료의 즉시부과 보다 위반사실이 있는 경우 시정명령 또는 징계요구 등 필요한 조치를 명하고 명령 또는 요구 미이행시 과태료를 부과할 수 있도록 조문을 정리함(안 제17조).']",재정경제위원회,[]
160374,  예금자보호법중개정법률안,2000-11-23,정부,2000-12-22,대안반영폐기,제16대 (2000~2004) 제215회,"['제안이유？？？？예금보험공사가 부실금융기관에 지원한 자금을 원활히 회수하고 금융부실의 재발을 방지하기 위하여 부실기업에 대한 예금보험공사의 책임추궁기능을 강화하는 등 현행 제도의 운영상 나타난 일부 미비점을 개선·보완하려는 것임.주요골자？？？？가. 예금보험공사가 부실금융기관등의 부실관련자에 대하여 손해배상청구를 하거나 이를 위한 업무 및 재산상황을 조사함에 있어서 부실관련자의 범위에 당해 부실금융기관등에 대하여 채무를 이행하지 아니한 채무자가 포함됨을 명확히 함(안 제21조의2).나. 예금보험공사가 부실금융기관의 정리 등의 업무를 수행함에 있어서는 원칙적으로 예금보험기금의 부담이 최소화되는 방법에 의하도록 하되, 금융제도의 안정성 유지를 위하여 필요한 경우에는 예외를 인정함(안 제35조 신설).다. 부보금융기관의 보험사고를 예방하기 위하여 대통령령이 정하는 부보금융기관의 경우에는 당해 부보금융기관의 임·직원의 채무불이행 또는 불법행위로 인한 손해를 보전하기 위한 배상책임보험에 의무적으로 가입하도록 함(안 제35조의9 신설).']",재정경제위원회,[]
160373,  범죄수익은닉의규제및처벌등에관한법률안,2000-11-23,정부,2001-09-03,수정가결,제16대 (2000~2004) 제215회,"[""■ 제안이유조직범죄·해외재산도피범죄 등 특정범죄에 의하여 발생한 범죄수익을 합법적인 수입으로 가장하거나 이를 은닉하는 행위(자금세탁행위)를 규제하는 한편, 당해 범죄수익의 몰수·추징에 관하여 형법 등에 대한 특례를 규정함으로써 반사회적인 범죄행위를 사전에 예방하고 범죄를 조장하는 경제적 요인을 근원적으로 제거하려는 것임.■ 주요골자1. 조직범죄, 공무원 뇌물범죄, 밀수범죄, 해외재산도피범죄 등 특정범죄로부터 얻은 범죄수익의 취득 또는 처분 사실을 가장하거나 범죄수익을 은닉한 자는 5년 이하의 징역 또는 3천만원 이하의 벌금에 처하도록 함(안 제3조).2. 정을 알면서 범죄수익을 수수한 자는 3년 이하의 징역 또는 2천만원 이하의 벌금에 처하되, 법령상의 의무이행으로서 제공된 자금을 수수하는 경우 등에는 예외를 인정함(안 제4조).3. 금융기관등의 종사자는 금융거래와 관련하여 수수한 재산이 범죄수익이라는 사실을 알게 된 때 또는 금융거래의 상대방이 범죄수익을 은닉하고 있다는 사실 등을 알게 된 때에는 지체없이 그 사실을 수사기관에 신고하도록 의무화하고, 이를 위반한 자는 2년 이하의 징역 또는 1천만원 이하의 벌금에 처하도록 함(안 제5조).4. 특정범죄에서 발생한 범죄수익 등은 몰수할 수 있도록 하고, 이를 몰수할 수 없거나 재산의 성질상 몰수함이 상당하지 아니한 경우에는 몰수할 가액을 추징할 수 있도록 함(안 제8조 내지 제10조).■ 위원회 수정사항□ 수정이유정치자금의 투명성 보장을 위하여 이 법의 규율대상이 되는 전제범죄의 종류에 정치자금에관한법률 위반행위를추가하고 조세포탈죄의 범위를 부정환급을 받은 경우로만 한정하도록 하려는 것임.□ 수정주요골자1. 범죄수익 은닉행위의 범위를 제한하여 특정범죄를 조장하거나 또는 적법하게 취득한 재산으로 가장할 목적으로 범죄수익을 은닉하는 경우에만 이를 은닉행위로 보도록 규정함(안 제1조 및 제3조).2. 정치자금에관한법률위반죄를 이 법의 규율대상이 되는 전제범죄에 추가함(안 별표 제15호).3. 전제범죄중 특정경제범죄가중처벌등에관한법률 제8조에 의한 2억원 이상의 조세포탈죄의 범위를 범죄수익이특정될 수 있는 '부정환급'의 경우만으로 한정하도록 함(안 별표 제20호).""]",법제사법위원회,[]
160372,  도로교통법중개정법률안(이연숙의원등 26인 외 9인),2000-11-23,의원,2000-12-22,대안반영폐기,제16대 (2000~2004) 제215회,['■ 제안이유 및 주요내용최근 어린이와 청소년들 사이에 급속히 보급되고 있는 킥보드 등은 방향전환이 쉽지 않고 제동에도 문제가 있어 안전사고의 위험성이 크므로 어린이의 보호자는 어린이가 도로에서 킥보드 등을 탈 때에는 헬멧을 착용하도록 하여야 하고 이의 위반시 그에게 벌칙을 부과하도록 함.'],행정자치위원회,"['이연숙', '강숙자', '고진부', '권기술', '김경천', '김근태', '김기배', '김영구', '김용학', '김원웅', '김정숙', '김호일', '박세환', '박승국', '손태인', '안상수', '유재건', '윤경식', '이인기', '이정일', '이주영', '전재희', '정병국', '정인봉', '한승수', '홍사덕']"
160371,  대도시권광역교통관리에관한특별법중개정법률안(이재창의원등 23인),2000-11-23,의원,2000-12-20,대안반영폐기,제16대 (2000~2004) 제215회,"['■ 제안이유현행 대규모 개발사업에 따른 광역교통개선대책의 수립을 의무화하고 택지개발사업 또는 대지조성사업의 시행자로부터 징수되는 부담금을 광역교통시설특별회계에 귀속하도록 함으로써 대도시권내의 광역교통문제를 해결하고자 하는 것임.■ 주요내용가. 대규모 개발사업시 광역교통개선대책을 의무적으로 수립토록 하고, 건설교통부 장관은 관계 시？도지사와 협의하도록 함(안 제7조).나. 징수된 부담금의 100분의 25는 교통시설특별회계중 광역교통시설계정에 귀속하고, 나머지 100분의 75는 시？도의 지방광역교통시설특별회계에 귀속하여 광역교통문제의 원활한 해소를 도모함(안 제11조의2제1항).다. 광역교통에 영향을 미치는 지방도 및 시？군？구도 등에 대하여 시？도지사가 필요하다고 인정하는 경우 부담금을 사용할 수 있도록 함(안 제11조의2제2항제3호).']",건설교통위원회,"['이재창', '고흥길', '권기술', '김기배', '김문수', '김용갑', '김원길', '김태호', '남경필', '목요상', '박세환', '손학규', '신현태', '안경률', '안택수', '오장섭', '이근진', '이성헌', '이원창', '이해봉', '정병국', '정장선', '조정무']"
160369,  사회복지사업법중개정법률안(김홍신의원등 21인),2000-11-22,의원,2003-06-30,대안반영폐기,제16대 (2000~2004) 제215회,"['■ 제안이유 및 주요골자97년 금융위기 이래로 노숙인의 인권보장이 우리 사회에 큰 문제가 되고 있음에도 불구하고 법률이 이에 관한사항을 규율하고 있지 못한 실정이어서 노숙인 대책이 임시방편에 그치고 있는바, 사회복지사업의 기본법인 사회복지사업법에 노숙인의 보호를 위한 정책을 실시하도록 그 근거를 마련하여 장기적 시각에서 노숙인의 인권문제를 해결하도록 함.']",보건복지위원회,"['김홍신', '고진부', '권오을', '김명섭', '김문수', '김부겸', '김성순', '김영춘', '김찬우', '박시균', '손희정', '송영길', '원희룡', '윤여준', '이부영', '이성헌', '이원형', '이재오', '전재희', '조정무', '최영희']"
160368,  자원의절약과재활용촉진에관한법률개정법률안,2000-11-21,정부,2001-12-21,대안반영폐기,제16대 (2000~2004) 제215회,"['제안이유？？？？폐기물의 발생을 생산단계에서부터 억제하고 발생된 폐기물의 재활용을 촉진하기 위하여 폐기물의 발생량이 많은 제품·포장재의 생산자에게 재활용의무를 부과하는 한편, 생산자와 소비자가 폐기물에 대한 책임을 합리적으로 분담할 수 있는 재활용체계를 수립하려는 것임.주요골자？？？？가. 제품의 포장재질(包裝材質) 및 포장방법에 관한 기준과 1회용품 사용억제 등의 실천사항을 위반한 자에 대하여 필요한 조치를 명한 후 과태료를 부과하도록 하던 것을 위반자에 대하여 바로 과태료를 부과할 수 있도록 함(안 제9조·제10조 및 제40조제1항제1호·제3호).나. 유해물질을 함유하고 있거나 재활용이 어려운 제품 등의 제조업자 또는 수입업자에 대하여 폐기물부담금을 납부하게 할 수 있도록 함(안 제12조).다. 재활용을 촉진하기 위하여 분리수거를 위한 표시가 필요한 제품에 대하여 그 제조업자 등으로 하여금 분리배출표시를 하도록 함(안 제14조).라. 폐기물의 회수·재활용을 위하여 회수·처리비용을 사전에 예치하는 폐기물예치금제도(廢棄物預置金制度)를 폐지하는 대신 재활용이 가능한 제품·포장재의 제조업자·수입업자 및 판매업자에게 그 폐기물의 재활용 의무를 부과하여 폐기물을 재활용하거나 재활용사업공제조합을 설립하여 그 의무를 이행할 수 있도록 하고, 그 의무를 이행하지 아니하는 경우에는 재활용부과금(再活用賦課金)을 징수하도록 함(안 제16조 내지 제19조).마. 빈 용기의 회수·재사용을 촉진하기 위하여 빈용기보증금을 제품가격에 포함시킬 수 있도록 하고, 소비자가 빈 용기를 반환하는 경우 제조업자·판매업자 등은 빈용기보증금을 돌려주도록 함(안 제22조).']",환경노동위원회,[]
160367,  정보통신망이용촉진등에관한법률개정법률안,2000-11-21,정부,2000-12-15,대안반영폐기,제16대 (2000~2004) 제215회,"['제안이유？？？？정보통신망의 이용을 촉진하기 위하여 인터넷서비스 품질 개선 및 인터넷주소자원의 확충을 위한 시책을 마련하고, 정보통신서비스이용자의 개인정보를 보호하기 위하여 정보통신서비스제공자에 대한 규제를 강화하며, 인터넷상의 음란·폭력물로부터 청소년을 보호하기 위하여 정보내용등급자율표시제를 도입하는 한편, 학교·도서관 등 청소년이용시설에 대하여 청소년유해정보를 선별·차단할 수 있는 소프트웨어의 설치를 권장하고 그밖의 현행 제도의 운영상 나타난 일부 미비점을 개선·보완하려는 것임.주요골자？？？？가. 정보통신망의 이용촉진 등에 관한 사항외에 정보통신서비스이용자의 개인정보의 보호제도에 관한 사항이 대폭 규정됨에 따라 법률의 명칭을 「정보통신망이용촉진및정보보호등에관한법률」로 변경함(안 제명).나. 정보통신부장관은 정보통신서비스이용자의 권익 보호를 위하여 인터넷서비스의 품질개선과 인터넷주소자원의 확충 및 적정한 활용을 위한 시책을 강구하도록 함(안 제15조 및 제16조).다. 정보통신서비스제공자가 개인정보의 수집·처리·관리 등을 타인에게 위탁하는 경우에 그 타인의 개인정보보호위반행위에 대하여 책임을 지도록 하고, 정보통신서비스제공자외의 자가 정보통신망을 이용하여 개인정보를 수집·저장·처리하는 경우에도 이 법에 의한 개인정보보호관련 의무를 부과함(안 제25조 및 제59조).라. 14세 미만의 아동으로부터 개인정보를 수집하는 경우 법정대리인의 동의를 받도록 하고, 법정대리인에게 아동의 개인정보에 대한 열람 및 정정 요구권을 부여함(안 제31조).마. 개인정보와 관련된 분쟁을 간편·신속하게 조정하기 위하여 개인정보분쟁조정위원회를 설립하고, 동위원회의 구성·운영 및 조정절차 등에 관한 사항을 정함(안 제33조 내지 제40조).바. 정보통신부장관은 일반에게 공개를 목적으로 정보를 제공하는 자에게 자율적으로 일정한 기준 및 표시방법에 따라 그가 제공하는 정보의 내용에 대하여 등급을 부여하고 이를 표시하도록 권장하고, 그 등급의 기준 및 표시방법은 정보통신윤리위원회가 청소년보호단체 등의 의견을 들어 정하여 공표하도록 함(안 제41조).사. 청소년보호법상의 청소년유해매체물인 정보를 정보통신망을 이용하여 제공하고자 하는 자는 청소년유해매체물임을 표시하도록 하고, 청소년유해매체물임을 표시하지 아니하고 영리를 목적으로 당해 정보를 제공하는 경우에는 과태료에 처하도록 함(안 제43조 및 제67조제1항제12호).아. 컴퓨터바이러스를 전달·유포하거나 타인의 정보통신망의 안정적 운영을 방해할 목적으로 대량의 정보를 전송하는 등의 행위에 대한 처벌근거를 마련함(안 제49조 및 제62조).']",과학기술정보통신위원회,[]
160366,  경비업법개정법률안,2000-11-21,정부,2001-03-08,수정가결,제16대 (2000~2004) 제215회,"['■ 제안이유국가중요시설에 대한 효율적인 경비체계의 구축을 위하여 경비업의 종류에 특수경비업무를 추가하고, 기계경비산업이 급속히 발전함에 따라 기계경비업무의 신고제를 허가제로 변경하는 한편, 기계경비업자의 신속대응조치의무에 관한 사항 등을 규정하는 등 현행 제도의 운영상 나타난 일부 미비점을 개선·보완하려는 것임.■ 주요골자1. 기계경비업무를 신고제에서 허가제로 변경하고, 국가중요시설의 경비를 담당하는 특수경비업무를 경비업의종류로 신설함(안 제2조제1호라목 및 마목).2. 경비업허가의 실효성을 확보하기 위하여 경비업 허가를 5년마다 갱신하도록 함(안 제6조).3. 국가중요시설을 경비하는 특수경비업자는 부득이한 사유로 경비업무를 계속할 수 없는 경우에 대비하여 경비대행업자를 지정하도록 함(안 제7조제6항 및 제7항).4. 기계경비업자는 경비대상시설에 대한 경보를 수신한 때에는 신속하게 대응조치를 취하도록 하고, 계약상대방에게 기기사용요령 등을 설명하도록 함(안 제8조 및 제9조제1항).5. 지방경찰청장은 국가중요시설의 경비업무 수행을 위하여 필요한 경우에 시설주로부터 신청이 있는 때에는시설주에게 무기를 대여할 수 있고, 시설주는 대여받은 무기를 특수경비업자에게 제공하여 특수경비원으로하여금 무기를 휴대·사용할 수 있도록 함(안 제14조제3항 내지 제5항).6. 특수경비원의 복종의무 및 경비구역이탈금지 의무를 명시하고, 국가중요시설의 정상적 운영을 해치는 장해를 일으킨 경우와 정당한 사유없이 무기를 소지하고 배치된 경비구역을 벗어나는 경우 등에 대한 벌칙을 규정하는 한편, 경비업무 수행중 권한을 남용하여 폭행·상해 등의 죄를 범한 경우 그 형을 가중하도록 함(안제15조·제28조 및 제29조).■ 위원회 수정사항□ 수정이유경비업자가 경비업무외 제조업, 근로자파견업 등 다른 업무를 병행할 경우 무자격자 유입, 총기유출의 위험성이 높으므로 이를 차단하기 위해 경비업자는 경비업 이외의 영업을 할 수 없도록 하고, 무기관리 사용의 안전을 위하여 시설주·관할 경찰서장의 무기관리책임 및 관할 경찰서장의 지도 감독책임과 무기의 개념을 명확히규정하고, 무기관리의무 위반자에 대한 형사처벌 및 과태료 규정을 두었으며, 특수경비원의 무기 오남용을 막기 위해 안전사용수칙을 법률에 구체적으로 규정하고, 무기를 휴대한 특수경비원 쟁의행위시 국가중요시설 방호에 중대한 차질을 초래할 수 있으므로 단체행동권을 금지함.□ 수정주요골자1. 무기의 개념을 명확히 규정함. (안 제2조제4호)2. 경비업자의 경비업 이외의 영업금지 규정을 신설함. (안 제7조제8항)3. 특수경비원에 대한 정기교육 및 경찰의 감독의무규정을 신설함. (안 제13조제2항 및 제3항)4. 무기관리·지도감독책임의 구체화 및 위반시 처벌규정을 신설함. (안 제14조제5항 내지 제7항, 안 제28조제 4항제1호, 안 제30조, 안 제31조제1항제5호)5. 특수경비원의 쟁의행위 금지규정 및 형사처벌규정을 신설함. (안 제15조제3항, 안 제28조제4항제2호)6. 특수경비원의 무기사용 안전수칙 규정 신설 및 가중처벌 구성요건을 구체화함. (안 제15조제4항, 안 제29조)7. 시행일을 6월에서 3월로 단축함. (안 부칙 제1조)']",행정자치위원회,[]
160365,  고엽제후유의증환자지원등에관한법률중개정법률안(장태완의원 외 34인),2000-11-21,의원,2003-04-30,대안반영폐기,제16대 (2000~2004) 제215회,"['■ 제안이유고엽제후유증 2세환자는 유전에 의한 동일한 고엽제후유증환자임에도 불구하고 현행법상 고엽제로 인한 질병으로 추정되고 있는 고엽제후유의증환자와 마찬가지로 장애정도를 고도장애, 중등도장애 및 경도장애로 구분하여수당지급 및 진료체계를 유지하고 있는 바, 고엽제후유증 2세환자를 고엽제후유의증환자와 구분하여, 별도의장애등급을 1급에서 6급으로 세분화해서 이들에 대한 실질적인 보상 및 진료가 행해질 수 있도록 하고자 함.■ 주요골자1. 고엽제후유증 2세환자에 대해서는 고엽제 후유증환자와 동일한 의료보호를 받을 수 있도록 함(안 제7조의2제1항).2. 고엽제후유증 2세환자에 대해서는 고엽제후유의증 환자에 대한 수당과 구분하여 보상금을 장애정도에 따라차별적으로 지급할 수 있도록 함(안 제7조의2제2항 및 제4항).3. 고엽제후유증 2세환자의 장애등급을 1급에서 6급으로 세분화 함(안 제7조의2제3항)']",정무위원회,"['장태완', '김민석', '김성순', '김영진', '김영환', '김원길', '김화중', '김희선', '박병석', '박병윤', '배기선', '설훈', '송석찬', '송영길', '신기남', '원유철', '유삼남', '유재건', '유재규', '윤철상', '이근진', '이상수', '이인제', '임종석', '임채정', '정균환', '정동영', '정동채', '정범구', '정세균', '조성준', '천정배', '최선영', '한화갑']"
160364,  공중위생관리법중개정법률안(심재철의원등 14인 외 119인),2000-11-21,의원,2002-07-31,대안반영폐기,제16대 (2000~2004) 제215회,"['■ 제안이유현행 공중위생관리법은 규제완화 및 보건위생 관련 부패방지 차원에서 공중위생영업을 자유업종으로 규정하고있으나 법의 취지와는 달리 사회풍속을 저해하고 향락산업의 과도한 발전등 청소년 교육 등에 지대한 악영향을끼칠수 있는바, 이의 개선을 위해 대통령령이 정하는 업소에 대해서는 자유업에서 허가업종으로 전환코자 함.■ 주요골자공중위생영업중 대통령령이 정하는 업소에 대해서는 영업소 개설 및 영업장 소재지 변경시 시·군·구청장에게통보하던 것을 허가사항으로 전환함(안 제3조 제2항).']",보건복지위원회,"['심재철', '강재섭', '김기춘', '김정숙', '김찬우', '목요상', '박시균', '박원홍', '손희정', '원희룡', '윤여준', '윤한도', '이부영', '이원형', '김만제', '김무성', '김문수', '김부겸', '김성조', '김영구', '김영일', '김영춘', '김용갑', '김용균', '김용학', '김원웅', '김일윤', '김종하', '김진재', '김태호', '김학송', '김형오', '김호일', '김홍신', '나오연', '남경필', '도종이', '맹형규', '민봉기', '박관용', '박근혜', '박명환', '박세환', '박승국', '박재욱', '박종근', '박종웅', '박종희', '박주천', '박창달', '박헌기', '박혁규', '박희태', '백승홍', '서상섭', '서정화', '서청원', '손태인', '손학규', '신경식', '신영국', '신영균', '신현태', '심규철', '안경률', '안상수', '안영근', '안택수', '엄호성', '오세훈', '유성근', '유흥수', '윤경식', '윤두환', '윤영탁', '이강두', '이규택', '이방호', '이병석', '이상득', '이상배', '이상희', '이성헌', '이연숙', '이원창', '이윤성', '이인기', '이재오', '이재창', '이주영', '이한구', '이해봉', '이회창', '임인배', '임진출', '임태희', '전용원', '전재희', '정문화', '정병국', '정의화', '정인봉', '정재문', '정창화', '정형근', '조웅규', '조정무', '주진우', '최돈웅', '최병국', '최병렬', '최연희', '하순봉', '허태열', '현경대', '현승일', '홍사덕', '황승민', '황우여']"
160363,  지방세법중개정법률안(전갑길의원등2인 외 48인),2000-11-21,의원,2004-05-29,임기만료폐기,제16대 (2000~2004) 제215회,"['■ 제안이유특별시·광역시세와 구세간의 세목배분을 살펴 볼 때 특별시·광역시에 조세수입이 편중되어 있는 실정임. 이로 말미암아 자치구는 그 세입의 상당부분을 의존재원에서 충당하고 있음. 따라서 조세수입의 편중구조를 시정하고 자치구의 재정자립도를 제고하고자 함.■ 주요골자특별시·광역시세인 자동차세와 구세인 면허세를 서로 교환하고자 함(안 제6조제1항제1호마목, 동조제3항제1호가목, 제170조).']",행정자치위원회,"['전갑길', '고진부', '권태망', '김경천', '김근태', '김락기', '김무성', '김성순', '김영진', '김옥두', '김용균', '김운용', '김태홍', '김희선', '민봉기', '박상규', '박종희', '서상섭', '설훈', '송석찬', '송훈석', '신현태', '안영근', '원유철', '원희룡', '윤두환', '윤철상', '이강두', '이강래', '이낙연', '이병석', '이원창', '이인기', '이호웅', '이훈평', '임종석', '장영신', '장정언', '장태완', '정대철', '정동채', '정문화', '정창화', '주진우', '최병국', '최용규', '하순봉', '허태열']"
160362,  예금자보호법중개정법률안(홍재형의원등 30인 외 1인),2000-11-21,의원,2000-12-22,대안반영폐기,제16대 (2000~2004) 제215회,"['■ 제안이유금융부실을 사전예방하기 위하여 예금보험공사의 기능을 강화할 필요성에 따라 이를 위한 제도적 장치를 마련하려는 것임.■ 주요내용가. 공사가 보험사고의 예방을 위하여 부보금융기관(附保金融機關) 및 그 지주회사 등에 대하여 업무 및 재산상황에 관한 자료제출요구 및 조사를 할 수 있도록 하고, 조사결과 보험사고의 위험이 있다고 판단되는 경우 금융감독위원회에 적절한 조치를 취하여 줄 것을 요청할 수 있도록 함(안 제21조).나. 공사가 부보금융기관이 되고자 하는 자의 보험가입자격을 심사하여 그 결과에 따라 승인여부를 결정할 수 있도록 하고 부보금융기관이 특별보험료를 납부하지 않을 경우 보험관계를 해지할 수 있도록 함(안 제29조 및 제29조의3).']",재정경제위원회,"['홍재형', '강숙자', '김근태', '김동욱', '김만제', '김원길', '김태식', '김효석', '문석호', '박병윤', '박종근', '서상섭', '송광호', '신경식', '신기남', '심규섭', '안대륜', '윤경식', '이근진', '이원성', '이원형', '이정일', '이훈평', '임진출', '임태희', '장영신', '장태완', '전용학', '정세균', '추미애']"
160361,  지방세법중개정법률안(엄호성의원 외 19인),2000-11-20,의원,2000-12-21,폐기,제16대 (2000~2004) 제215회,"['■ 제안이유현행법상 승용자동차에 대한 자동차세는 차량의 사용연수에 따른 재산적 가치 감소를 고려하지 않고 배기량을기준으로 일괄적인 과세가 되고 있어서 조세형평에 어긋난다는 문제점이 제기되고 있는 바, 5년이상 경과된 비영업용 승용자동차에 대하여는 보유기간에 따라 차등적으로 자동차세를 부과하도록 함으로써 자동차의 장기보유나 중고차의 거래를 활성화하고 조세의 형평성을 도모하려는 것임.■ 주요골자1. 비영업용 승용자동차에 대하여 신규등록일부터 납기가 있는 달의 1일 현재까지의 기간이 5년이 지난 때부터매년 10%씩 최고 50%까지 단계적으로 자동차세를 감액함(안 제196조의5제1항).2. 자동차세의 사용연수별 차등과세에 따라 지방세수입이 감소하는 것을 보전하기 위하여 주행세의 세율을1,000분의 32에서 1,000분의 90으로 상향조정함(안 제196조의17).']",행정자치위원회,"['엄호성', '강신성일', '권태망', '김무성', '김진재', '김학송', '김형오', '도종이', '박관용', '안경률', '원희룡', '윤경식', '윤한도', '이강두', '이부영', '이성헌', '정문화', '정재문', '최병렬']"
160360,  부동산투자회사법안,2000-11-20,정부,2001-03-08,수정가결,제16대 (2000~2004) 제215회,"['■ 제안이유다수의 투자자로부터 모은 자금을 부동산에 투자한 후 그 수익을 투자자에게 배분하는 부동산투자회사의 설립과 운영에 관한 사항을 정함으로써 소액투자자가 부동산에 간접적으로 투자할 수 있는 기회를 확대하고 건전한부동산투자를 활성화하려는 것임.■ 주요골자1. 부동산투자회사를 설립하고자 하는 자는 건설교통부장관의 인가를 받도록 함(안 제5조).2. 부동산투자회사는 자본금 500억원 이상의 주식회사로 하되, 설립시에 발행하는 주식의 100분의 30 이상을일반인으로부터 공모하도록 함(안 제6조 및 제9조).3. 부동산투자회사의 주주는 발행주식 총수의 100분의 10을 초과하여 주식을 소유하지 못하도록 하고, 이 한도를 초과하는 주식에 대하여는 의결권을 행사하지 못하도록 함(안 제15조).4. 부동산투자회사는 그 자산을 부동산의 취득·관리·개량 및 처분, 부동산의 임대·임차, 부동산의 개발, 유가증권의 매매와 금융기관에의 예치의 방법으로만 투자·운용하도록 함(안 제21조).5. 부동산투자회사는 취득한 부동산을 일정기간 이상 보유하도록 하고, 나대지를 취득한 때에는 부동산개발사업을 시행한 후 처분하도록 함으로써 부동산의 단기보유에 의한 투기를 방지함(안 제26조제1항 및 제2항).6. 부동산투자회사의 경영건전성을 확보하기 위하여 부동산투자회사는 총자산의 100분의 70 이상을 부동산으로구성하도록 하고, 부동산개발사업에 대한 투자는 자기자본의 100분의 50 이내에서 대통령령이 정하는 비율을 초과하지 못하도록 함(안 제27조제1항 및 제28조제2항).7. 부동산투자회사는 배당가능이익의 100분의 90 이상을 의무적으로 배당하도록 함(안 제30조).■ 위원회 수정사항□ 수정이유 및 주요골자새로운 제도의 도입에 따른 투자자의 손실과 회사의 난립을 방지하기 위하여 부동산투자회사 및 부동산투자자문회사의 유사명칭사용금지에 관한 규정을 추가하고 이에 대한 벌칙규정을 둠으로써 일반 투자자를 보호할 수있도록 하였고,현물출자를 악용하여 특혜를 받을 우려가 있어 상법의 규정에 불구하고 설립시에는 현물출자를금지하는 것으로 하였으며, 부동산투자회사의 자회사에 관한 사항은 회사 책임하에 자율적으로 운용하도록 부동산관리회사에 관한 규정은 삭제하는 것으로 하였고, 부동산투자회사의 과도한 개발사업으로 투자자가 손실을입는 것을 방지하기 위하여 부동산개발사업에 대한 투자한도를 당초 자기자본의 100분의 50에서 100분의 30으로 제한하였으며, 부동산개발사업을 하고자 하는 경우에는 별도로 건설교통부장관의 인가를 받도록 함으로써개발사업의 남용을 방지할 수 있도록 하였고, 부동산투자자문회사의 최저자본금 규모에 관한 규정은 포괄적 위임의 우려가 있어 부동산투자자문회사의 중요성과 부동산투자회사의 자본금 규정과의 균형을 고려하여 최소한법률로 하한선을 정하여 대통령령으로 위임하도록 하였으며, 벌칙규정에 관하여는 부동산투자회사의 사회적 중요성을 고려하여 위반의 정도에 따라 벌금을 최고 1억원으로 대폭 상향조정하기로 하는 등 일부 미비점을 개선·보완하기 위하여 이를 수정하려는 것임.']",건설교통위원회,[]
160359,  자동차손해배상보장법중개정법률안,2000-11-20,정부,2000-12-20,수정가결,제16대 (2000~2004) 제215회,"['■ 제안이유 및 주요골자정부의 지방이양추진위원회의 의결에 따라 자동차보유자가 의무적으로 가입하여야 하는 보험 또는 공제의계약을 체결하고 그 계약이 종료된 뒤 새로운 계약을 체결하지 아니한 경우에 이에 관하여 보험사업자등이 행하는 통지를 접수하는 업무 에 관한 권한 등 시·도지사의 권한으로 되어 있는 것을 시장·군수 또는 구청장에게 이양하고, 의무적으로 가입하여야 하는 보험 또는 공제에 미가입된 자동차의 운행행위를 형사처벌대상에서범칙행위로 전환하여 동 행위를 한 자에 대하여는 범칙금납부 통고처분을 하도록 하며, 범칙금을 납부한 경우에는 더 이상 벌을 받지 아니하도록 하는 것 등을 내용으로 하는 범칙금납부 통고처분제도를 신설함으로써 이법 위반과 관련된 전과자의 양산을 방지하고 처벌절차를 신속히 종결하여 국민의 편의를 도모하려는 것임.■ 위원회 수정사항□ 수정이유 및 주요골자강제보험 미가입 차량의 운행금지에 대한 위반행위 자체를 범칙행위로 정의하고 있으나, 범칙행위의 내용을명확히 하고, 이에 따라 부과되는 범칙금의 액수를 정할 수 있도록 범칙행위의 구체적인 범위를 대통령령에서정하도록 위임하려는 것임']",건설교통위원회,[]
160358,  자동차관리법중개정법률안,2000-11-20,정부,2001-03-08,수정가결,제16대 (2000~2004) 제215회,"['■ 제안이유 및 주요골자현재 형사처벌의 대상으로 되어 있는 무등록 자동차정비업행위와 자동차 무단방치행위를 범칙행위로 규정하고,범칙행위를 한 자에 대하여는 범칙금납부 통고처분을 하도록 하며, 범칙금을 납부한 경우에는 더 이상 벌을 받지 아니하도록 하는 것 등을 내용으로 하는 범칙금납부 통고처분제도를 신설함으로써 이 법 위반과 관련된 전과자의 양산을 방지하고 처벌절차를 신속히 종결하여 국민의 편의를 도모하려는 것임.■ 위원회 수정사항□ 수정이유현재 형사처벌 대상인 무등록자동차정비행위를 통고처분으로 완화할 경우 불법행위가 더욱 증가될 우려가 있으므로 무등록정비행위는 현행대로 형사처벌토록하고, 자동차정비업을 등록한 자가 작업범위를 위반한 경우만을범칙행위로 규정하여 통고처분토록 하며 범칙행위중 상습적이거나 죄질이 중한 통고처분 제외대상자를 구체적으로 법률에서 규정하기 위하여 수정하려는 것임□ 수정주요골자1. 자동차정비업에 대한 통고처분대상인 범칙행위를 자동차정비업을 등록한 자로서 작업범위를 위반한 경우로한정함(안제85조제1항)2. 범칙행위를 한 사람중 현행대로 형사처벌하여야 하는 경우는범칙행위를 한 날로부터 1년이내에 동일한 위반행위를 하거나, 도난자동차를 변조 또는 불법 구조변경을 행한 정비업자와 등록번호판을 제거하거나 차대번호를 훼손하여 자동차를 방치한 사람 등 구체적으로 규정함(안제85조제2항)']",건설교통위원회,[]
160357,  건설기계관리법중개정법률안,2000-11-20,정부,2000-12-15,원안가결,제16대 (2000~2004) 제215회,"['■ 제안이유도난당한 건설기계의 불법수출을 방지하기 위한 제도적 장치를 마련하고, 건설기계검사증 비치의무제도와건설기계 정기점검제도 등을 폐지함으로써 건설기계소유자 등의 부담을 완화 하는 한편, 현행 규정의 운영상나타난 일부 미비점을 개선·보완하려는 것임.■ 주요골자1. 종전에는 중고건설기계의 등록말소를 하지 아니하고도 수출이 가능하여 일부 도난당한 건설기계가 수출되는사례가 발생하였는 바, 앞으로는 수출하기 전에 미리 등록말소를 하도록 의무화함으로써 도난 등에 의한 불법수출을 예방할 수 있도록 함(안 제6조제2항).2. 건설기계를 운행할 때에는 그 소유자로 하여금 건설기계검사증을 건설기계에 비치하도록 하는 제도를 폐지하고, 건설기계의 안전도 확보를 위하여 실시하는 정기검사와 정기점검제도를 정기검사제도로 통합하여 일원화함으로써 건설기계 소유자의 부담을 완화하도록 함(현행 제15조제1항 및 제16조 삭제).3. 건설기계를 제작·조립·수입하는 자가 형식신고를 한 건설기계에 대하여 종전에는 제작 등을 한 건설기계전부에 대하여 신규등록검사를 받도록 하였으나, 앞으로는 최초로 형식신고를 하는 1대에 대하여 제작자 등의 신청에 의한 확인검사를 받을 수 있도록 하고, 이러한 확인검사를 받은 경우 같은 형식의 건설기계에 대하여는 신규등록검사를 면제하도록 함(안 제19조 신설).']",건설교통위원회,[]
160356,  여객자동차운수사업법중개정법률안,2000-11-20,정부,2000-12-20,수정가결,제16대 (2000~2004) 제215회,"['■ 제안이유 및 주요골자여객자동차운송사업의 명의이용금지에 관한 규정의 위반을 면허 또는 등록의 필요적인 취소사유로 하는 것이위헌이라는 헌법재판소의 결정에 따라 이를 임의적인 취소사유로 변경하고, 자동차대여사업의 관리위탁을 자동차대여사업자가 아닌 자에게도 할 수 있도록 하기 위하여 필요한 사항을 건설교통부령으로 정하도록 하며, 당초 2000년도말까지만 적용하기로 되어 있는 사업용 자동차의 차령제한을 교통안전 확보를 위하여 계속 유지하는 등 현행 제도의 운영과정에서 나타난 일부 미비점을 개선·보완하려는 것임.□ 수정이유자동차대여사업의 가맹점제도 도입이 렌트카업체의 난립을 심화시켜 불법택시영업 등 운송질서문란으로 인한부작용 등 문제점이 많아 자동차대여사업의 관리위탁제도를 현행대로 유지하기 위하여 수정하려는 것임.□ 수정주요골자1. 자동차대여사업의 관리위탁은 현행제도대로 자동차대여사업자가 아닌 자에게는 할 수 없도록 함(안 제33조)2. 자동차대여사업의 관리위탁에 대해서는 현행대로 제13조(명의이용금지등)를 준용하도록 함(안 제36조)3. 법의 시행시기를 공포한 날부터 시행하도록 함(안 부칙)']",건설교통위원회,[]
160355,  건설기술관리법중개정법률안,2000-11-20,정부,2000-12-15,대안반영폐기,제16대 (2000~2004) 제215회,"['제안이유？？？？건설공사의 정보화를 촉진하기 위하여 건설교통부장관은 건설공사지원통합정보체계(建設工事支援統合情報體系)를 구축하기 위한 기본계획을 수립하도록 하고, 대규모의 건설공사를 효율적으로 시행할 수 있도록 건설사업관리제도를 활성화하기 위한 시행기준을 마련하는 한편, 개별 건설공사의 특성에 맞는 감리가 이루어질 수 있도록 감리제도를 다양화하는 등 현행 제도의 운영상 나타난 일부 미비점을 개선·보완하려는 것임.주요골자？？？？가. 건설교통부장관은 건설공사의 설계·시공·감리 등 각 단계별 업무를 정보화하는 건설공사지원통합정보체계를 효율적으로 구축하기 위하여 기본계획을 수립하도록 하고, 기본계획의 내용 및 수립절차를 정함(안 제15조의2).나. 종전에는 건설공사 또는 설계등 용역업무를 부실하게 수행한 경우 부실벌점을 부과할 수 있도록 하였으나, 앞으로는 이를 의무적으로 부과하도록 함으로써 건설공사 및 설계등 용역업무의 부실을 예방할 수 있도록 함(안 제21조의4).다. 건설사업의 복합화·대형화 추세에 따라 전문적인 건설사업관리기술을 가진 민간회사로 하여금 건설사업을 관리하도록 하는 건설사업관리제도를 활성화하기 위하여 건설사업관리의 업무내용 및 대가기준 등의 세부기준을 마련함(안 제22조의2 내지 제22조의5 신설).라. 레미콘·모래 등 건설공사에 사용되는 건설자재의 품질을 확보하기 위하여 건설자재의 생산·공급 및 보관에 관하여 필요한 기준을 정하고, 품질확인결과 당해 건설자재를 건설공사에 사용하는 것이 적합하지 아니한 경우에는 건설교통부장관이 관계 행정기관의 장에게 시정명령 등 필요한 조치를 하도록 요청할 수 있도록 함(안 제24조의2 신설).마. 건설공사가 환경과 조화되게 이루어질 수 있도록 하기 위하여 건설공사의 발주자로 하여금 환경훼손 및 오염의 방지 등 건설공사의 환경관리에 필요한 비용을 공사금액에 계상하도록 함(안 제26조의5 신설).바. 종전에는 책임감리 대상이 아닌 중소규모의 건설공사에 대하여는 별도의 감리제도가 없어 부실공사의 우려가 있었으나, 앞으로는 건설공사가 설계도서·관계법령의 내용대로 시공되는지 여부를 확인하거나 시공·안전 등에 대하여 기술지도를 행하는 검측감리(檢測監理) 및 시공감리(施工監理)제도를 도입함으로써 중소규모의 건설공사의 품질향상을 도모함(안 제27조의2).']",건설교통위원회,[]
160354,  고령자고용촉진법중개정법률안,2000-11-20,정부,2002-11-07,대안반영폐기,제16대 (2000~2004) 제215회,"['■ 제안이유 및 주요골자고령화사회에 대비하여 무료직업소개 사업자중 전문인력과 시설을 갖춘 비영리법인이나 단체를 고령자 인재은행으로 지정하여 고령자의 직업지도와 취업알선 등의 업무를 하도록 하고 국고에서 지원하고 있으나, 그 지정의 세부기준 및 절차에 관한 사항을 정하고 있지 아니하여 이를 하위법령에서 정할 수 있도록 하는 위임근거를마련하는 한편 지정의 취소 등에 관한 사항을 정함으로써 고령자 인재은행의 효율적 운영을 도모하려는 것임.']",환경노동위원회,[]
160353,  사내근로복지기금법중개정법률안,2000-11-20,정부,2001-02-28,원안가결,제16대 (2000~2004) 제215회,"['■ 제안이유기업내에서 노사가 자율적으로 기금을 조성하여 운영하는 사내근로복지기금제도가 근로자의 생활안정과 복지증진에 기여할 수 있도록 하기 위하여 사업의 폐지로 인한 기금해산시 잔여재산의 처리방법을 개선하고, 기업의구조조정 등으로 인한 기업의 합병·분할에 따라 기금도 합병·분할할 수 있도록 하는 근거를 마련하는 등 현행 제도의 운영과정에서 나타난 일부 미비점을 개선·보완하려는 것임.■ 주요골자1. 종전에는 기업내에 노동조합이 있는 경우 동 노동조합이 위촉하는 자를 사내근로복지기금 협의회의 근로자위원이 되도록 하여 기금운용에 관한 중요사항을 의결하도록 하였으나, 앞으로는 근로자의 과반수로 조직된노동조합이 있는 경우에 한하여 동 노동조합이 위촉하는 자가 동 협의회의 근로자 위원이 되도록 함(안 제8조제2항).2. 종전에는 사업의 폐지로 인하여 기금을 해산하는 경우 미지급임금 등을 지급하고 남은 기금의 잔여재산은정관이 지정하는 자에게 귀속하도록 되어 있었으나, 앞으로는 그 잔여재산의 100분의 50을 초과하지 아니하는 범위내에서 소속 근로자의 생활안정자금으로 배분할 수 있도록 하고, 그 나머지는 정관이 정하는 자에게귀속하도록 함(안 제23조의2 신설).3. 사업의 합병이나 분할·분할합병 등이 있는 경우에는 사내근로복지기금도 합병이나 분할·분할합병할 수 있도록 하고, 동 기금의 합병 및 분할·분할합병의 절차·기준·효과 등에 관한 사항을 정함(안 제23조의3 내지 제23조의8 신설).']",환경노동위원회,[]
160352,  임금채권보장법중개정법률안,2000-11-20,정부,2000-12-15,수정가결,제16대 (2000~2004) 제215회,"['■ 제안이유사업주의 파산 등으로 인하여 근로자가 임금 등을 지급받지 못하고 퇴직한 경우 노동부장관이 임금채권보장기금에서 사업주를 대신하여 지급하는 미지급 임금 등의 지급범위를 확대함으로써 근로자의 생활안정과 복지증진에 기여할 수 있도록 하고, 기타 현행 제도의 운영과정에서 나타난 일부 미비점을 개선·보완하려는 것임.■ 주요골자1. 임금채권보장기금에서 지급할 수 있는 미지급 임금 등의 범위에 사업주의 귀책사유로 휴업한 경우에 미지급된 3월분의 휴업수당을 추가하여 지급하도록 함(안 제6조제2항제2호 신설).2. 5인 미만의 근로자를 사용하는 사업주는 그 사업규모가 영세하고, 근로기준법상 퇴직금 지급의무도 없으므로 사업주가 임금채권보장기금에 납부하여야 할 의무가 있는 부담금을 경감할 수 있도록 함(안 제9조제1호신설).3. 임금채권보장기금의 사용용도를 명확하게 규정하고, 임금채권보장기금의 운용계획, 책임준비금의 적립, 잉여금과 손실금의 처리 등에 관한 사항은 산업재해보상보험법의 관련규정을 준용하도록 함(안 제16조의2 신설 및 제17조제2항).□ 수정이유 및 주요골자도산기업에서 퇴직한 근로자에 대한 보호를 강화하기 위하여 이번 법 개정으로 지급보장 범위에 새로이 포함되는 휴업수당의 경우 시행령에 체당금 상한액이 규정되어있지 않아 상한액의 제한을 받는 임금에 대한 체당금과형평이 맞지 않으므로, 시행령으로 휴업수당에 대한 체당금 상한액을 규정할 때까지 한시적으로 현행 임금 및퇴직금 상한액의 70% 상당액을 적용하도록 함.']",환경노동위원회,[]
160351,  기능장려법중개정법률안,2000-11-20,정부,2001-02-28,원안가결,제16대 (2000~2004) 제215회,"['■ 제안이유우수기능인력에 대한 사회적 인식을 제고하고 기능장려사업을 활성화하기 위하여 기능인의 범위 및 기능전승지원대상을 확대하는 한편, 현행제도의 운영과정에서 나타난 일부 미비점을 개선·보완하려는 것임.■ 주요골자1. 종전에는 국가기술자격법에 의한 기능계 및 서비스계의 기술종목에 해당하는 기능 등을 보유한 자를 기능인으로 하였으나, 앞으로는 기능인이 될 수 있는 분야를 생산·제조 및 서비스 분야 등으로 확대하여 동분야에서 숙련된 기능을 가지고 산업현장에 종사하는 자를 기능인으로 함(안 제2조제1호).2. 종전에는 산업사회에 필요하고 이를 계승·발전시킬 필요가 있다고 인정되는 분야의 기능을 전수하는 자에대하여 지원금을 지급하도록 하였으나 앞으로는 지원범위를 확대하여 기능을 전수받는 자에 대하여도 지원금을 지급하도록 함(안 제9조제1항).']",환경노동위원회,[]
160350,  자연환경보전법중개정법률안,2000-11-20,정부,2001-03-08,수정가결,제16대 (2000~2004) 제215회,"['■ 제안이유생태계보전지역의 토지매수가격을 공공용지의취득및손실보상에관한특례법의 규정에 의하여 산정하도록 하고,생태계보전협력금(生態系保全協力金)의 부과방식을 생태계의 훼손정도에 따라 부과하도록 개선하며, 기타 현행제도의 운영상 나타난 일부 미비점을 개선·보완하려는 것임.■ 주요골자1. 공시지가를 기준으로 평가하던 생태계보전지역의 토지매수가격을 공공용지의취득및손실보상에관한특례법의규정에 의하여 산정하도록 함(안 제25조제2항).2. 지방자치단체의 장은 해수욕장 등 공공용으로 이용되는 장소에 인접하거나 도로변에 있는 숲의 생태적·경관적 가치를 보전하기 위하여 출입·취사 또는 야영행위를 제한할 수 있도록 함(안 제45조).3. 총사업비를 기준으로 부과하던 생태계보전협력금을 생태계의 훼손면적을 기준으로 부과하도록 개선하여2001년 7월 1일부터 시행함(안 제49조제3항).4. 환경부장관은 생태계보전협력금을 납부한 자가 생태계를 복원한 경우에는 이를 돌려 줄 수 있도록 함(안 제49조제7항 신설).■ 위원회 수정사항□ 수정이유대통령령으로 지정하던 생태계보전지역을 습지보호지역 등 다른 보호지역의 지정과 같이 환경부장관이 지정·고시하도록 하고, 생태계보전협력금의 감면대상을 국방목적의 사업중 대통령령이 정하는 사업으로 한정하는 등일부 조항을 수정하려는 것임.□ 수정주요골자1. 대통령령으로 지정하던 생태계보전지역을 환경부장관이 지정·고시하도록 함(안 제2조제12호)2. 생태계보전협력금은 5억원의 범위내에서 부과하고, 감면대상을 국방목적의 사업중 대통령령이 정하는 사업으로 한정함(안 제49조제3항)3. 생태계보전협력금의 교부대상을 당해 사업지역을 관할하는 시·도지사로 명확히 하고, 교부금을 생태계보전협력금의 용도로 사용하도록 하는 등 교부금의 용도를 정함(안 제49조제6항 및 제52조)4. 생태계보전협력금 관련 개정규정은 이 법 공포후 6月이 경과한 날부터 시행하도록 함(부칙 제1항 및 제2항)']",환경노동위원회,[]
160349,  수도법중개정법률안,2000-11-20,정부,2001-02-28,수정가결,제16대 (2000~2004) 제215회,"['■ 제안이유댐 건설에 의한 물 공급정책에는 한계가 있고 비효율적으로 이용되는 물의 양이 많으므로 물수요관리를 강화하기 위하여 시·군·구별 물 수요관리목표를 정하도록 하고 이를 달성하지 못한 지방자치단체에 대하여는 각종개발사업의 추진을 제한하며, 물을 많이 쓰는 건축물에 중수도(中水道) 및 절수설비를 설치하도록 하는 등 물아껴쓰기 정책을 대폭 강화하는 한편 수도사업에 민간참여를 허용하는 등 맑고 깨끗한 수돗물의 공급체계를 정비하려는 것임.■ 주요골자1. 시장·군수가 수도정비기본계획을 수립하고자 하는 때에는 환경부장관 또는 건설교통부장관의 의견을 듣도록 하던 것을 승인을 얻도록 함(안 제4조제3항).2. 시·도지사는 관할 시·군·구별 물 수요관리목표를 정하고, 이를 달성하지 못한 지방자치단체에 대하여는수도사업, 도시 및 산업단지의 개발 등에 관한 인·허가 등을 제한할 수 있도록 함(안 제4조의3 신설).3. 수도사업자는 수도시설을 전문기관에 위탁하여 운영하거나 수도사업에 드는 비용의 전부 또는 일부에 대하여 민간자본을 유치할 수 있도록 함으로써 수도사업에 민간참여를 허용함(안 제8조제1항, 안 제17조제3항및 제17조의2 신설).4. 물을 많이 쓰는 건축물을 신축하고자 하는 자는 물사용량의 10퍼센트 이상을 재이용할 수 있는 중수도를 설치·운영하도록 하고, 중수도를 설치한 자에 대하여는 수도요금을 경감할 수 있도록 함(안 제11조).5. 숙박업·목욕장업 및 골프장업에 대하여는 기존 건물인 경우에도 절수설비 및 절수기기의 설치를 의무화함(안 제11조의2제2항 신설).■ 위원회 수정사항□ 수정이유절수기 설치의무의 이행을 담보하기 위하여 절수기 설치이행명령제를 도입하고, 중수도 및 빗물이용시설의 설치를 촉진하기 위하여 동 시설 설치자에 대한 경제적 지원을 강화하는 한편 새로 설립되는 한국상하수도협회의법률상 지위를 명확히 하기 위하여 현행 한국수도협회의 해산을 명시적으로 규정하는 등 일부 조항을 수정하려는 것임.□ 수정주요골자1. 물수요관리종합계획 및 동시행계획에 대한 변경근거를 마련함(안 제4조의3제1항 및 제2항).2. 절수설비 및 절수기기 설치의무를 이행하지 아니하는 자에 대해서는 이행명령을 할 수 있도록 함(안 제11조의2제4항 신설).3. 중수도 설치자에 대한 환경개선비용부담금 감면근거와 빗물이용시설 설치자에 대한 경제적 지원근거를 마련함(안 제11조의3제3항 및 부칙 제7조 신설).4. 기준에 맞지 아니한 수도용자재를 사용한 자 등에 대한 처벌을 강화함(안 제61조 및 제63조).5. 종전의 규정에 의한 한국수도협회는 한국상하수도협회가 새로 설립된 때에 해산된 것으로 보도록 명시적으로 규정함(안 부칙 제6조).']",환경노동위원회,[]
160348,  벤처기업육성에관한특별조치법중개정법률안,2000-11-20,정부,2001-01-09,원안가결,제16대 (2000~2004) 제215회,"['■ 제안이유벤처기업에 투자하는 개인투자조합의 결성이 급격히 증가하고 있으나 세제지원을 위한 확인제도 외에 이를 관리할 수 있는 제도적 장치가 미비함에 따라 개인투자조합에 대한 등록제를 신설하여 개인투자조합의 불법·부당행위 등을 사전에 방지하도록 함으로써 개인투자조합 출자자의 재산을 보호하도록 하고, 벤처기업의 주식매수선택권에 대한 부여절차를 간소화함으로써 벤처기업이 필요한 고급인력 등을 신속하게 확보할 수 있도록 하려는 것임.■ 주요골자1. 벤처기업에 투자할 목적으로 개인들이 출자하여 결성하는 개인투자조합이 이 법에 의한 지원을 받고자 하는경우에는 중소기업청장에게 등록하도록 하고, 개인투자조합의 업무집행조합원은 조합업무를 집행함에 있어서 조합명의로 자금을 차입하거나 지급보증 등을 할 수 없도록 함(안 제13조 신설).2. 종전에는 벤처기업의 주식매수선택권을 부여하는 경우 이에 대한 모든 사항을 주주총회의 특별결의로 결정하도록 하였으나, 앞으로는 교부할 주식 총수의 100분의 20의 범위안에서 당해 기업의 임·직원외의 자에게주식매수선택권을 부여하는 경우에는 부여받을 자 및 주식의 수 등을 이사회에서 결정할 수 있도록 함(안제16조의3제4항 신설).']",산업자원위원회,[]
160347,  부정경쟁방지및영업비밀보호에관한법률중개정법률안,2000-11-20,정부,2001-01-09,수정가결,제16대 (2000~2004) 제215회,"['■ 제안이유상표법조약(Trademark Law Treaty) 가입 추진을 위한 준비단계로서 부정경쟁행위 유형의 추가 등 동조약 가입을 위하여 이행하여야 할 사항을 정하는 한편, 부정경쟁행위 또는 영업비밀 침해행위와 관련된 소송을 보다 용이하게 진행하여 부정경쟁행위 등으로 인하여 영업상의 이익을 침해당한 자의 손해를 효과적으로 보전할 수 있도록 하기 위하여 손해액 산정방식을 개선하는 등 현행 규정의 시행상 나타난 일부 미비점을 개선·보완하려는것임.■ 주요골자1. 유명상표와의 혼동외에 비상업적 사용등 정당한 사유없이 유명상표의 표지의 식별력이나 명성을 손상시키는행위를 부정경쟁행위의 유형으로 추가하고, 이러한 손상 행위에 대하여는 다른 부정경쟁행위와 달리 고의가있는 경우에만 손해배상 및 신용회복의 책임을 묻도록 함(안 제2조제1호다목, 제5조 단서 및 제6조 단서 신설).2. 상표권자의 대리인이나 대표자, 또는 대리인이나 대표자이었던 자가 정당한 사유 없이 상표권자의 등록상표와 동일 또는 유사한 상표를 그 상표의 지정상품과 동일 또는 유사한 상품에 사용한 경우를 부정경쟁행위유형에 추가하여 파리협약 제6조의7제2항의 내용을 이 법에 수용함(안 제2조제1호사목 신설).3. 부정경쟁행위 또는 영업비밀 침해행위로 인한 손해액을 침해자가 양도한 수량에 침해당한 자가 그 물건의판매로 얻을 수 있는 단위수량당 이익액을 곱한 금액으로 보다 구체화하고, 손해액의 입증이 성질상 극히곤란한 경우에는 법원이 구술변론의 전취지 등에 기초하여 손해액을 인정할 수 있도록 함(안 제14조의2제1항 및 제5항 신설).□ 수정이유 및 주요골자다른 법률과의 관계를 규정하고 있는 안 제15조제2항중 ""제2조제1호다목 내지 마목""은 안 제2조제1호에 다목을신설·삽입하였으므로 ""제2조제1호라목 내지 바목""으로 목번호를 수정하려는 것임.']",산업자원위원회,[]
160346,  불공정무역행위조사및산업피해구제에관한법률안,2000-11-20,정부,2001-01-09,수정가결,제16대 (2000~2004) 제215회,"['■ 제안이유대외무역법에 무역진흥 등에 관한 일반적인 사항과 함께 규정되어 있던 불공정무역행위 및 산업피해구제에 관한 조사 등의 절차를 이 법에 따로 규정함으로써 일반 국민이 이를 쉽게 알 수 있도록 하고, 수입물품의 증가에 따른 국내산업의 피해구제절차를 세계무역기구설립을위한마라케쉬협정에 보다 부합하도록 개선하는 한편,무역위원회의 구성에 있어서 전문성 및 공정성을 강화하고, 불공정무역행위 등에 관한 조사절차를 명료화하여산업피해구제제도의 공정성 및 투명성을 높임으로써 공정무역질서를 확립하고 개방경제체제하에서의 국제경쟁력 강화에 기여하도록 하려는 것임.■ 주요골자1. 무역위원회는 불공정무역행위의 조사신청이 있는 경우에는 30일 이내에 조사개시 여부를 결정하도록 하고,조사개시 결정을 하는 경우 판정의 목표시한을 정하도록 하여 빠른 시일내에 조사절차를 완료할 수 있도록함(안 제5조 및 제9조).2. 불공정무역행위로 인하여 회복할 수 없는 피해를 받거나 받을 우려가 있는 자는 피해예방을 위하여 불공정무역행위의 중지를 무역위원회에 신청할 수 있도록 하는 잠정조치제도를 신설하고, 잠정조치 신청의 남용을막기 위하여 잠정조치를 신청하고자 하는 자는 담보를 제공하도록 함(안 제7조 및 제8조).3. 불공정무역행위를 한 자에 대한 과징금의 금액을 종전에는 3천만원 이하로 하던 것을 앞으로는 당해 불공정무역행위를 한 자의 거래금액을 기준으로 부과하여 위반행위로 인한 이익을 환수할 수 있도록 하고, 종전에는 무역위원회의 건의를 받아 산업자원부장관이 과징금을 부과하던 것을 앞으로는 무역위원회가 이를 직접부과하도록 함(안 제11조).4. 특정물품의 수입증가로 인한 국내산업의 피해를 구제하기 위하여 수입 등을 제한하는 세이프가드조치를 함에 있어서는 관련 산업 및 통상관계 등에 미치는 영향을 종합적으로 고려하도록 하고, 세이프가드조치의 내용도 국내산업의 피해구제 및 산업구조조정을 촉진하는데 필요한 범위로 하도록 함(안 제17조 및 제19조).5. 무역위원회는 물품 등의 수입이 국내산업의 경쟁력에 미치는 영향을 조사할 수 있도록 하고, 이를 위하여필요한 경우 관계 행정기관의 장 등에 대하여 자료의 제출을 요청할 수 있도록 함(안 제25조 및 제26조).6. 무역위원회 위원이 될 수 있는 자를 기업경영 또는 무역진흥분야에 10년 이상 경력이 있는 자로 제한하는등 자격요건을 강화하여 불공정무역행위 및 산업피해의 판정 등에 전문성 및 공정성이 확보되도록 함(안 제29조).□ 수정이유 및 주요골자무역위원회 위원의 전문성을 제고하기 위하여 위원의 연임을 허용하려는 것임(안 제29조제4항).']",산업자원위원회,[]
160345,  수산물품질관리법안,2000-11-20,정부,2000-12-22,수정가결,제16대 (2000~2004) 제215회,"['■ 제안이유다수 법령에 분산되어 있던 수산물에 대한 관리규정을 통합하여 일원화하고, 수산물가공산업을 육성하여 수산가공산업의 경쟁력을 높이는 한편, 위해요소중점관리제도(危害要素重點管理制度)를 도입하는 등 강화된 국제관리기준에 따라 수산물의 품질관리를 함으로써 상품성을 높이고 안전성을 확보하여 어업인의 자생적 기반을마련하고 어업인의 소득증대와 소비자보호에 이바지하려는 것임.■ 주요골자1. 수산물 및 수산특산물에 대한 품질인증제도를 도입하고 생산자단체 등을 품질인증기관으로 지정할 수 있도록 함으로써 어업인이 자율적으로 수산물 및 수산특산물에 대한 품질을 향상시킬 수 있도록 함(안 제6조 내지 제8조).2. 수산물 및 수산가공품에 대하여는 지리적 표시 및 원산지 표시를 하도록 하고, 유전자변형수산물의 경우 그표시를 하도록 하여 수산물의 특성에 따라 적절하게 관리할 수 있도록 함(안 제9조 내지 제14조).3. 해양수산부장관은 수산전통식품산업의 육성, 수산전통식품명인제도의 실시, 자금지원 등 각종 시책을 강구하도록 하고, 국가·지방자치단체 등에 대하여는 표준규격품·품질인증품 및 지리적특산품인 수산물 및 수산가공품을 우선구매를 할 수 있도록 함으로써 수산물가공산업을 육성하는 한편, 수산물가공업을 하고자 하는 자는 행정관청에 등록 또는 신고하도록 함(안 제15조 내지 제21조).4. 수산물 및 수산가공품의 생산 및 가공과정에서 해로운 물질이 섞이거나 수산물 및 수산가공품이 오염되는것을 방지하기 위하여 생산단계·가공단계 등 각 단계별 위해요소와 중점관리사항을 정한 위해요소중점관리제도를 도입하고 이에 따라 관리하도록 함으로써 수산물 및 수산가공품의 품질과 안전성을 제고함(안 제23조).5. 정부에서 수매·비축하거나 협약 등의 이행을 위하여 검사가 필요하다고 인정되는 수산물 및 수산가공품은품질 및 규격의 적합여부, 위해물의 혼입여부 등에 대하여 해양수산부장관의 검사를 받도록 하고, 해양수산부장관은 검사결과 인체에 해를 끼칠 수 있다고 인정되는 때에는 수산물 및 수산가공품에 대하여는 관련기관에 폐기·판매금지 등의 처분을 요청할 수 있도록 함(안 제29조 내지 제35조).6. 해양수산부장관은 이식용수산물에 대한 병충해검사의 결과 그 기준에 부적합한 때에는 검사신청인 또는 소유자 등에게 폐기 또는 반송하도록 하고, 신청인 또는 소유자 등이 이를 이행하지 아니하거나 신청인 또는소유자 등을 알 수 없는 때에는 직접 이를 폐기할 수 있도록 함(안 제39조).7. 해양수산부장관은 수산물의 품질향상과 안전한 수산물의 생산·공급을 위하여 중금속·패류독소 및 항생물질 등이 허용기준을 초과하는지 여부를 조사하고, 허용기준을 초과하는 때에는 출하연기·용도전환 등 필요한 조치를 할 수 있도록 함(안 제42조 및 제43조).■ 위원회 수정사항□ 수정이유현재 수산물검사법으로 운용하고 있는 검사생략에 관한 규정을 본 법안에서는 대통령령으로 정하도록 하고있으나, 현행법 체계대로 법률에 직접 규정하고자 이를 수정하려는 것임.□ 수정주요골자1. 현재 수산물검사법으로 운용하고 있는 검사의 일부생략 사유를 대통령령으로 정하도록 한 규정을 현행법 체계대로 법률에 직접 규정함(안 제29조제5항)2. 안 제29조제5항에 검사의 일부생략 사유를 직접 규정함에 따라 검사의 일부생략에 관한 절차 및 방법 그 밖의 필요한 사항을 해양수산부령으로 위임하는 절차규정이 필요하므로, 본 법안에 해양수산부령으로 위임할수 있도록 규정한 제29조제5항을 동조제6항으로 변경하고 이를 통합하여 규정함(안 제29조제6항).']",농림해양수산위원회,[]
160344,  산림기본법안,2000-11-20,정부,2001-04-28,수정가결,제16대 (2000~2004) 제215회,"['■ 제안이유산림에 대한 다양한 국민적 수요에 부응하기 위하여 산림의 보전과 이용이 조화를 이루도록 산림을 경영하고임업의 발전을 도모함에 필요한 산림정책의 기본적인 방향을 설정함으로써 산림 관련 모든 법제와 정책의 기본이 되도록 하려는 것임.■ 주요골자1. 국가 및 지방자치단체는 산림의 보전, 산림의 공익기능 증진, 임업의 발전 등에 관한 종합적인 시책을 수립·시행하도록 함(안 제4조).2. 산림정책의 기본방향을 산림의 보전 및 이용의 조화, 산림기능의 증진, 임업의 육성 등으로 하여 지속가능한 산림경영이 이루어지도록 함(안 제5조 내지 제9조).3. 산림청장은 산림자원 및 임산물의 수요와 공급에 관한 장기전망을 기초로 10년을 단위로 하는 산림기본계획을 수립·시행하도록 함(안 제10조 및 제11조).4. 국가 및 지방자치단체는 산림의 다양한 기능을 증진하기 위하여 산림자원의 조성, 수목원의 육성, 산림 휴양공간 조성 등에 필요한 시책을 수립·시행하도록 함(안 제16조 내지 제20조).5. 국가 및 지방자치단체는 임업의 육성을 위하여 임업경영기반의 조성, 임산물의 가격안정·품질인증 및 산림정보화 등에 필요한 시책을 수립·시행하도록 함(안 제21조 내지 제25조).6. 국가 및 지방자치단체는 산촌지역의 진흥, 도시와 산촌의 교류 등에 필요한 시책을 수립·시행하도록 함(안제29조 및 제30조).■ 위원회 수정사항□ 수정이유산촌의 정의에서 산촌의 구분기준과 직접적으로 관련이 없는 부분을 수정하여 정리하고, 산림의 공익기능중 수원함양·대기정화 이외에도 재해방지 및 휴양기능 등을 추가하여 산림자원의 환경기능을 강조하며, 국가 및 지방자치단체의 임업관련 단체 육성 지원과 관련하여 그 대상인 임업관련 단체를 산림조합법에 의해 설립된 법인으로서 임업관련 단체의 대표성을 갖고 있다고 볼 수 있는 산림조합·산림조합중앙회 등으로 예시하여 규정하려는 것임.□ 수정주요골자1. ""산촌""의 일부 개념중 경제 및 생활문화 수준이 낮으며 거주 주민이 적은 지역이라는 표현은 부적절하므로이를 정리함(안 제3조제2호).2. 산림의 공익기능에 수원함양·대기정화 기능외에 재해방지 및 휴양기능을 추가함(안 제17조제1항).3. 국가 및 지방자치단체의 운영을 지원할 수 있는 대상 입업관련단체에 산림조합·산림조합중앙회를 대표적으로 예시하여 규정함(안 제26조).']",농림해양수산위원회,[]
160343,  가축전염병예방법중개정법률안,2000-11-20,정부,2000-12-20,수정가결,제16대 (2000~2004) 제215회,"['■ 제안이유가축전염병에 대한 과학적인 방역을 위하여 가축전염병에 관한 병성감정·혈청검사 및 역학조사를 체계적으로 제도화하고, 구제역과 같은 가축전염병이 발생한 경우에는 농림부장관이 시·도지사에게 필요한 방역조치를지시할 수 있도록 하여 범국가적 차원에서 방역이 필요한 가축전염병에 대한 방역체계를 보강하는 등 현행 제도의 운영상 나타난 일부 미비점을 개선·보완하려는 것임.■ 주요골자1. 가축의 소유자 등은 관할 시·도가축방역기관이나 국립가축방역기관에 죽거나 병든 가축의 병성감정(病性鑑定)을 의뢰할 수 있도록 하고, 국립가축방역기관은 가축전염병의 국내 발생상황 등을 파악하기 위하여 가축의 혈청검사를 할 수 있도록 함(안 제4조의2 신설).2. 시·도지사 또는 국립가축방역기관의 장은 구제역과 같은 제1종가축전염병이 발생하였거나 발생할 우려가있다고 인정하는 경우에는 지체없이 역학조사를 실시하도록 하고, 그 역학조사에 필요한 조직·절차 등에관하여 필요한 사항을 정함(안 제4조의3 신설).3. 농림부장관 또는 시·도지사는 구제역과 같은 가축전염병의 확산을 방지하기 위하여 필요한 경우에는 가축의 이동시 가축의 소유자 등에게 검사증명서나 예방접종증명서를 휴대하도록 하는 등의 명령을 할 수 있도록 함(안 제5조의2 신설).4. 농림부장관 또는 시·도지사는 죽거나 병든 가축의 신속한 신고와 가축전염병의 예찰업무를 효율적으로 수행하기 위하여 축산농가·사료판매업자·동물약품판매업자 등을 명예가축방역감시원으로 위촉하여 활용할수 있도록 함(안 제18조의3 신설).5. 구제역과 같은 가축전염병이 발생한 경우에는 농림부장관이 시·도지사에게 필요한 방역조치를 지시할 수있도록 하여 범국가적 차원의 방역이 효율적으로 이루어질 수 있도록 함(안 제38조).■ 위원회 수정사항□ 수정이유시·도 家畜防疫機關도 血淸檢査를 수행할 수 있도록 하여 家畜防疫事業을 활성화하고, 疫學調査관련 過怠料 처분요건을 구체화하고 처분대상도 확대하여 家畜傳染病의 발생원인 및 전파경로를 신속하고 정확하게 규명하기 위함□ 수정주요골자1. 豫防注射에 따른 면역형성여부 및 家畜傳染病 발생상황 등을 파악하기 위한 가축의 血淸檢査를 國立家畜防疫機關뿐만 아니라 市·道 家畜防疫機關도 실시할 수 있도록 함(案 제4조의2제3항)2. 疫學調査관련 過怠料 처분의 構成要件을 진술이나 자료제출 거부 및 허위진술로 구체화하고, 처분대상도 家畜의 所有者 등 뿐만 아니라 畜産關聯團體의 長까지 확대함(案 제44조1의2호)']",농림해양수산위원회,[]
160342,  영화진흥법중개정법률안,2000-11-20,정부,2001-12-21,대안반영폐기,제16대 (2000~2004) 제215회,"['제안이유？？？？영화에 있어서의 창작·표현의 자유를 신장하기 위하여 영화상영을 제한하던 등급보류제를 완화하여 “제한상영가” 등급을 신설하며, “제한상영가” 등급의 영화만을 상영할 수 있는 “제한상영관”의 설치 및 운영에 관한 사항을 정하는 한편,일반 영화상영관의 경우 종전에는 공연법의 적용을 받도록 하던 것을 이 법의 적용을 받도록 하여 법체계를 정비하고 기타 현행 제도의 운영과정에서 나타난 일부 미비점을 개선·보완하려는 것임.주요골자？？？？가. 종전에는 영화상영을 공연법에 의한 공연으로 규정하고 영화상영관의 등록 및 영화상영신고 등에 관한 사항을 공연법에서 규정하였으나, 앞으로는 영화관련법령의 체계적인 운영을 위하여 이 법에서 규정하고 공연법의 관련규정을 정비함(안 제2조제10호, 제26조, 제28조의2 신설 및 안 부칙 제8조).나. 종전에는 연소자를 18세 미만의 자로 규정하고 “18세관람가”등급의 영화는 18세 미만의 자는 이를 관람할 수 없도록 하였으나, 청소년을 19세 미만의 자로 규정하고 있는 청소년보호법과의 모순·충돌을 방지하기 위하여 연소자를 19세 미만의 자로 하고, 종전의 “18세관람가” 등급을 “19세관람가” 등급으로 조정함(안 제21조제1항제1호 및 동조제3항제4호).다. 종전에는 성과 폭력 등의 묘사가 지나친 영화의 경우에는 등급분류를 보류하여 상영을 할 수 없도록 하였으나, 앞으로는 이를 완화하여 형법 등 다른 법령에 저촉되지 아니하는 한 등급분류를 하도록 하되, “제한상영가” 등급으로 분류하여 상영할 수 있도록 함(안 제21조제3항제5호 신설 및 동조제4항).라. “제한상영가”등급의 영화는 연소자 및 고등학생은 이를 관람할 수 없도록 하고 제한상영관에서만 이를 상영하도록 함(안 제21조제6항, 제26조의2제1항 및 제29조의2제1항 신설).마. 영화상영관 경영자는 영업의 양도 또는 회사합병 등에 의하여 그 지위를 승계인에게 승계시킬 수 있도록 하고 그 승계인은 종전의 영화상영관 경영자가 받은 행정처분의 효과도 1년간 승계하도록 함(안 제31조의3 신설).']",문화관광위원회,[]
160341,  컴퓨터프로그램보호법중개정법률안,2000-11-20,정부,2000-12-15,원안가결,제16대 (2000~2004) 제215회,"['■ 제안이유컴퓨터프로그램코드의 역분석(逆分析)을 일정한 범위에 한하여 제한적으로 허용하도록 하고, 프로그램의 등록 등에 관한 업무를 프로그램심의조정위원회에 위탁하는 등 현행 제도의 운영상 나타난 일부 미비점을 개선·보완하려는 것임.■ 주요골자1. 이 법 시행령에서 규정하고 있는 컴퓨터프로그램코드역분석에 관한 사항을 보다 구체화하여 이 법에서 직접정함(안 제12조의2 신설).2. 정보통신부장관은 프로그램의 등록, 프로그램복제물의 접수 및 프로그램저작권의 이전등록등에 관한 업무를프로그램심의조정위원회에 위탁할 수 있도록 함(안 제27조).3. 프로그램심의조정위원회의 조정조서에 대하여 재판상의 화해와 동일한 효력이 있도록 함(안 제40조제2항 신설).']",과학기술정보통신위원회,[]
160340,  한국전기통신공사법폐지법률중개정법률안,2000-11-20,정부,2000-12-15,수정가결,제16대 (2000~2004) 제215회,"['■ 제안이유 및 주요골자한국전기통신공사를 2002년 상반기까지 민영화하기로 함에 따라 한국전기통신공사에 대하여 2005년 12월 31일까지 초고속정보통신망의 구축과 중요통신의 안정적인 제공의무를 부과하여 정보화의 촉진, 전기통신사업의건전한 발전 및 공공복리의 증진을 도모하려는 것임.■ 위원회 수정사항□ 수정이유 및 주요골자부칙 개정안 제4조의2제3항중 ""公社에게 시정을 명하는 등 필요한 조치를 할 수 있다""를 ""公社에게 시정을명할 수 있다""로 하여 제재조치의 범위를 시정명령으로 제한하고(수정안 제4조의2제3항), 시정명령를 이행하지아니한 경우 전기통신사업법의 제재조항을 준용하도록 함(수정안 제4조의2제4항).']",과학기술정보통신위원회,[]
160339,  전기통신사업법중개정법률안,2000-11-20,정부,2000-12-15,수정가결,제16대 (2000~2004) 제215회,"['■ 제안이유한국전기통신공사의 효율적인 민영화 추진을 위하여 한국전기통신공사에 대한 외국인 지분제한을 완화하고,전기통신사업의 공정경쟁 여건의 조성과 이용자의 편익증진을 위하여 가입자선로 공동활용 제도 등을 신설하며기타 현행 제도의 운영상 나타난 일부 미비점을 개선·보완하려는 것임.■ 주요골자1. 전기통신사업자는 보편적 역무를 제공하거나 보편적 역무제공에 따른 손실을 보전할 의무를 지도록 함(안제3조의2).2. 전기통신사업의 공정경쟁 여건을 조성하고 이용자의 편익을 증진하기 위하여 전기통신사업자간에 가입자선로를 공동활용하도록 하는 ""가입자선로 공동활용 제도"", 기간통신사업자간 무선통신시설을 공동으로 이용할수 있는 ""무선통신시설 공동이용 제도"", 전기통신서비스 이용자가 자신이 서비스를 제공받고자 하는 전기통신사업자를 미리 선택하는 ""사전선택 제도"", 전기통신서비스 이용자가 사업자 등을 변경하더라도 종전의 전기통신번호를 유지할 수 있도록 하는 ""번호이동성 제도""의 법적 근거를 마련함(안 제33조의6·제33조의7·제38조의3 및 제38조의4 신설).3. 전기통신서비스를 제공받는 수신인이 원하는 경우에는 발신인의 전화번호가 수신인의 전화기에 표시되는 발신번호표시서비스제도의 법적 근거를 마련하여 전화폭력 등에 의한 사생활 침해를 방지하고 다양한 부가서비스 제공의 기반을 마련하도록 함(안 제54조의2 신설).4. 한국전기통신공사의 외국인 지분제한을 현행 33퍼센트에서 49퍼센트로 완화하여 한국전기통신공사의 효율적인 민영화를 지원하도록 함(안 법률 제5385호 전기통신사업법중개정법률 부칙 제4조제1항).■ 위원회 수정사항□ 수정이유基幹通信事業 허가의 투명성과 공정성을 제고하기 위하여 基幹通信事業의 허가제도를 개선하고, 電氣通信事業者에 대하여 電氣通信業務에 관한 서류의 제출을 요구할 수 있는 자를 한정하는 등 정보제공절차를 보다 엄격하게 하여 通信秘密의 보호를 강화하며, 기타 현행 제도의 운영상 나타난 일부 미비점을 개선·보완하려는것임.□ 수정주요골자1. 종전에는 事業計劃書 審査에 의하여 모든 基幹通信事業을 허가하였으나, 앞으로는 價格競爭에 의하여 할당하는 周波數를 사용하는 基幹通信事業의 경우 事業計劃書 審査 및 周波數 할당여부에 따라 그 허가를 하도록 하여 基幹通信事業 허가의 투명성과 공정성을 제고하도록 함(안 제5조).2. 基幹通信事業을 양수하거나 합병하는 경우의 審査事項을 새로이 규정하여 동 인가제도 운영의 투명성을 제고하도록 함(안 제13조).3. 情報通信部長官은 電氣通信役務의 품질평가 등 필요한 시책을 강구하도록 하여 電氣通信役務의 품질개선을촉진하고 이용자의 편익을 증진하도록 함(안 제38조의2).4. 電氣通信事業者에 대하여 電氣通信業務에 관한 서류의 제출 등을 요구할 수 있는 자를 檢事 및 司法警察官등으로 제한하고, 그 제공되는 서류의 범위를 한정하는 등 電氣通信業務에 관한 서류의 제출절차 등을 엄격하게 하여 通信秘密의 보호를 강화함(안 제54조제3항 내지 제7항).']",과학기술정보통신위원회,[]
160338,  정보통신기반보호법안,2000-11-20,정부,2000-12-20,수정가결,제16대 (2000~2004) 제215회,"['■ 제안이유정보화의 진전에 따라 주요사회기반시설의 정보통신시스템에 대한 의존도가 심화되면서 해킹·컴퓨터바이러스 등을 이용한 전자적 침해행위가 21세기 지식기반국가의 건설을 저해하고 국가안보를 위협하는 새로운 요소로 대두됨에 따라 전자적 침해행위에 대비하여 주요정보통신기반시설(主要情報通信基盤施設)을 보호하기 위한체계적이고 종합적인 대응체계를 구축하려는 것임.■ 주요골자1. 주요정보통신기반시설의 보호를 위한 범정부적 대응체제를 구축하기 위하여 국무총리 소속하에 정보통신기반보호위원회를 설치함(안 제3조).2. 주요정보통신기반시설을 관리하는 기관의 장은 정기적으로 소관 시설에 대한 취약점을 분석·평가하여 이에따른 보호대책을 수립·시행하고 주요정보통신기반시설을 관장하는 중앙행정기관의 장은 소관분야별 주요정보통신기반시설보호계획을 수립·시행하도록 함(안 제5조 및 제6조).3. 중앙행정기관의 장은 정보통신기반보호위원회의 심의를 거쳐 전자적 침해행위로부터의 보호가 필요하다고인정되는 정보통신기반시설을 주요정보통신기반시설로 지정하도록 함(안 제8조).4. 주요정보통신기반시설을 관리하는 기관의 장은 소관 시설이 침해사고로 인하여 교란·마비 또는 파괴된 사실을 인지한 때에는 이를 관계기관등에 통지하고 피해복구 및 피해확산 방지를 위한 조치를 취하도록 함(안 제13조 및 제14조).5. 정보통신부장관은 주요정보통신기반시설을 관리하는 기관의 동 시설에 대한 취약점 분석·평가 및 보호대책의 수립을 지원하기 위하여 정보보호전문업체를 지정하도록 함(안 제17조).6. 해킹·컴퓨터바이러스 등 전자적 침해행위에 의하여 주요정보통신기반시설을 교란·마비·파괴한 자는 10년이하의 징역 또는 1억원 이하의 벌금에 처하도록 함(안 제28조).■ 위원회 수정사항□ 수정이유국가안보에 중요한 도로·지하철·공항·전력시설 등 주요정보통신기반시설의 관리기관의 장은 국가보안업무를 수행하는 기관의 장에게 우선적으로 기술적 지원을 요청하도록 하고, 다만 국가안보에 현저하고 급박한 위험이 있는 경우 등에는 국가보안업무를 수행하는 기관의 장이 관계중앙행정기관의 장과 협의하여 지원할 수 있도록 예외규정을 신설하고, 지방자치단체가 관리·감독하는 주요정보통신기반시설에 대해서는 행정자치부장관이 소관하도록 하며, 주요정보통신기반시설의 취약점 분석·평가 기관으로 한국전자통신연구원을 추가하는 등원안의 미비점을 보완하고자 하는 것임.□ 수정주요골자1. 주요정보통신기반시설의 취약점 분석·평가는 보호계획 심사시 가능하므로 정보통신기반보호위원회 심의 대상에서 삭제함(수정안 제4조).2. 지방자치단체의 장이 관리·감독하는 기관의 정보통신기반시설에 대하여는 행정자치부장관이 주요정보통신기반시설로 지정하는 등 이들 시설에 대해서는 행정자치부장관이 소관하도록 함(수정안 제5조제3항, 제8조제4항).3. 국가안보에 중요한 도로·지하철·공항·전력시설 등 주요정보통신기반시설의 관리기관의 장은 국가보안업무를 수행하는 기관의 장에게 우선적으로 기술적 지원을 요청하도록 하고, 다만 국가안보에 현저하고 급박한 위험이 있는 경우 등에는 국가보안업무를 수행하는 기관의 장이 관계중앙행정기관의 장과 협의하여 지원할 수 있도록 예외규정을 신설함(수정안 제7조제2항).4. 주요정보통신기반시설 지정 취소시에도 지정시와 같이 정보통신기반보호위원회의 심의를 거치도록 하고 지정 취소시 이를 고시하도록 함(수정안 제8조).5. 외부기관에 취약점 분석·평가를 의뢰하는 경우에도 관리기관의 필요에 따라 기관 내부의 전담반을 계속 유지할 수 있도록 함(수정안 제9조제3항).6. 주요정보통신기반시설의 취약점 분석·평가를 할 수 있는 기관에 한국전자통신연구원을 추가함(수정안 제9조제3항제4호).7. 국가안보에 중요한 주요정보통신기반시설의 경우에는 보호조치 및 복구조치에 대해 국가보안업무를 수행하는 기관에게 우선적으로 기술적 지원을 요청할 수 있도록 함(수정안 제11조제2항 및 제14조제2항).']",과학기술정보통신위원회,[]
160337,  지방교육재정교부금법중개정법률안,2000-11-20,정부,2000-12-21,원안가결,제16대 (2000~2004) 제215회,['■ 제안이유 및 주요골자국세인 교육세중 지방세에 부가되어 징수되고 있는 교육세를 지방교육세로 전환함에 따라 특별시·광역시·도의 일반회계예산편성시 지방교육세에 해당하는 금액을 교육비특별회계전출금으로 계상하도록 하려는 것임.'],교육위원회,[]
160336,  초·중등교육법중개정법률안,2000-11-20,정부,2001-03-08,수정가결,제16대 (2000~2004) 제215회,"[""■ 제안이유 및 주요골자국제협력 및 투자협력 등을 목적으로 국내에 거주하는 외국인의 자녀에 대한 교육기회를 확대하기 위하여 외국인학교를 각종학교의 일종으로 하여 이에 대한 법적 근거를 신설하고, 외국인학교의 입학자격을 국내에 체류중인 외국인의 자녀 또는 외국에서 일정기간 수학하고 귀국한 자로서 대통령령이 정하는 자로 하며, 기타 각종학교의 교육과정·교원자격 등 학사운영에 관한 일부 특례를 인정하여 외국인학교가 그 나라의 실정에 맞게 운영할 수 있도록 하려는 것임.■ 위원회 수정사항□ 수정이유 및 주요골자내국인의 외국인학교 입학자격으로 외국에서 일정기간 '修學'을 조건으로 하는 것이 연령 미달이나 修學能力의부족으로 修學期間을 채우지 못하는 경우 불합리한 경우가 발생될 수 있는 바, 이를 일정기간 '居住'로 바꾸고, 법의 시행시기 등이 급박하여 이를 합리적으로 조정하려는 것임.""]",교육위원회,[]
160335,  사립학교교직원연금법중개정법률안,2000-11-20,정부,2000-12-23,수정가결,제16대 (2000~2004) 제215회,"['■ 제안이유연금제도의 성숙에 따른 연금수급자의 증가 등으로 인하여 사립학교교직원 연금재정이 악화되고 있으므로 일부불합리한 연금제도를 개선하여 연금재정의 안정을 도모하고, 공무원연금법의 개정에 따라 관련사항을 정비하는한편, 기타 현행 제도의 운영상 나타난 일부 미비점을 개선·보완하려는 것임.■ 주요골자1. 퇴직연금·조기퇴직연금 및 유족연금의 산정기준을 퇴직직전의 보수월액에서 최종 3년간 평균보수월액으로변경함(안 제2조제1항제5호 및 제35조제3항).2. 교직원의 임용전 병역복무기간에 대하여 당연히 개인부담금을 납부하고 재직기간에 산입하게 하던 것을 본인이 원하는 바에 따라 산입하도록 함(안 제31조제2항).3. 개인부담금의 금액을 보수월액의 1,000분의 75의 범위안에서 정하던 것을 1,000분의 90의 범위안에서 정할수 있도록 상향조정함으로써 연금재정의 건전화를 도모함(안 제44조제4항).4. 종전에는 재해부조금 및 사망조위금 등을 연금기금에서 지급하도록 하였으나, 앞으로는 이를 재해보상급여준비금에서 지급하도록 함으로써 연금재정의 건전화를 도모함(안 제48조의2제3항).5. 부담금을 징수하거나 급여액을 환수함에 있어서 당해 권리에 대한 소멸시효가 완성된 때 등의 경우에는 이를 결손처분할 수 있도록 함(안 제52조제4항 신설).6. 부담금 또는 환수금의 납부의 고지 및 독촉을 한 경우 등에는 소멸시효중단의 효력을 가지도록 함(안 제54조제4항 신설).7. 정년 등의 단축으로 인하여 정년 또는 근무상한연령까지 근무하여도 재직기간이 연금을 받을 수 있는 20년에 미달하는 자에게는 2001년 12월 31일까지 재직기간의 합산을 신청할 수 있도록 함(안 부칙 제5조).8. 이 법 시행당시 재직기간이 20년 이상인 교직원에 대하여는 퇴직한 때부터 퇴직연금을 지급하도록 함(안 부칙 제8조제1항).9. 이 법 시행당시 재직중인 교직원(1995년 12월 31일 이전에 임용되었거나, 1996년 1월 1일 이후에 임용된 자로서 1995년 12월 31일 이전의 교직원·공무원 또는 군인경력을 합산받은 자)으로서 재직기간이 20년 미만인 자가 이 법 시행이후 재직기간이 20년 이상이 되어 퇴직한 경우의 퇴직연금은 퇴직연도별로 정한 해당연령에 도달한 때부터 지급하도록 함(안 부칙 제8조제2항).□ 수정이유교직원이 부담하는 개인부담금을 ""1,000분의 90이내""에서 ""1,000분의 85이내""로 하향 조정하고, 사립학교교직원연금사업에 관한 사항을 심의하기 위하여 사립학교교직원연금운영위원회를 설치하는 등 공무원연금법의 개정내용과 맞추어 관련사항을 정리하며, 퇴직연금 등의 지급정지에 관하여는 현행대로 규정하려는 것임.□ 수정주요골자1. 현재 교직원 퇴직연금 등의 지급정지에 관하여는 공무원연금법의 규정을 준용하고 있으나, 동 규정의 준용을 배제함으로써 퇴직연금 등의 지급정지에 관하여 이 법에서 별도로 규정하도록 함(안 제42조제1항, 제42조의2, 부칙 제1조 및 제9조).2. 개인부담금의 금액을 보수월액의 1,000분의 90의 범위안에서 정할 수 있도록 하던 것을 1,000분의 85의 범위안에서 정할 수 있도록 하향조정함으로써 교직원의 부담을 완화시킴(안 제44조제4항).3. 연금기금에 대한 국가부담금의 과납 또는 미납이 있는 경우 종전에는 무이자 정산을 하던 것을 앞으로는 이자를 가산하여 정산하도록 함으로써 연금재정의 건전화를 도모함(안 제46조제3항 및 제4항 신설).4. 국가는 사립학교교직원 연금재정의 안정을 위하여 예산의 범위안에서 책임준비금을 사립학교교직원연금기금에 적립하도록 함(안 제47조의2 신설).5. 기존의 사립학교교직원연금기금운용심의회의 기능을 포함한 사립학교교직원연금사업에 관한 사항을 심의하기 위하여 관리공단에 ""사립학교교직원연금운영위원회""를 설치함(제53조의4).6. 연금액은 교직원보수변동율·전국소비자물가변동율 등을 고려하여 5년마다 조정하도록 하고 있으나, 최초의연금액의 조정은 이 법 시행후 3년이 경과한 때 실시하도록 함(안 부칙 제7조).7. 이 법 시행당시 재직기간이 20년 미만인 교직원의 퇴직연금 수령시기를 재직기간이 20년에 도달하고 ""그 미달한 기간의 2배 이상을 재직하고 퇴직한 때""에서 ""그 미달한 기간을 재직하고 퇴직한 때""로 단축하여 기존재직자의 권리를 강화함(안 부칙 제8조제3항).']",교육위원회,[]
160334,  전자정부구현을위한법률안,2000-11-20,정부,2001-02-28,대안반영폐기,제16대 (2000~2004) 제215회,"['제안이유？？？？정부업무의 전자적 처리를 위한 기본원칙·절차 및 추진방법 등을 규정함으로써 전자정부의 구현을 위한 사업을 촉진시키고, 정부의 생산성·투명성 및 민주성을 높여 지식정보화시대의 국민의 삶의 질을 향상시키려는 것임.주요골자？？？？가. 행정기관의 업무처리과정은 국민의 편익을 중심으로 설계되도록 하고, 행정기관은 업무의 처리과정 전반을 전자적 처리에 적합하도록 혁신하는 등 전자정부의 구현 및 운영 등에 관하여 필요한 원칙을 정함(안 제6조 내지 제15조).나. 행정기관의 문서는 전자문서를 기본으로 하여 작성·관리되도록 하고, 행정기관은 접수·발송하는 문서의 서식에 더하여 전자문서에 적합한 서식을 마련하여 활용할 수 있도록 함(안 제16조).다. 전자공문서에는 전자관인을 사용하되, 행정기관의 전자거래의 경우에는 전자서명법에 의한 전자서명을 사용할 수 있도록 하고, 행정자치부장관은 전자관인에 대한 인증업무를 행하도록 하며, 이를 행함에 있어 전자서명법에 의한 전자서명과의 호환성을 높이기 위하여 정보통신부장관과 협의하여 전자관인에 대한 기술표준을 마련하도록 함(안 제20조).라. 행정기관의 장은 공무원이 정보통신망을 이용하여 근무를 할 수 있게 하고, 행정자치부장관은 공무원에 대한 정보통신기술의 활용능력을 정기적으로 조사하여 교육훈련계획에 반영할 수 있도록 함(안 제29조 및 제30조).마. 관계 법령에서 문서 등 종이문서로 신청·신고 또는 제출하도록 하거나 종이문서로 처리결과를 통보하도록 규정하고 있는 경우에도 이를 전자문서 등으로 행할 수 있도록 함(안 제31조).바. 행정기관의 장은 민원인이 행정기관을 직접 방문하지 아니하고도 민원업무를 처리할 수 있도록 관계 법령의 개선과 시설 등 제반 조치를 마련하도록 하고, 이를 위하여 전자민원창구를 설치·운영할 수 있도록 함(안 제32조).사. 민원처리절차 등 국민생활과 관련된 정보 및 관보 등에 게재할 사항을 인터넷으로 국민에게 제공하도록 함(안 제35조).아. 행정기관은 의사결정과정의 쇄신과 전자화 등을 통하여 종이문서 등을 최대한 감축하고, 이를 위하여 행정자치부장관은 문서업무감축계획을 작성하며, 행정기관의 장은 자체 집행계획을 수립·시행하도록 함(안 제37조 내지 제39조).자. 2 이상의 지방자치단체는 지방자치단체간에 정보화사업을 공동으로 추진하기 위하여 지방자치단체조합을 설립할 수 있도록 함(안 제47조).']",행정자치위원회,[]
160333,  주민등록법중개정법률안,2000-11-20,정부,2000-12-21,원안가결,제16대 (2000~2004) 제215회,"['■ 제안이유본인이 신청하는 경우에는 무인민원발급기를 이용하여 주민등록표 등·초본을 발급받을 수 있도록 함으로써민원인의 편의를 도모하고, 허위의 주민등록번호를 생성하여 행사하는 등 주민등록제도와 관련된 각종 범법행위를 엄중하게 처벌하도록 하여 주민등록증 및 주민등록제도의 신뢰성을 제고하는 한편, 기타 현행 제도의 운영상 나타난 일부 미비점을 개선·보완하려는 것임.■ 주요골자1. 주민등록번호의 부여근거를 법으로 규정함(안 제7조제3항 신설).2. 무인민원발급기에 의하여 본인의 주민등록표 등·초본을 교부받을 수 있도록 함으로써 민원인의 편의를 도모함(안 제18조제3항).3. 행정자치부장관은 필요하다고 인정하는 때에는 주민등록자료를 보유·관리하는 자에 대하여 그 보유 또는관리 등에 관한 사항을 지도·감독할 수 있도록 함(안 제18조의4 신설).4. 주민등록번호 생성방법으로 허위의 주민등록번호를 생성하여 자기 또는 다른 사람의 영리 그 밖에 이에 준하는 이익을 위하여 행사하거나 다른 사람에게 이를 제공한 자, 허위 그 밖의 부정한 방법으로 다른 사람의주민등록표를 열람하거나 그 등본 또는 초본을 교부받은 자, 수집한 주민등록자료를 그 보유·관리목적 외의 용도로 이용 또는 활용한 자 등에 대하여는 3년 이하의 징역 또는 1천만원 이하의 벌금에 처하도록 하고, 허위·부정한 열람 등에 대하여 양벌규정을 둠(안 제21조제2항제3호 내지 제5호 및 제21조의3 신설).']",행정자치위원회,[]
160332,  지방공무원법중개정법률안,2000-11-20,정부,2000-12-15,원안가결,제16대 (2000~2004) 제215회,"['■ 제안이유지방공직의 경쟁력을 강화하기 위하여 공직 내부 또는 외부에서 적격자를 임용하는 개방형직위 운영의 법적 근거를 마련하고, 인사의 공정성과 합리성을 높이기 위하여 인사위원회의 독립성을 강화하며, 공무원의 권익보장을 증진하기 위하여 소청심사위원회 기능을 보강하고, 기타 현행 제도의 운영상 나타난 일부 미비점을 개선·보완하려는 것임.■ 주요골자1. 인사위원회의 독립성 강화와 공정한 인사운영기반을 구축하기 위하여 인사위원회 위원중 외부 위촉위원수를과반수 이상이 되도록 함(안 제7조제2항).2. 소청심사기능의 독립성 및 공정성을 제고하기 위하여 소청심사위원회의 위원장은 외부 위촉위원중에서 호선하도록 함(안 제15조제1항).3. 전문성이 특히 요구되거나 효율적인 정책수립을 위하여 필요한 경우에는 일정한 직무수행요건을 설정하여공직 내부 또는 외부에서 적격자를 임용하는 개방형직위를 지정하여 운영할 수 있도록 하고, 계약직공무원으로 보할 수 있는 직위는 개방형직위로 보며, 시·도지사는 개방형직위의 직무수행요건을 설정하여 그 요건에 적합한 자를 임용하도록 함(안 제29조의4 신설).4. 지방자치단체의 폐치·분합 및 직제와 정원의 개폐 또는 예산의 감소 등에 의하여 폐직 또는 과원이 됨으로인하여 근무상한연령에 도달하기 전에 자진하여 퇴직하는 별정직공무원 및 고용직공무원에 대하여도 경력직공무원의 경우와 같이 조기퇴직수당을 지급할 수 있도록 함(안 제46조의2 신설).']",행정자치위원회,[]
160331,  공직자윤리법중개정법률안,2000-11-20,정부,2000-12-22,수정가결,제16대 (2000~2004) 제215회,"['■ 제안이유공직자 주식거래의 투명성 확보를 위한 제도적 장치를 마련하고, 퇴직공직자의 취업제한을 강화하는 등 정부의 부패방지대책을 입법적으로 구현하는 한편, 현행 규정의 운영상 나타난 일부 미비점을 개선·보완하려는것임.■ 주요골자1. 개방형직위의 지정 등으로 계약직공무원의 채용이 확대되고 그 역할이 증대됨에 따라 대통령령으로 이들에게도 재산등록의무를 부과하고 등록재산을 공개하여 왔으나, 이를 법률에 직접 규정함(안 제3조제8호의2 및제10조제1항제9호의2 신설).2. 재산공개대상자는 재산변동사항 신고시에 주식의 취득 또는 양도에 관한 주식거래내역신고서(株式去來內譯申告書)를 등록기관에 추가로 제출하도록 함(안 제6조의2 신설).3. 등록기관의 장은 외국파견근무자 및 휴직자 등에 대하여는 3년의 범위내에서 재산변동사항신고를 유예할 수있도록 함(안 제6조의3 신설).4. 허위등록 이외에 직무상 지득한 비밀을 이용하여 재물 또는 재산상 이익을 취득한 혐의가 있는 경우에도 법무부장관에게 조사를 의뢰할 수 있도록 하고 그 결과에 따라 조치할 수 있도록 함(안 제8조제7항 및 제8조의2제1항).5. 종전에 퇴직공직자는 퇴직전 2년 이내에 담당하였던 업무와 관련있는 사기업체에 2년간 취업할 수 없도록하였으나 앞으로는 퇴직전 3년간 소속하였던 부서의 업무와 관련있는 사기업체 또는 그 사기업체의 공동이익과 상호협력 등을 위하여 설립된 법인·단체에 퇴직후 2년간 취업할 수 없도록 함(안 제17조).■ 위원회 수정사항□ 수정이유 및 주요골자공직자윤리위원회가 공직자의 등록재산을 심사한 결과 허위등록 또는 직무상 지득한 비밀을 이용하여 재물또는 재산상 이익을 취득한 혐의가 있다고 의심되는 등록의무자에 대하여는 법무부장관에게 조사를 의뢰하도록하고 있는 것을 상당한 혐의가 있다고 의심되는 자에 대하여는 그 증빙서류를 첨부하여 조사를 의뢰하도록 함으로써 그 조사의뢰하는 근거를 보다 명확하게 하려는 것임.']",행정자치위원회,[]
160330,  군인사법중개정법률안,2000-11-20,정부,2000-12-08,수정가결,제16대 (2000~2004) 제215회,"['■ 제안이유하사관의 권위신장 및 사기진작을 위하여 하사관의 명칭을 부사관으로 변경하고, 명예진급대상을 정년전역자까지 확대하며, 상급직위에 보직되는 진급예정자에게 진급예정계급의 계급장을 부착할 수 있도록 하고 기타 현행제도의 운영상 나타난 일부 미비점을 개선·보완하려는 것임.■ 주요골자1. 하사관의 권위신장과 품위유지 및 사기진작을 위하여 하사관의 명칭을 부사관으로 변경함(안 제2조제1호·제3조제3항 및 제6조제5항 등).2. 해병대의 정신전력 강화와 경리기능 보강을 위하여 해병대에 정훈 및 경리병과를 신설함(안 제5조제1항제1호 및 제21조제4항제2호).3. 장기복무 군인들이 정년전역시까지 성실히 근무할 수 있는 풍토를 조성하기 위하여 명예진급대상을 정년전역자까지 확대함(안 제24조의3제1항).4. 지휘관의 지휘권 강화 및 권위신장을 위하여 상급직위에 보직되는 진급예정자에게 진급예정계급의 계급장을부착할 수 있도록 함(안 제31조제3항 및 제4항 신설).□ 수정이유 및 주요골자개정법률안 제24조의3제1항은 명예진급대상을 명예전역자는 물론 현역정년에 달하여 전역하는 경우에도 명예진급시킬 수 있도록 명예진급의 범위를 확대하려는 것이나 이는 명예전역제도의 취지, 타공무원과의 형평성을 고려하여 현행규정대로 수정코자 하는 것이며, 개정법률안 제31조제3항 및 제4항의 신설규정은 진급예정자가 편제상 상급직위에 보직되는 때에는 진급 발령전이라도 진급예정계급의 계급장을 부착하게 할 수 있는 근거를 마련코자 하는 것이나, 이는 진급예정자간의 계급이 보직에 따라 달라질 수 있게 되어 공정성 시비의 논란을 초래할 우려가 있고 명실상부한 계급장을 부여함으로써 계급에 대한 긍지와 자부심이 유지되어야 함에도 진급예정자에게 상위계급장만을 부여한다는 것은 계급에 대한 존엄성을 해할 소지가 있으므로 현행 규정대로 수정하려는 것임.']",국방위원회,[]
160329,  한국국제협력단법중개정법률안,2000-11-20,정부,2001-04-26,원안가결,제16대 (2000~2004) 제215회,"['■ 제안이유 및 주요골자종전에는 한국국제협력단 및 한국산업인력공단에서 해외취업관련사업을 상호 분담하여 왔으나, 앞으로는 한국산업인력공단으로 이를 일원화하기로 함에 따라 이 법의 관련 규정을 삭제하고, 기타 한국국제협력단이 행하는목적사업을 합리적으로 정비하는 등 현행 규정의 운영상 나타난 일부 미비점을 개선·보완하려는 것임.']",통일외교통상위원회,[]
160328,  소비자보호법중개정법률안,2000-11-20,정부,2001-02-28,수정가결,제16대 (2000~2004) 제215회,"['■ 제안이유소비자의 안전을 제고하기 위하여 사업자로 하여금 제품의 결함정보를 소관 중앙행정기관에 의무적으로 보고하도록 하고 중대한 결함이 있는 제품에 대하여는 소관 중앙행정기관의 장이 당해 제품의 수거·파기 등 리콜을권고하거나 명령할 수 있는 근거를 새로 마련하며, 최근 급증하고 있는 전자상거래 등 특수한 형태의 거래로부터 소비자를 보호하기 위한 국가 및 지방자치단체의 역할 등을 규정하고, 한국소비자보호원의 소비자분쟁조정위원회의 위원수를 확대하는 한편, 세계적으로 지속가능한 소비문제가 부각되는 추세에 부응하여 환경문제와소비자정책간의 조화를 도모하려는 것임.■ 주요골자1. 환경에 대한 소비자의 권리와 역할을 명시하고 환경친화적 소비와 관련한 국가 및 사업자의 노력의무를 규정함(안 제3조·제4조·제11조 및 제15조 등).2. 국가는 소비자보호와 관련하여 지방자치단체의 행정조직의 운영 등에 관하여 필요한 지원을 할 수 있도록하여 지방자치단체에 의한 소비자보호업무가 활성화 될 수 있도록 함(안 제5조의2 신설).3. 사업자로 하여금 자신이 공급한 제품의 결함사실을 알게 된 경우에는 일정기간 이내에 그 내용을 소관 중앙행정기관의 장에게 보고하도록 하는 한편, 사업자의 자발적 리콜의 근거규정을 마련함(안 제17조 및 제17조의2 신설).4. 소비자의 생명·신체·재산상에 위해를 끼치거나 끼칠 우려가 있다고 인정되는 제품에 대하여는 중앙행정기관의 장이 리콜명령 이전에 사업자의 자발적 리콜을 권고할 수 있도록 함(안 제17조의3 신설).5. 소비자의 안전에 긴급하고 현저한 위해를 끼칠 우려가 있는 제품에 대하여는 사업자로 하여금 지체없이 당해 제품의 수거·파기 등을 하도록 하는 제도(긴급리콜명령제도)를 새로 도입함(안 제17조의4제1항 단서).6. 한국소비자보호원의 소비자분쟁조정위원회의 위원수를 종전의 9인 이내에서 30인 이내로 확대하여 각계의전문가가 분쟁조정에 참여할 수 있도록 함(안 제35조제1항).■ 위원회 수정사항□ 수정이유 및 주요골자결함정보 보고의무의 요건이 되는 중대한 결함의 범위를 제조·설계 또는 표시 등으로 보다 구체화하고 일반리콜절차를 거치기에는 상황이 급박한 경우에 실시하는 긴급리콜명령제도의 경우에는 청문절차를 생략할 수 있도록 하며, 시행령 등의 정비를 위한 준비기간이 필요하다고 보아 이 법을 2001년 7월 1일부터 시행하도록 함.']",재정경제위원회,[]
160327,  담배사업법중개정법률안,2000-11-20,정부,2001-03-08,수정가결,제16대 (2000~2004) 제215회,"['■ 제안이유공공부문개혁의 일환으로 추진중인 한국담배인삼공사의 민영화계획에 따라 담배제조업의 허가제를 도입함으로써 동공사의 담배제조 독점을 해소하는 동시에 신규진입을 통한 경쟁여건을 조성하는 한편, 제조업자·수입판매업자 및 도매업자의 담배소매인에 대한 금품제공행위를 금지하는 등 현행 제도의 운영과정에서 나타난 일부미비점을 개선·보완하려는 것임.■ 주요골자1. 한국담배인삼공사의 담배제조독점제를 폐지하여 담배제조업을 하고자 하는 자는 재정경제부장관의 허가를받도록 함(안 제11조).2. 담배제조업에 관하여 허가제를 도입함에 따라 연초경작계약 및 잎담배의 전량수매제도와 연초종자의 수출입제한에 관한 규정을 삭제함(현행 제3조 내지 제10조 및 제22조 삭제).3. 소매인간의 담배매매를 제한하는 규정을 삭제하고, 국민건강증진법에 중복규정되어 있는 담배에 관한 경고문구의 표시와 광고제한에 관한 규정을 삭제하는 등 불필요한 규제를 폐지함(현행 제20조제2항 및 제25조삭제).4. 담배의 제조업자·수입판매업자 및 도매업자는 담배의 판매를 촉진하기 위하여 소매인에게 금품을 제공하지못하도록 함(안 제25조의3 신설).■ 위원회 수정사항□ 수정이유 및 주요골자담배제조업의 제조독점을 폐지하고 허가제를 도입하되, 자본금·시설기준·기술인력·담배제조기술의 연구·개발 및 국민건강 보호를 위한 품질관리 등에 관한 기준 등 허가요건을 갖춘 경우에는 이를 반드시 허가하도록하고, 제조업자로부터 출연을 받아 연초경작자를 직접 지원하고자 하는 자로 하여금 재단법인을 설립하도록 하는 법적 근거를 마련하는 한편, 청소년 흡연확산 등을 예방하기 위하여 소매인 지정을 받지 않은 서비스업등을영위하는 자는 담배를 판매할 수 없도록 하며, 담배에 관한 경고문구의 표시 및 광고의 제한 규정을 국민건강의 증진을 위하여 삭제하지 않고 계속 유지하기로 하고, 시행령 개정 등을 위한 기간이 필요하다고 보아 이 법을 2001년 7월 1일부터 시행하도록 함.']",재정경제위원회,[]
160326,  대한민국재향군인회법중개정법률안,2000-11-20,정부,2000-12-15,수정가결,제16대 (2000~2004) 제215회,"['■ 제안이유 및 주요골자지금까지 대한민국재향군인회 각급회의 임원은 정당의 임원이 될 수 없도록 하던 것을 앞으로는 본부 및 시도회의 회장에 한하여 정당의 대표자·간부 및 회계책임자가 될 수 없도록 하고, 본부의 회장을 총회에서 선출하여 국가보훈처장의 승인을 얻도록 하였으나 이러한 승인제도를 폐지함으로써 대한민국재향군인회 운영의 독성 및 자율성을 확대하려는 것임.■ 위원회 수정사항□ 수정이유 및 주요골자대한민국재향군인회 각급회의 임원은 정당의 임원이 될 수 없도록 하는 현행규정을 그대로 두되(안 제3조제2항 및 제3항 삭제) 현행법의 자구를 일부 정리함.']",정무위원회,[]
160325,  제대군인지원에관한법률중개정법률안,2000-11-20,정부,2000-12-15,원안가결,제16대 (2000~2004) 제215회,"['■ 제안이유제대군인이 국가·기업체 등의 채용시험에 응시한 경우 필기시험의 각 과목별 만점의 5퍼센트 범위안에서 가점을 주도록 하는 제도가 위헌결정됨에 따라, 이를 대체하기 위하여 제대군인에 대한 채용시험의 응시상한 연령을 3세의 범위안에서 연장하도록 하는 등 제대군인의 지원에 관한 사항을 합리적으로 개선·보완하려는 것임.■ 주요골자1. 제대군인 인력자원의 국가적 활용과 사회정착지원에 관한 업무를 협의하기 위한 제대군인지원협의회의 기능을 활성화하기 위하여 위원 수를 현행 10인 이내에서 15인 이내로 확대함(안 제4조제3항).2. 제대군인이 국가·기업체 등의 채용시험에 응시하는 경우 그 응시상한 연령을 3세의 범위안에서 연장하도록함(안 제8조제1항) .3. 국가 또는 지방자치단체에 공무원으로 임용되거나 기업체에 임·직원으로 채용된 제대군인의 호봉 및 임금을 결정하는 경우 군복무기간을 근무경력으로 포함할 수 있도록 함(안 제8조제3항).4. 지금까지 이 법에 의한 대부를 받은 자가 국가유공자등예우및지원에관한법률에 의한 대부대상이 되더라도계속하여 이 법에 의한 대부만 받을 수 있도록 하던 것을 앞으로는 대부받은 금액을 전부 상환한 후 다시대부를 받고자 하는 경우에는 동법에 의한 대부를 받을 수 있도록 함(안 제13조제6항).']",정무위원회,[]
160324,  국가유공자등예우및지원에관한법률중개정법률안,2000-11-20,정부,2000-12-15,대안반영폐기,제16대 (2000~2004) 제215회,"['제안이유？？？？국가유공자의 출가한 딸은 극히 예외적인 경우에만 의료보호 등의 보상을 받도록 하던 제한 규정을 삭제하고, 무공수훈자(武功受勳者)의 영예를 기리고 6.25전몰군경자녀(6.25戰歿軍警子女)의 복지수준을 제고하기 위하여 이들에게 각각 무공영예수당과 6.25전몰군경자녀수당을 지급하도록 하며, 국가유공자와 그 유족 및 가족을 위한 교육보호실시기관의 종류에 평생교육시설 등을 추가함으로써 국가유공자 등에 대한 예우를 확대하려는 것임.주요골자？？？？가. 국가유공자의 출가한 딸은 다른 유족이 없고 친가가 무후(無後)인 경우에만 이 법에 의한 보상을 받을 수 있도록 하던 제한규정을 삭제하여 다른 유족과 마찬가지로 보상을 받을 수 있도록 하되, 연금지급 및 대부는 다른 유족이 없는 경우에 한하여 받을 수 있도록 함(안 제5조·제13조제1항 및 제47조).나. 65세 이상 무공수훈자에게 그 무공의 영예를 기리기 위한 무공영예수당을, 6.25전몰군경자녀중 연금지급순위가 선순위인 1인에 대하여 6.25전몰군경자녀수당을 지급하도록 함(안 제11조, 안 제16조의2 및 제16조의3 신설).다. 국가유공자와 그 유족 등이 교육보호를 받을 수 있는 교육기관에 평생교육법에 의한 학력인정 평생교육시설과 학점인정등에관한법률에 의하여 평가인정을 받은 학습과정을 운영하는 교육훈련기관을 추가함(안 제21조).라. 지금까지 교육부령인 학교수업료및입학금에관한규칙에 의하여 국가유공자 자녀의 대학 입학금 및 수업료를 면제하고, 이를 면제한 사립대학에 대하여 국고보조를 하던 것을 이 법에서 직접 규정하도록 함(안 제25조제2항 및 제3항 신설).마. 보상금을 받을 권리의 소멸시효를 3년으로 하던 규정을 삭제하여 국가에 대한 다른 채권의 경우와 동일하게 5년으로 하도록 함(현행 제77조 삭제).']",정무위원회,[]
160323,  독립유공자예우에관한법률중개정법률안,2000-11-20,정부,2000-12-15,대안반영폐기,제16대 (2000~2004) 제215회,"['제안이유？？？？독립유공자의 출가한 딸 또는 출가한 손녀는 극히 예외적인경우에만 의료보호 등의 보상을 받도록 하던 제한 규정을 삭제하고, 독립유공자와 그 유족 및 가족을 위한 교육보호실시기관의 종류에 평생교육시설 등을 추가함으로써 독립유공자 등에 대한 예우를 확대하려는 것임.주요골자？？？？가. 독립유공자의 출가한 딸 또는 출가한 손녀는 다른 유족이 없고 친가가 무후(無後)인 경우에만 이 법에 의한 보상을 받을 수 있도록 하던 제한 규정을 삭제하여 다른 유족과 마찬가지로 보상을 받을 수 있도록 하되, 연금지급 및 대부는 다른 유족이 없는 경우에 한하여 받을 수 있도록 함(안 제5조·제12조제4항 및 제18조).나. 독립유공자와 그 유족 등이 교육보호를 받을 수 있는 교육기관에 평생교육법에 의한 학력인정 평생교육시설과 학점인정등에관한법률에 의한 평가인정을 받은 학습과정을 운영하는 교육훈련기관을 추가함(안 제15조제1항).다. 독립유공자의 호주승계인인 손자녀가 질병·심신장애 또는 고령 등으로 취업이 어려워 그 자녀에게 취업보호를 실시하는 경우 출가한 딸을 제외하도록 하던 규정을 삭제함(안 제16조제1항).라. 보상금을 받을 권리의 소멸시효를 3년으로 하던 규정을 삭제하여 국가에 대한 다른 채권의 경우와 동일하게 5년으로 하도록 함(현행 제37조 삭제).']",정무위원회,[]
160322,  사법경찰관리의직무를행할자와그직무범위에관한법률중개정법률안,2000-11-20,정부,2000-12-08,원안가결,제16대 (2000~2004) 제215회,"['■ 제안이유 및 주요골자유전자변형농수산물표시에 대한 단속의 효율성을 제고하기 위하여 원산지표시 단속 공무원에게 유전자변형농수산물표시에 관한 단속권한을 추가로 부여하고, 자동차관리법에 규정된 무등록자동차정비업 등에 관한 단속업무및 자동차손해배상보장법에 규정된 강제보험미가입자동차운행에 관한 단속업무에 종사하는 공무원과 식물방역법에 의하여 식물방역관으로 임명된 공무원 등에게 사법경찰권을 부여하여 업무를 능동적으로 처리할 수 있도록 하는 한편, 현행 제도의 운영상 나타난 일부 미비점을 개선·보완하려는 것임.']",법제사법위원회,[]
160319,  고엽제후유의증환자지원등에관한법률중개정법률안(이용삼의원 외 20인),2000-11-18,의원,2003-04-30,대안반영폐기,제16대 (2000~2004) 제215회,"['■ 제안이유현행법은 고엽제후유증환자의 범위를 제초제 운용시험을 한 1967년 10월 9일부터 현재까지 조사된 고엽제 살포시기로부터 고엽제의 독성이 지속될 것으로 추정되는 1970년 7월 31일까지 남방한계선 인접지역에서 복무하거나 고엽제살포업무에 참가하고 전역·퇴직한 군인 및 군무원으로 한정하고 있으나, 1970년 이후 당해 지역에서복무한 군인등이 고엽제로 인한 질병을 앓고 있으므로 이들 군인등과 고엽제로 인한 질병을 앓고 있으나 보상등 지원을 받지 못하고 있는 고엽제살포지역 거주 민간인에 대하여 국가적 차원의 보상등의 지원을 받을 수 있도록 하고자 함.■ 주요골자1. 고엽제후유증환자의 범위중 남방한계선 인접지역에서 복무한 군인 및 군무원의 복무시기를 1974년 7월 31일까지로 함(안 제2조제2호나목).2. 고엽제후유증환자의 범위를 남방한계선 인접지역에서 거주함으로써 고엽제로 인한 질병을 앓고 있는 민간인까지로 확대함(안 제2조제2호다목).3. 남방한계선 이남지역에 거주한 민간인중 고엽제후유증환자에 관한 보상 및 진료를 행하도록 함(안 제6조제2항).4. 이 법 시행전에 사망한 고엽제후유증환자등의 유족에 대한 보상과 관련하여 남방한계선 인접지역에서 복무하고 전역된 자등 및 당해지역에서 거주한 민간인에 대하여 고엽제후유증으로 인한 사망시기를 2001년 1월1일전으로 함(안 제8조제1항제2호 및 제2항).']",정무위원회,"['이용삼', '김충조', '박주천', '서상섭', '송석찬', '원유철', '윤두환', '이강래', '이부영', '이성헌', '이연숙', '이원창', '이인제', '이재선', '장영달', '전갑길', '정문화', '조재환', '추미애', '한화갑']"
160318,  산림법중개정법률안(정장선의원등 20인),2000-11-18,의원,2000-12-21,대안반영폐기,제16대 (2000~2004) 제215회,"['제안이유 및 주요골자국유림의 형질변경에 따른 대체조림비 및 전용부담금을 국유재산관리특별회계에 산입하여 국유림 확대 등 국유림 관리에 사용하도록 하며, 대체조림비 및 전용부담금의 납입조건을 개선함으로써 이의 체납으로 인한 번거로움을 방지하며, 대체조림비를 취급하는 지방자치단체에 대하여 이의 취급수수료를 지급함으로써 지방재정을 확충하도록 함과 아울러 대체조림비 및 전용부담금을 납입하지 아니하고 입목벌채·산림형질변경시 이를 처벌하도록 함.']",농림해양수산위원회,"['정장선', '강현욱', '권오을', '김영진', '김택기', '문석호', '박용호', '박재욱', '박희태', '손태인', '심규섭', '원유철', '원철희', '이방호', '장성원', '장정언', '주진우', '최선영', '함석재', '허태열']"
160317,  남북이산가족교류등에관한특별법안(장성민의원 외 19인),2000-11-17,의원,2004-05-29,임기만료폐기,제16대 (2000~2004) 제215회,"['■ 제안이유이산가족문제의 해결은 민족과 인류의 비극을 종결짓는 역사적 과업으로서 특히 가족간 상봉·재결합은 인도주의와 동포애의 문제인바, 많은 이산가족들이 1953년 휴전 당시 20대에서 이제는 생사의 갈림길에 서 있는 70대에 이르는 등 고령화되어 가족의 생사도 모른 채 유명을 달리할 수밖에 없는 절박한 상황에 있음. 6·15 남북공동선언에 따라 8·15 남북이산가족방문단 교환이 성사되는 등 남북교류에 새로운 전기가 마련된 만큼 이를계기로 전향적인 차원에서 이산가족 교류 등에 대한 기준을 설정하고 기존의 절차를 간소화하는 등 교류의 활성화, 정례화, 제도화를 통하여 남북한간의 이산가족 교류를 확대·촉진하려는 것임.■ 주요골자1. 이산가족은 이산의 사유와 경위를 불문하고 현재 남북으로 흩어져 있는 8촌 이내의 친·인척 및 배우자 또는 배우자이었던 자로 함(안 제2조).2. 이산가족교류 등을 촉진하기 위하여 법적·제도적 장치의 마련과 재원 조달에 대한 국가의 책무를 규정하고이산가족교류 등에 관한 기본계획을 수립토록 함(안 제3조 및 제4조).3. 대통령령이 정하는 바에 의하여 이산가족 찾기를 신청한 남한의 주민이 북한방문증명서 발급을 신청한 때에는 심사 없이 발급 받도록 하고, 북한주민접촉을 신청한 때에는 신청서류를 생략할 수 있도록 특례를 둠(안제8조).4. 이산가족 상호 방문을 정례화하여 매년 수차례에 걸쳐 상호 방문이 이루어지도록 하며, 상봉장소는 남북한이 정한 장소로 함(안 제9조).5. 이산가족간의 직접적인 서신교환을 허용하고, 서신교환을 위한 별도의 우체국을 설치하며, 서신교환이 이루어진 이산가족에 대해서는 전화통화를 할 수 있도록 함(안 제11조).6. 남한의 이산가족이 생사 및 주소가 확인된 북한 이산가족에게 대통령령이 정하는 바에 의하여 송금하거나경제적인 지원을 할 수 있도록 함(안 제12조).7. 이산가족이 생사를 확인하거나 상봉 또는 지속적인 서신교환을 하고 있는 경우에는 대통령령이 정하는 바에따라 일정한 경비를 지급하도록 함(안 13조).8. 이산1세대·실향민, 국군포로·납북자, 남파중 체포되어 장기 복역 후 출소한 자 및 그 배우자 및 직계존비속은 대통령령이 정하는 바에 따라 남한 또는 북한에서 정착할 것을 신청할 수 있도록 함(안 15조).']",통일외교통상위원회,"['장성민', '김부겸', '김성호', '김원웅', '김종하', '박명환', '안영근', '오세훈', '유재건', '유흥수', '이강래', '이낙연', '이창복', '정대철', '정동영', '정범구', '추미애', '한화갑', '홍사덕']"
160316,  교육공무원법중개정법률안(황우여의원등 8인 외 125인),2000-11-17,의원,2001-11-22,폐기,제16대 (2000~2004) 제215회,"['■ 제안이유 및 주요골자교원은 존경과 예우의 상징이었으나, 정년 65세인 고령교사 1명을 퇴출 시키면 젊고 유능한 교사 2.5명을 쓸수 있다는 경제논리를 앞세워 급격하게 교원의 정년단축을 추진함으로써 교원들의 자존심과 권위가 손상되었고, 정년단축조치는 교원들의 대규모 퇴직으로 교원 수급에 차질을 빚어 중등교사 자격증 소지자가 초등학교교원으로 임용되기도 하고 심지어 퇴직한 교사가 다시 기간제 교사로 교단에 서는 등 학교수업의 파행과 교실붕괴 현상의 주요한 원인이 되었음. 따라서 교원들이 전문직으로서의 자부심을 갖고 교육활동에 전념할 수 있도록 교육공무원의 정년을 65세로 환원하고자 함.']",교육위원회,"['황우여', '권철현', '김정숙', '박창달', '이규택', '이재오', '조정무', '현승일', '권태망', '김광원', '김기배', '김기춘', '김덕룡', '김동욱', '김락기', '김만제', '김무성', '김문수', '김부겸', '김성조', '김영구', '김영일', '김영춘', '김용갑', '김용균', '김용학', '김원웅', '김일윤', '김종하', '김진재', '김찬우', '김태호', '김학송', '김형오', '김호일', '김홍신', '나오연', '남경필', '도종이', '맹형규', '목요상', '민봉기', '박관용', '박근혜', '박명환', '박세환', '박승국', '박시균', '박원홍', '박재욱', '박종근', '박종웅', '박종희', '박주천', '박헌기', '박혁규', '박희태', '백승홍', '서상섭', '서정화', '서청원', '손태인', '손학규', '손희정', '신경식', '신영국', '신영균', '신현태', '심규철', '심재철', '안경률', '안상수', '안영근', '안택수', '엄호성', '오세훈', '원희룡', '유성근', '유흥수', '윤경식', '윤두환', '윤여준', '윤영탁', '윤한도', '이강두', '이방호', '이병석', '이부영', '이상득', '이상배', '이상희', '이성헌', '이연숙', '이원창', '이원형', '이윤성', '이인기', '이재창', '이주영', '이한구', '이해봉', '이회창', '임인배', '임진출', '임태희', '전용원', '전재희', '정문화', '정병국', '정의화', '정인봉', '정재문', '정창화', '정형근', '조웅규', '주진우', '최돈웅', '최병국', '최병렬', '최연희', '하순봉', '허태열', '현경대', '홍사덕', '황승민']"
160315,  병역법중개정법률안(강삼재의원등 6인 외 55인),2000-11-17,의원,2000-12-08,대안반영폐기,제16대 (2000~2004) 제215회,"['■ 제안이유현재 병역법 제58조제1항제1호에 의하면, 의사 및 치과의사는 면허의 취득만으로 군의관(의무장교)지원을 할 수 있도록 되어 있음. 하지만 한의사의 경우는 면허의 취득 외에도 추가로 사실상 전문의(4년) 과정에 해당하는 군전공의 수련과정을 이수중인 자만이 대상이 되도록 제한을 하고 있어, 기회 균등이라는 측면에서 불평등 논란이 일고 있음.이는 군의관의 지원단계에서부터 합리적 이유가 없이 의사, 치과의사의 경우와 달리 한의사에 대하여 차등을 두는 것으로 모든 국민의 평등을 보장하여 균등한 기회를 주도록 한 헌법 제11조에 반하는 위헌 논란의 소지가 있음.따라서 균등한 기회의 제공이라는 측면에서, 그리고 동시에 군과 공공의료부문에서의 한방수요 증가에 따른 인력부족을 근본적으로 해소하기 위하여 병역법 제58조제1항제1호를 개정하고자 함.■ 주요내용한의사도 의사, 치과의사와 동등하게 한의사 면허의 취득만으로도 의무장교의 병적에 편입할 수 있도록 함(안 제58조제1항제1호).']",국방위원회,"['강삼재', '김태홍', '김홍신', '이인제', '전용원', '한화갑', '고흥길', '권기술', '김경천', '김락기', '김명섭', '김성순', '김성조', '김영춘', '김용학', '김원웅', '김태호', '김호일', '김화중', '박상규', '박세환', '박승국', '박종근', '서영훈', '손희정', '송훈석', '신경식', '신영국', '신현태', '심재철', '안상수', '안택수', '유삼남', '윤한도', '이강두', '이상득', '이연숙', '이원창', '이원형', '이인기', '이정일', '이종걸', '이창복', '이해봉', '장영달', '전재희', '정문화', '정병국', '정장선', '정재문', '조성준', '조한천', '조희욱', '최연희', '홍사덕']"
160313,  조세특례제한법중개정법률안(이상득의원등 22인),2000-11-16,의원,2000-12-21,대안반영폐기,제16대 (2000~2004) 제215회,"['■ 제안이유 및 주요내용사회복지법인？종교법인 등이 3년 이상 그 고유목적에 직접 사용한 토지 등을 양도할 경우에 발생하는 양도차익에 대하여는 2000년말까지 한시적으로 특별부가세를 면제하도록 하고 있는 바, 공익법인들이 수행하는 사회복지기능등의 공공적 측면을 고려하여 특별부가세 면제규정을 영구화하도록 개정하여 이들에 대한 조세지원을 도모함과 동시에 탈세목적으로 악용되는 것을 방지하기 위하여 면세요건 중 고유목적에의 사용기간의 요건을 3년에서 5년으로 강화하고자 함.']",재정경제위원회,"['이상득', '김광원', '김동욱', '김만제', '김성조', '김영춘', '나오연', '남경필', '박재욱', '박종근', '서정화', '신영국', '안영근', '안택수', '오세훈', '이병석', '이상배', '임인배', '임태희', '정병국', '정의화', '최돈웅']"
160312,  혈액관리법중개정법률안(심재철의원등 21인),2000-11-16,의원,2001-12-06,수정가결,제16대 (2000~2004) 제215회,"['■ 제안이유혈액관리업무중 채혈은 정밀한 검사를 통하여 혈액의 적격성여부를 판정하는 것을 포함하며, 적합한 검사를 실시하기 위해서는 고가의 검사장비와 검사인력이 필요하나, 이를 갖추지 못한 혈액원이 채혈을 하고 그 혈액을엄격하고 정밀한 검사를 거치지 아니하고 수혈하여 후천성면역결핍증 등의 병원체가 전염되는 의료사고가 초래되고 있는바, 종합병원이 아닌 의료기관은 혈액관리업무 중 채혈을 할 수 없도록 하고, 보건복지부장관 또는시·도지사가 혈액원에 대하여 필요한 지시를 명할 수 있도록 하는 등 혈액관리의 안전성을 제고하기 위하여필요한 사항을 규정하고자 하는 것임.■ 주요골자1. 의료법에 의한 의료기관 중 종합병원이 아닌 의료기관은 혈액관리업무중 채혈을 할 수 없도록 하고, 이를위반할 경우 5년 이하의 징역 또는 1천만원 이하의 벌금에 처하도록 함(안 제6조제1항 단서, 제18조).2. 대한적십자사가 구급차등을 운용할 수 있도록 함(안 제6조제2항).3. 보건복지부장관 또는 시·도지사는 혈액원에 대하여 필요한 지시를 할 수 있도록 하고, 지시권한의 일부를대한적십자사총재에게 위탁할 수 있도록 함(안 제8조의2, 제17조제2항제1호).4. 혈액관리업무의 내용과 혈액원이 최소한 준수하여야 할 사항을 명시하여 안전관리의 기준을 제시함(안 제9조).■ 위원회 수정사항□ 수정이유 및 주요골자1. 혈액관리업무중 채혈은 엄격하고 정밀한 검사를 통하여 혈액의 적격성여부를 판정하는 것이 필요하나 의료기관중 종합병원에서만 채혈하도록 하는 것은 검사능력보다는 병원의 규모에 따라서 채혈을 할 수 있도록하는 것이므로 이를 수정하여 보건복지부령이 정하는 시설과 장비를 갖춘 의료기관은 채혈을 할 수 있도록함(안 제6조제2항).2. 보건복지부장관 또는 시·도지사가 혈액원에 대하여 필요한 지시를 명할 수 있도록 하고 이 권한과 업무를대한적십자사총재에게 위탁할 수 있도록 하는 것은 민간에게 위탁할 수 없는 포괄적인 행정권한까지 위탁하는 내용으로 업무만을 위탁하는 것이 바람직하므로 현행규정을 존치토록 하였음(안 제8조의2, 제17조제2항제1호).3. 혈액원이 수행하는 혈액관리업무를 법률에서 구체적으로 명시하는 것은 업무의 전문성과 기술발전을 반영하지 못할 우려가 있으므로 구체적인 혈액관리업무에 대하여는 보건복지부령이 정하는 기준을 준수하도록 행정입법에 위임함(안 제9조).']",보건복지위원회,"['심재철', '강신성일', '김명섭', '김종하', '김찬우', '김태홍', '박시균', '박원홍', '손희정', '안경률', '안영근', '오세훈', '윤여준', '윤한도', '이성헌', '이원형', '이윤성', '임진출', '전재희', '정병국', '하순봉']"
160311,  의료법중개정법률안(심재철의원등 22인),2000-11-16,의원,2002-02-28,대안반영폐기,제16대 (2000~2004) 제215회,"['■ 제안이유진료기록은 의료인이 의료행위에 관한 사항과 소견을 상세히 기록하고 서명한 것으로 이를 분실·훼손하였을경우 타의료기관에 이송 또는 장기간의 치료를 요하는 환자에게 가장 적절한 진료를 할 수 없을 뿐만 아니라,개인정보의 누출로 말미암아 환자의 사생활의 비밀에 관한 권익을 침해할 우려가 있는 바, 의료기관이 폐업 또는 1월 이상 휴업하는 경우 의료기관에서 기록·보관하고 있는 진료기록부등을 관할보건소장에게 이관하도록함으로써 진료기록의 분실 또는 훼손을 막고자 하는 것임.■ 주요골자1. 의료기관의 개설자가 의료업을 폐업 뿐만 아니라 1월이상 휴업하는 때에도 당해 의료기관에서 기록·보관하고 있는 진료기록부등을 관할보건소장에게 이관하도록 함(안 제33조제2항).2. 안 제33조제2항을 위반하는 경우 300만원이하의 과태료에 처하도록 함(안 제71조제1항제3호).']",보건복지위원회,"['심재철', '강신성일', '김명섭', '김영춘', '김종하', '김찬우', '김태홍', '박시균', '박원홍', '손희정', '안경률', '안영근', '오세훈', '윤여준', '윤한도', '이성헌', '이원형', '이윤성', '임진출', '전재희', '정병국', '하순봉']"
160310,  문화예술진흥법중개정법률안(이미경의원등 21인),2000-11-15,의원,2004-05-29,임기만료폐기,제16대 (2000~2004) 제215회,"['■ 제안이유 및 주요골자건축물에 대한 미술장식제도는 건물과 도시에 문화적 이미지를 부여하고 지역주민의 문화복지 향상을 도모하는등 도시문화환경 개선을 위해 마련된 것인 바, 동 제도의 취지를 보다 명확하게 표현할 수 있도록 용어를 건축물에 대한 미술장식 에서 건축물에 대한 환경조형 으로 개정하는 한편, 건축주의 부담을 통해 문화예술진흥을 유도하고 있는 동제도의 내실화를 위해 현재 건축비용의 100분의 1 이하에서 정하도록 한 환경조형에대한 비용의 최소한도 비율을 민간이 건축주가 될 경우는 현행을 유지하되, 국가 등 공공기관이 건축주가 될경우는 그 범위를 100분의 1 이상에서 정할 수 있도록 상향조정하려는 것임.']",문화관광위원회,"['이미경', '강성구', '강신성일', '김경천', '김근태', '김성순', '김운용', '김원웅', '김일윤', '남경필', '박인상', '신기남', '심재권', '윤철상', '이재정', '임종석', '정동채', '정병국', '최용규', '최재승', '한명숙']"
160307,  국회법중개정법률안(김원웅의원등 21인),2000-11-15,의원,2002-02-28,대안반영폐기,제16대 (2000~2004) 제215회,"['■ 제안이유국회의장 및 부의장이 당적을 보유함으로 인해 공평한 국회운영을 담보하지 못하고, 소속정당의 당략에 따른의사진행으로 국회의 파행을 초래하는 경우가 많았다는 의견을 수렴하여 국회의장단의 당적보유를 금지하여 중립적인 국회운영을 할 수 있도록 하고자 함.■ 주요골자1. 당적을 보유한 국회의원이 국회의장 및 부의장으로 당선된 경우 당선일 후 7일부터 그 직에 있는 동안 당적을 가질 수 없게 한다.2. 국회의장 및 부의장이 국회의원에 정당공천을 받아 출마할 수 있도록 임기만료일전 90일부터 당적을 가질수 있도록 한다.3. 비례대표 국회의원이 의장 또는 부의장으로 당선되어 탈당할 경우에는 공직선거및선거부정방지법 제192조제4항을 적용하지 않고, 국회의원직을 유지하도록 하며, 그 직을 그만두게 된 경우 자유로운 당적보유를 보장한다.']",정치개혁특별위원회,"['김원웅', '권오을', '김락기', '김영구', '김영춘', '김호일', '김홍신', '서상섭', '서정화', '신현태', '심규철', '안영근', '오세훈', '원희룡', '윤경식', '이규택', '정병국', '정의화', '정인봉', '조정무', '황우여']"
160306,  국민건강보험법중개정법률안(윤여준의원등 42인),2000-11-15,의원,2000-12-08,대안반영폐기,제16대 (2000~2004) 제215회,"['■ 제안이유현행 국민건강보험법은 직장가입자 규모를 상시 5인 이상 근로자를 사용하는 사업장으로 규정함으로써 5인 미만 사업장 근로자들은 동일한 임금근로자임에도 불구하고, 지역가입자로 편입되어 본인이 보험료를 전액 부담하고 있는 바 이들을 직장가입자로 편입시켜 보험료 부담의 형평을 기하고, 영세사업장에 고용된 근로자의 복지를 확대하고자 함. 또한 5인 미만 사업장 근로자들이 임금근로자임에도 불구하고, 소득이 없는 가족구성원만 가입하도록 되어있는 직장가입자 피부양자로 가입됨으로써 다른 임금 근로자의 보험료 부담을 가중시키고, 자영업자만 가입하도록 되어있는 지역가입자로 가입됨으로써 건강보험의 재정부실을 심화시키고 있는 불합리한 점을 개선하여 보험재정의 안정화를 도모하고, 국가의 재정지원 부담을 줄이고자 함.■ 주요내용직장 가입자의 사업장 규모를 모든 사업장에 고용된 근로자와 그 사용자로 하되 사업의 종류와 규모 등을 고려하여 대통령령으로 정하는 사업장은 제외하도록 함(안 제6조제2항제1호).']",보건복지위원회,"['윤여준', '강성구', '강현욱', '권기술', '권태망', '김근태', '김락기', '김성순', '김성조', '김영춘', '김원웅', '김태호', '김홍신', '김화중', '박시균', '박원홍', '박인상', '서정화', '손희정', '심재철', '안상수', '유성근', '이병석', '이부영', '이성헌', '이원창', '이원형', '이인기', '이재정', '이주영', '이한구', '장태완', '정의화', '정재문', '조성준', '조웅규', '조한천', '조희욱', '최병렬', '최영희', '허태열', '홍사덕']"
160305,  지방소도읍육성지원법안(김옥두의원 외 22인),2000-11-14,의원,2000-12-15,수정가결,제16대 (2000~2004) 제215회,"['■ 제안이유읍지역은 우리나라의 사회·경제적 또는 행정적 관점에서 볼 때 도시와 농촌사이의 중간지위를 갖는 행정단위로서 현재 우리나라 인구의 8%인 3,823천명이 거주하고 있으나 그동안 대도시와 농촌지역에 편중된 정부지원시책에서 오랜기간 동안 소외되어 생활편익기반시설이 낙후되어 있고 경제·문화 등 주민의 소득과 삶의 수준이 상당수준 저하되어 있는 실정임.한편 도시지역의 인구집중으로 인구과밀의 거대도시 확산에 따른 사회문제가 심화되고 있고 수도권 과밀문제해소가 시급한 국가적 과제로 대두되고 있는 현시점에서 대도시 인구집중을 완화하고 국토균형발전을 도모할수 있는 읍지역의 역할이 새롭게 인식되고 있음.주변 농어촌의 경제·사회·문화적 중심지로서 읍의 기능을 유지할 수 있도록 지역경제를 활성화하고 지역주민의 삶의 질 향상을 통해 대도시 인구집중을 완화하기 위하여는 읍지역을 자체 생산능력을 갖춘 지역사회의경제적 거점지역으로 육성하는 한편, 생활편익과 문화 기반시설 확충 등의 정주여건을 조성해 나가는 방안이시급히 강구되어야 할 것이며 이같은 방안의 원활한 추진을 제도적으로 뒷받침하기 위한 것임.■ 주요골자1. 이 법은 읍지역을 주변 농어촌지역의 중심거점지역으로 육성하는데 필요한 사항을 정하여 지역주민의 소득증대와 생활복지 향상을 기하고 국토의 균형있는 발전에 기여함을 목적으로 함(안 제1조).2. 지방소도읍지역의 대상범위는 지방자치법 제3조의 규정에 의하여 시·군에 설치된 읍지역으로 하되 대통령령이 정하는 바에 따라 일정지역에 인구가 집중되어 있거나 집중될 우려가 있어 도시기능의 회복이나 정비가필요한 지역도 지방소도읍 대상지역으로 정할 수 있도록 함(안 제2조).3. 시장·군수가 시도지사와 협의를 거쳐 지방소도읍육성계획을 수립하여 행정자치부장관에게 제출하면 관계중앙행정기관의 장과 협의를 거쳐 확정하고 확정된 종합육성계획에 따라 시도지사가 연도별 사업계획을 수립·시행하도록 함(안 제4조 내지 제5조).4. 국가 및 지방자치단체·정부투자기관 등을 사업시행자로 하되 민간인의 경우에도 시장·군수의 시행승인을얻어 사업을 시행할 수 있도록 하고 사업시행승인을 얻은 경우에는 도시계획법의 토지형질 변경허가, 공업배치및공장설립에관한법률의 공장설립 승인 등 25개 법률의 인·허가 등을 받은 것으로 하여 사업시행을 원활하게 할 수 있도록 함(안 제7조 내지 제9조).5. 국가 및 지방자치단체가 지방소도읍 육성사업에 필요한 예산을 계상토록 하고 민간개발사업자에 대한 세제금융 등의 지원을 할 수 있도록 하며, 세제·금융지원을 받은 민간개발사업자는 근로자의 일정비율 이상을지역주민을 우선 고용하도록 함(안 제11조 내지 제14조, 제20조).6. 기타 지방소도읍 육성사업으로 시행되는 공공시설의 설치 및 관리 등에 필요한 사항을 정하고 지방소도읍지역내에서는 건축법에 의한 건축선의 지정, 도시계획법에 의한 건폐율·용적율 등에 대하여 대통령령으로하는 범위내에서 그 기준을 따로 정할 수 있도록 함(안 제15조 내지 제17조, 제21조).■ 위원회 수정사항□ 수정이유지방소도읍 개발사업은 국가 또는 지방자치단체가 시행함을 원칙으로 하되 특별한 사유가 있을 때에는 사업시행자로 정부투자기관, 지방공사 등을 지정할 수 있도록 하려는 것임.□ 수정주요골자국가 또는 지방자치단체가 지방소도읍개발사업을 시행하되, 관할시장·군수가 필요하다고 인정하는 개발사업에 대하여는 정부투자기관, 지방공사 등을 사업시행자로 지정할 수 있도록 함(안 제7조).']",행정자치위원회,"['김옥두', '김방림', '김영진', '김운용', '김윤식', '김태식', '김홍일', '박상희', '서영훈', '설훈', '송석찬', '송영길', '송훈석', '원유철', '유재건', '유재규', '이강래', '이인제', '임채정', '전갑길', '조재환', '추미애']"
160304,  1980년강제해직예비군중대장의퇴직보상금지급에관한특례법안(정재문의원등 4인 외 68인),2000-11-14,의원,2004-05-29,임기만료폐기,제16대 (2000~2004) 제215회,"['■ 제안이유지방자치단체장의 임용령에 의하여 지방공무원 임용시험을 거쳐 특채된 공무원신분인 지역예비군중대장은 각시·군·구의 면·동으로 발령받아 동병무담당의 구4급을류 직급으로 병사업무와 예비군조직편성, 교육 및 대간첩작전 등을 수행하고 예비군전력화와 국가안보에 크게 공헌하였음.그러나 1980년 국가보위비상대책위원회가 공직자 정화작업을 추진하는 과정에서 예비군중대장까지 포함시켜 강제로 일괄해직시켰음.이에 이들의 해직예비군중대장의 명예회복과 퇴직금지급 및 해직기간중의 보상을 위한 특별조치법을 마련함으로써 이들의 생활안정을 도모하고 국가발전에 기여한 공로를 인정하여 공직사회의 신분보장과 국가에 대한 충성을 고취시키는데 그 목적이 있음.■ 주요골자1. 이 법은 1980년 해직예비군중대장의 퇴직금 및 해직기간에 대한 보상과 명예회복에 관한 사항을 규정함(안제1조).2. 이 법의 적용대상자는 1968년부터 지방공무원 임용령에 의해 채용되어 1980년 12월 31일까지 해직된 지역예비군중대장을 대상으로 함(안 제2조).3. 퇴직금 산정기간은 임용일부터 해직기일까지로 하고, 보상금 산정기간은 해직일부터 1999년 12월 31일까지로 함(안 제3조).4. 퇴직금 및 보상금 산정기간은 지방공무원 7급 3호봉으로서 1999년도 보수월액을 기준으로 함(안 제3조).5. 해직예비군중대장에 대한 개인별 보상액은 해직기간 총봉급액의 60퍼센트를 지급함(안 제3조).']",국방위원회,"['정재문', '김근태', '박인상', '유삼남', '강현욱', '권철현', '김기배', '김기재', '김동욱', '김명섭', '김무성', '김민석', '김영일', '김영환', '김옥두', '김용갑', '김용학', '김원길', '김종하', '김진재', '김태호', '김형오', '도종이', '박관용', '박광태', '박근혜', '박명환', '박상규', '박승국', '박종웅', '박혁규', '백승홍', '서청원', '설훈', '송훈석', '신경식', '신기남', '안경률', '안택수', '원유철', '유성근', '유재규', '유흥수', '윤철상', '이부영', '이상희', '이연숙', '이용삼', '이인제', '이재선', '이재오', '이해봉', '임진출', '장성원', '장영달', '정대철', '정동영', '정문화', '정세균', '정의화', '정형근', '천용택', '천정배', '최연희', '추미애', '하순봉', '한화갑', '함석재']"
160303,  법령등제정및개정관련자의실명기재등에관한법률안(박병윤의원등 27인),2000-11-14,의원,2004-05-29,임기만료폐기,제16대 (2000~2004) 제215회,"['■ 제안이유법령은 국민의 권리·의무와 밀접한 관련이 있는 것으로서, 법령의 잘못된 제·개정은 국민의 권리를 침해하고, 더 나아가 국가 위기를 초래할 수 있는 중대한 문제라 할 수 있음. 더구나 오늘날 상충되는 법령, 옥상옥인 법령등 법령의 남용은 문제를 더욱 악화시킬 수 있음. 따라서, 법령등의 제정 및 개정과정에 참여한 자를법령 등에 기재함으로써 국민의 알 권리를 충족시키고, 책임소재를 명확히 하여 법령등이 책임있게 제정 또는개정되도록 하여 국민의 권익을 보호하기 위한 것임.■ 주요골자1. 이 법은 법률·명령 등의 제정 또는 개정과정에 참여한 자의 실명을 그 법령 등에 기재하도록 함으로써 국민의 알 권리를 충족시키고, 법률·명령 등이 책임있게 제정 또는 개정되도록 하여 국민의 권익을 보호함을목적으로 함(안 제1조).2. 정부가 법률안을 제출할 경우에는 그 법률안의 부칙 다음에 당해 법률안 입안과정에 참여한 자의 성명등을기재하여야 함(안 제2조).3. 법률을 제정하거나 전문개정할 경우에는 그 법률의 부칙 다음에 그 법률안의 입안 및 심의과정에 참여한 자를 기재하여야 하고, 다만, 부분개정할 경우에는 중요부분을 개정하는 경우에 한하여 기재할 수 있음(안 제3조).4. 대통령령·총리령·부령, 조례·규칙 등에는 부칙 다음에 그 대통령령 등의 제정 또는 개정과정에 참여한자의 성명등을 기재하여야 함(안 제5조).']",법제사법위원회,"['박병윤', '강성구', '강숙자', '강운태', '곽치영', '김근태', '김기재', '김덕배', '김동욱', '김만제', '김성순', '김영환', '김운용', '김윤식', '김택기', '박종근', '송광호', '이정일', '장영신', '정세균', '정의화', '조성준', '천정배', '최돈웅', '최선영', '허운나', '홍재형']"
160302,  국제공항서비스증진에관한법률안(조한천의원등 46인),2000-11-14,의원,2004-05-29,임기만료폐기,제16대 (2000~2004) 제215회,"['■ 제안이유국제민간항공협약 부속서9에 채택된 표준과 방식에 따라 국제공항 이용자에 대한 서비스를 증진시키고 국제공항운영의 효율화를 기하고자 국제공항운영자는 서비스 증진을 위한 기본계획을 수립·시행하도록 하고, 중앙국제공항운영위원회를 설치하여 국제공항운영에 관한 사항을 심의·조정·의결하도록 근거 법률을 제정하고자함.■ 주요골자1. 공항운영자는 공항이용자에 대한 서비스 증진을 위한 기본계획을 수립·시행하도록 함(안 제3조).2. 중앙국제공항운영위원회는 공항이용자에 대한 서비스 증진을 위한 헌장을 제정·시행하도록 함(안 제4조).3. 공항이용자에 대한 서비스 증진 등 공항운영에 관한 사항을 관장하기 위하여 중앙국제공항운영위원회를 설치하고 각 공항에는 공항운영위원회를 설치하도록 함(안 제5조).4. 운영자는 공항의 원활한 운영을 위하여 필요한 경우 국가 또는 지방자치단체에 행정적인 협조와 지원을 요구할 수 있도록 함(안 제9조).5. 운영자는 관련기관 및 종사업체에 업무개선을 요구할 수 있도록 함(안 제10조).6. 운영자는 환승구역 안에 통과여객을 위한 편의시설과 공항구역 안에 옥외광고물을 설치·운영할 수 있도록함(안 제11조).']",건설교통위원회,"['조한천', '강숙자', '강현욱', '김근태', '김성순', '김영배', '김원길', '김윤식', '김화중', '김희선', '도종이', '문석호', '민봉기', '박상규', '박상희', '박인상', '배기선', '설송웅', '송석찬', '송영길', '송훈석', '신기남', '안경률', '안동선', '안상수', '안영근', '윤경식', '이강두', '이양희', '이재정', '이해봉', '임인배', '임채정', '장정언', '정동영', '정동채', '정세균', '조성준', '조웅규', '조희욱', '최선영', '최용규', '추미애', '한화갑', '함승희', '황우여']"
160301,  농업협동조합합병촉진에관한법률중개정법률안,2000-11-13,정부,2000-12-20,원안가결,제16대 (2000~2004) 제215회,"['■ 제안이유 및 주요골자농업협동조합법·축산업협동조합법 및 인삼협동조합법이 폐지되고 새로이 농업협동조합법이 제정(1999. 9.7, 법률 제6018호)됨에 따라 이 법의 적용대상에 지역축산업협동조합과 축산관련 품목조합·인삼관련 품목조합을 추가하고 아울러 관련규정을 정비하는 등 현행 제도의 운영상 나타난 미비점을 개선·보완하는 한편, 이 법의 유효기간을 2001년 12월 31일에서 2003년 12월 31일까지로 연장하여 지역농업협동조합·지역축산업협동조합및 품목조합의 합병을 촉진하려는 것임.']",농림해양수산위원회,[]
160300,  항만법중개정법률안,2000-11-13,정부,2000-12-21,수정가결,제16대 (2000~2004) 제215회,"['■ 제안이유 및 주요골자행정규제기본법에 의한 규제정비계획에 따라 해양수산부장관에게 신고하도록 되어있는 현행 예선사용료 신고제도를 폐지하고, 항만내 어항기능을 수행하고 있는 지역에 대하여는 이 법에 따라 어항시설을 설치할 수 있도록 하여 항만의 활용도를 제고하는 등 현행 제도의 운영상 나타난 일부 미비점을 개선·보완하려는 것임.■ 위원회 수정사항□ 수정이유개정법률안중 ""항만시설""로 추가 규정되는 어항시설에 관광·휴게시설이 제외되어 있으므로 어항법상 관광·휴게시설중 일부 시설을 그 기능이 유사한 ""항만친수시설""에 포함하기 위한 것임(안 제2조제8호)□ 수정주요골자1. 제2조제8호의 ""항만친수시설""의 범위에 낚시어선, 요트, 윈드서핑의 수용을 위한 해양레저용 기반시설과 어촌민속관을 추가함 (수정안 제2조제8호)']",농림해양수산위원회,[]
160299,  도로교통법중개정법률안,2000-11-13,정부,2000-12-22,대안반영폐기,제16대 (2000~2004) 제215회,"['제안이유？？？？학원의설립·운영에관한법률에 있는 자동차운전학원관련 규정을 도로교통법으로 이관하고, 상습적인 주취운전을 근절하기 위하여 3회 이상 주취운전으로 단속된 경우에는 운전면허 정지사유에 해당하더라도 운전면허를 취소하며, 교통사고 위험을 방지하기 위하여 운전중 휴대용 전화의 사용을 금지하는 등 현행 제도의 운영상 나타난 일부 미비점을 개선·보완하려는 것임.주요골자？？？？가. 운전중 휴대용 전화 사용으로 인한 교통사고 위험이 증대됨에 따라 이를 방지하기 위하여 자동차가 정지하고 있는 경우, 긴급자동차를 운전하는 경우, 재해신고 등 긴급을 요하는 경우 및 대통령령이 정하는 바에 의하여 안전에 장애를 주지 아니하는 장치를 이용하는 경우 외에는 운전중 휴대용 전화 사용을 금지하도록 함(안 제48조제1항제11호 신설).나. 상습 주취운전을 방지하기 위하여 3회 이상 주취운전 등으로 단속된 경우에는 혈중알코올농도가 운전면허 정지사유에 해당하더라도 운전면허를 취소하도록 하고, 운전면허 재취득금지기간을 1년에서 2년으로 연장함(안 제70조제2항제5호 및 제78조제1항제14호).다. 학원의설립·운영에관한법률에 규정된 자동차운전학원관련 규정을 도로교통법으로 이관함(안 제70조의2 내지 제70조의11·제71조의15 및 제71조의17 신설).라. 자동차운전전문학원 학감이 학사관리를 충실히 수행할 수 있도록 하기 위하여 학감의 정년제를 신설하고, 학감·기능검정원 및 강사의 연령요건을 조정함(안 제71조의3제1호·제71조의4제3항제1호 및 제71조의5제3항제1호).마. 운전면허시험장 주변에서 단시간에 실시되는 불법운전교육 등을 방지하기 위하여 학원으로 등록하지 아니한 사람은 대가를 받고 자동차운전교육을 할 수 없도록 함(안 제71조의16 및 제107조의2제5호).바. 제2종 운전면허증 갱신기간을 7년에서 9년으로 연장하여 국민의 편의를 도모하고, 갱신기간내에 면허증을 갱신하지 아니한 경우에 부과되던 범칙금을 과태료로 전환함(안 제74조제4항·제113조제7호 및 제115조의2제2항).']",행정자치위원회,[]
160298,  건축법중개정법률안,2000-11-13,정부,2000-12-15,대안반영폐기,제16대 (2000~2004) 제215회,"['제안이유？？？？자연환경 및 수질을 보호하고 난개발(亂開發)을 방지하기 위하여 건축허가전에 도지사의 승인을 얻어야 하는 건축물의 범위를 확대하고, 건축현장에 대한 조사·검사 및 확인결과를 허위로 보고한 건축사에 대한 처벌을 강화함으로써 건축물에 대한 안전의식을 제고하도록 하는 등 현행 제도의 운영상 나타난 일부 미비점을 개선·보완하려는 것임.주요골자？？？？가. 시장·군수가 건축물의 건축을 허가하기 전에 도지사의 사전승인을 얻어야 하는 건축물을 종전에는 21층 이상의 건축물 등으로 한정하였으나, 앞으로는 자연환경 또는 수질보호를 위하여 도지사가 지정·공고하는 구역안에 건축하는 3층 이상의 건축물 등으로서 대통령령이 정하는 용도에 해당하는 건축물로 이를 확대함으로써 환경보호 및 난개발의 방지를 도모함(안 제8조제2항제2호).나. 도시계획법에 의한 용도지역·지구안에는 당해 용도지역·지구의 목적에 적합한 건축물만 설치할 수 있도록 하고 있으나, 일시적으로 사용하는 가설건축물은 이러한 제한을 받지 아니하도록 함으로써 가설건축물의 설치가 용이하도록 함(안 제15조제3항).다. 종전에는 대지(垈地)가 방화지구(防火地區)를 제외한 2개 이상의 지역·지구 등에 걸쳐 있는 경우에는 당해 대지 전체에 대하여 그 대지의 과반(過半)이 속하는 지역·지구 등의 건축기준을 적용하도록 하였으나, 앞으로는 대지가 녹지지역과 다른 지역·지구 등에 걸쳐 있는 경우 녹지지역에 대하여는 과반 여부에 관계없이 녹지지역에 관한 건축기준을 적용하도록 함으로써 녹지지역의 훼손을 최소화할 수 있도록 함(안 제46조제3항 신설).라. 현장조사·검사 및 확인에 관한 시장·군수·구청장의 업무를 대행하는 건축사가 그 결과를 허위로 보고한 경우 종전에는 200만원 이하의 벌금에 처하도록 하였으나, 당해 건축사가 실질적으로는 공무원으로서의 직무를 행한다는 점을 감안하여 공무원에 준하여 5년 이하의 징역 또는 5천만원 이하의 벌금에 처하도록 벌칙을 강화함으로써 씨랜드화재사건과 같은 사고를 미연에 방지하고 건축물에 대한 안전의식을 제고하도록 함(안 제77조의3 신설).']",건설교통위원회,[]
160297,  상표법중개정법률안,2000-11-13,정부,2001-01-09,수정가결,제16대 (2000~2004) 제215회,"['■ 제안이유상표등록출원인의 상표등록전 보상금지급청구권제도를 도입하고, 내국인의 국제등록절차와 외국인의 국제등록을 통한 국내출원절차 등 상표법조약과 마드리드협정에 관한 의정서의 내용을 이 법에 수용함으로써 상표의 출원 및 등록에 관한 절차를 국제화하는 한편, 일정한 요건하에 지리적 명칭으로 구성된 상표의 등록을 허용하는등 현행 제도의 운영상 나타난 일부 미비점을 개선·보완하려는 것임.■ 주요골자1. 현저한 지리적 명칭으로 구성된 상표라 하더라도 출원인이 상표등록출원전에 당해 상표를 사용함으로써 식별력이 생긴 때에는 상표등록을 할 수 있도록 허용함으로써 장기간의 사용으로 축적된 상표권자의 신용을보호함(안 제6조제2항).2. 상표등록출원인은 출원공고된 상품과 동일하거나 유사한 상품에 대하여 출원공고된 상표를 사용하는 자에대하여 서면으로 경고를 할 수 있도록 하고, 경고를 받은 후에도 당해 상표를 사용하는 자에 대하여는 보상금의 지급을 청구할 수 있도록 함(안 제24조의2 신설).3. 종전에는 상표등록결정의 통지서가 송달된 경우 상표권을 등록하기 전에는 지정상품의 일부에 관하여 상표를 포기할 수 없었으나, 앞으로는 상표등록결정의 통지서가 송달된 후에도 상표등록을 원하지 아니하는 지정상품이 있는 때에는 상표등록료를 납부할 때에 당해 지정상품의 상표등록을 포기할 수 있도록 함(안 제34조의2 신설).4. 1998년 2월 28일 이전의 상품류구분에 따라 상표권을 등록한 자는 당해 상표권의 존속기간 만료일 1년전부터 만료후 6월 이내에 현행 상품류구분에 따라 상품분류전환등록을 하도록 하고, 동기간내에 상품분류전환등록을 하지 아니한 때에는 당해 상표권의 존속기간 만료일부터 10년이 경과한 날에 상표권이 소멸되도록함(안 제46조의2 및 제64조의2 신설).5. 특허권과 타인의 상표권이 저촉되는 경우로서 상표등록출원 이전에 출원되어 등록된 특허권의 존속기간이만료되는 때에는 원특허권의 범위안에서 타인의 등록상표와 동일하거나 유사한 상표를 사용할 수 있도록 함(안 제57조의2 신설).6. 국내상표등록출원 또는 국내상표등록을 기초로 하여 세계지적소유권기구의 국제사무국에 국제등록을 하고자하는 자는 특허청장에게 국제출원서를 제출하도록 하고, 특허청장은 국제출원서의 기재사항이 국내상표등록출원 또는 국내상표등록과 합치되는지 여부를 심사한 후 동 국제사무국에 국제출원서를 보내도록 함(안 제86조의2·제86조의4 및 제86조의5 신설).7. 외국 특허청에 상표등록출원을 하거나 상표등록을 한 자가 대한민국에서 당해 상표를 보호받기 위하여 대한민국을 지정국으로 명시하여 국제출원을 하는 경우에는 국제등록일에 대한민국에서 상표등록출원이 된 것으로 보아 상표등록출원의 심사절차를 진행하도록 함(안 제86조의14 신설).8. 국제등록에 기초하여 국내에 등록된 상표의 경우에는 국제등록을 갱신함으로써 국내의 상표등록도 갱신한것으로 봄(안 제86조의32 신설).9. 국제등록에 기초하여 국내에 등록된 상표권의 이전 및 변경은 당해 사실을 국제등록부에 등록하지 아니하면그 효력이 발생하지 아니하도록 함(안 제86조의35 신설).10. 국제등록이 소멸됨에 따라 국내등록상표권이 소멸되는 경우 그 국제등록의 명의인이 국제등록소멸일부터 3월 이내에 당해 지정상품에 관한 상표등록출원을 특허청장에게 하는 등 일정한 요건이 충족된 때에는 당해상표등록출원이 국제등록일에 있은 것으로 봄(안 제86조의39 신설).□ 수정이유 및 주요골자안 부칙 제1항의 단서규정에서 제38조의 개정규정은 2001년 1월 1일부터 시행하도록 규정하고 있으나 이 법안의 처리시기가 이 보다 지연될 것으로 예상되어 시행일을 공포한 날부터로 수정하고자 함(안 부칙 제1항 단서).']",산업자원위원회,[]
160296,  의장법중개정법률안,2000-11-13,정부,2001-01-09,수정가결,제16대 (2000~2004) 제215회,"[""■ 제안이유의장의 보호범위를 확대하는 국제추세에 부응하여 부분의장제도를 도입하고, 한 벌의 물품의 의장에 관한 등록요건을 완화하는 한편, 의장무심사등록출원에 대한 등록요건의 심사범위를 확대하고, 출원인이 공개를 신청한것 외의 의장에 대하여도 정보를 제공할 수 있도록 함으로써 의장심사의 공정성을 도모하는 등 현행 의장제도의 운영상 나타난 일부 미비점을 개선·보완하려는 것임.■ 주요골자1. 종전에는 물품 전체에 대하여만 의장등록을 할 수 있도록 하였으나, 앞으로는 물품의 일부분에 대하여도 의장등록을 할 수 있도록 함으로써 부분의장에 대한 창작적 가치를 보호하고 부분의장의 도용에 의한 분쟁을방지할 수 있도록 함(안 제2조제1호).2. 물품의 기능을 발휘하기 위하여는 반드시 필요한 형상만으로 된 물품은 의장등록을 받을 수 없도록 함(안제6조제4호 신설).3. 동시에 사용되는 다수의 물품은 이를 한 벌의 물품으로 하여 의장등록출원을 할 수 있는데, 그 등록요건을종전에는 각 물품별로 충족하여야 하였으나, 앞으로는 한 벌의 물품 전체로 구성요건을 충족하면 되도록 등록요건을 완화하고, 일단 한 벌의 물품으로 등록출원한 의장에 대하여는 이를 다수의 의장으로 분할하지 못하도록 함(현행 제12조제3항·제19조제1항제3호 및 동조제4항 삭제).4. 종전에는 출원인이 공개를 신청한 의장등록출원에 대하여서만 그 의장이 등록요건 등에 맞지 아니하다는 취지의 정보를 특허청장에게 제공할 수 있도록 하였는데, 앞으로는 출원인이 공개를 신청한 것 외의 의장에대하여서도 누구든지 당해 의장이 등록될 수 없다는 취지의 정보를 제공할 수 있도록 함으로써 의장심사의공정성 및 신속성을 도모함(안 제23조의5 신설).5. 의장무심사등록출원한 물품에 대한 의장등록심사를 종전에는 그 방식심사 및 공서양속에 관한 심사만을 하던 것을 앞으로는 공업상 이용가능성에 대한 심사도 하도록 하여 부실권리의 발생을 최소화함(안 제26조제2항).6. 본인이 책임질 수 없는 사유로 인하여 추가납부기간까지 등록료를 납부하지 못하여 의장등록출원 또는 의장권이 포기된 경우 특허의 경우와 같이 이를 구제할 수 있도록 함으로써 불의의 사태로 인하여 의장권자가피해를 보는 일이 없도록 함(안 제33조의2 신설).7. 의장권의 침해에 대한 손해액의 산정에 있어서 침해자가 판매한 수량에 권리자의 원가계산에 의한 이익액을곱한 것을 권리자의 손해액으로 할 수 있도록 함으로써 판매수량만을 확인하면 손해액을 쉽게 산정할 수 있도록 함(안 제64조제1항 신설).8. 의장권에 대한 보호를 강화하기 위하여 의장권 또는 전용실시권을 침해한 자에 대한 벌칙을 상향조정하고,법인의 대표자나 종업원 등이 그 법인의 업무에 관하여 위반행위를 한 때에는 그 행위자보다 중하게 처벌하도록 함(안 제82조 및 제87조).□ 수정이유이 법안의 처리시기가 지연될 것으로 예상되어 안 부칙 제1항 단서의 시행일을 변경하고, 안 부칙 제2항에서이 법 시행전에 출원된 것은 종전의 규정에 의하도록 하고 있으나 출원인에게 편의를 제공하는 일부규정은 이법 시행일인 2000. 7. 1부터 적용받도록 하고자 함.□ 수정주요골자1. 이 법안의 처리시기가 지연될 것으로 예상되어 안 부칙 제1항 단서중의 시행일을 '2000년 1월 1일부터'에서'공포한 날부터'로 하고자 함(안 부칙 제1항 단서).2. 안 부칙 제2항에서 이 법 시행전에 출원된 의장등록출원의 등록요건등은 종전의 규정에 의하도록 하고 있으나, 출원인에게 편의를 제공하는 일부 개정규정은 이 법 시행일인 2001년 7월 1일부터 적용받도록 하기 위하여 제3항 내지 제5항을 신설하고자 함(안 부칙 제3항 내지 제5항 신설).""]",산업자원위원회,[]
160295,  실용신안법중개정법률안,2000-11-13,정부,2001-01-09,수정가결,제16대 (2000~2004) 제215회,"[""■ 제안이유특허출원과 실용신안등록출원을 동시에 같이 하는 이중출원제도의 효율적인 운용을 통하여 동일 기술에 대한권리의 보호기간을 연장하고, 실용신안권의 보호를 강화하는 한편, 특허법의 개정에 따라 이 법의 관련 규정을정비하려는 것임.■ 주요골자1. 인터넷 등에 공개된 기술정보를 실용신안으로 출원한 경우에는 출원전에 공지된 것으로 보아 실용신안등록을 받을 수 없도록 함(안 제5조제1항제2호).2. 실용신안등록출원에 관한 보정의 허용범위를 종전에는 명세서 또는 도면의 요지를 변경하는 것이 아니면 이를 허용하였으나, 앞으로는 실용신안등록출원서에 최초로 첨부한 명세서 또는 도면에 기재된 사항의 범위안에서만 보정할 수 있도록 (안 제14조).3. 실용신안등록출원인이 당해 실용신안등록에 대한 권리행사를 하려면 기술평가를 청구하여 선행기술의 여부등의 심사를 받아야 하는 바, 종전에는 기술평가의 청구를 출원후 아무때나 하도록 하였으나 앞으로는 등록된 후에 할 수 있도록 함으로써 기술평가로 인한 낭비요인 및 심사지연을 방지하도록 함(안 제21조).4. 실용신안권자가 실용신안등록료 추가납부기간이 경과할 때까지 등록료를 납부하지 아니하면 실용신안권이소멸되는데, 본인이 책임질 수 없는 사유로 인하여 등록료를 납부할 수 없었던 때에는 그 사유가 소멸된 후등록료를 납부하고 실용신안권을 회복할 수 있도록 하되, 그 기간중 다른 사람의 실시행위에 대하여는 효력이 미치지 아니하도록 함(안 제29조의3 신설).5. 실용신안등록에 대한 무효심판이 청구된 경우 무효심판절차중에 피청구인이 되는 실용신안권자가 명세서 또는 도면의 정정을 청구하여 자기가 받은 실용신안의 범위를 감축할 수 있도록 하고, 독립된 정정심판을 청구할 수 없도록 함으로써 실용신안등록에 대한 무효심판절차의 신속을 도모함(안 제49조의2 신설).6. 실용신안권에 대한 보호를 강화하기 위하여 실용신안권 또는 전용실시권을 침해한 자에 대한 벌칙을 상향조정하고, 법인의 대표자나 종업원 등이 그 법인의 업무에 관하여 위반행위를 한 때에는 그 행위자보다 중하게 처벌하도록 함(안 제78조 및 제84조).■ 위원회 수정사항□ 수정이유안 부칙 제1항 단서에서 시행시기를 조기에 하여야 할 필요가 있는 규정을 추가하고 이 법안의 처리시기가 지연될 것으로 예상되어 시행일을 변경하며, 보정제도의 변경에 관한 경과조치를 규정한 안 부칙 제4항에서 일부누락된 절차와 규정을 추가하고자 함.□ 수정주요골자1. 안 부칙 제1항 단서에서 과오납된 등록료의 반환규정 등 시행시기를 조기에 하여야 할 필요가 있는 규정을일부 추가하고 이 법안의 처리시기가 지연될 것으로 예상되어 시행일을 '2001년 1월 1일부터'에서 '공포한날부터'로 하고자 함(안 부칙 제1항 단서).2. 안 부칙 제4항에서는 보정제도의 변경에 따라 종전규정의 적용을 받아야 하는 절차와 규정을 열거하고 있으나, 일부 절차와 규정이 누락되어 있어 이를 추가하고자 함(안 부칙 제4조).""]",산업자원위원회,[]
160294,  특허법중개정법률안,2000-11-13,정부,2001-01-09,수정가결,제16대 (2000~2004) 제215회,"[""■ 제안이유특허출원 및 특허심판의 절차가 지나치게 복잡하여 많은 시간이 소요되므로 특허출원에 관한 보정제도 및 특허무효심판에 관한 정정제도 등을 보완하여 특허에 관한 절차에 소요되는 시간을 단축하고, 특허권 등의 침해로인한 손해액을 쉽게 산정할 수 있는 규정을 마련함으로써 특허권자 등에 대한 보호를 강화하는 한편, 기타 현행 제도의 운영상 나타난 일부 미비점을 개선·보완하려는 것임.■ 주요골자1. 인터넷 등에 공개된 기술정보에 관한 특허출원은 출원전에 공지된 것으로 보아 특허를 받을 수 없도록 함(안 제29조제1항제2호).2. 종전에는 특허출원을 한 후 1년 3월까지는 특허출원서에 첨부된 명세서나 도면을 보정할 수 있도록 하여 사실상 그 기간까지는 심사관의 심사착수가 어려운 점이 있었으나, 앞으로는 심사관이 거절이유통지서를 송달하기 전까지만 보정을 허용하도록 하여 특허심사의 신속을 도모함(안 제47조제1항).3. 특허출원에 관한 보정의 허용범위를 종전에는 명세서 또는 도면의 요지를 변경하는 것이 아니면 이를 허용하였으나, 앞으로는 특허출원서에 최초로 첨부한 명세서 또는 도면에 기재된 사항의 범위안에서만 보정할수 있도록 (안 제47조제2항).4. 특허권자가 특허등록료 추가납부기간이 경과할 때까지 등록료를 납부하지 아니하면 특허권이 소멸되는데,본인이 책임질 수 없는 사유로 인하여 등록료를 납부할 수 없었던 때에는 그 사유가 소멸된 후 등록료를 납부하고 특허권을 회복할 수 있도록 하되, 그 기간중 다른 사람의 실시행위에 대하여는 효력이 미치지 아니하도록 함(안 제81조의2 신설).5. 특허권 등의 침해에 대한 손해액의 산정에 있어서 침해자가 판매한 수량에 권리자의 원가계산에 의한 이익액을 곱한 것을 권리자의 손해액으로 할 수 있도록 함으로써 판매수량만을 확인하면 손해액을 쉽게 산정할수 있도록 함(안 제128조제1항 신설).6. 특허무효심판이 청구된 경우 피청구인은 명세서 또는 도면의 정정을 청구하여 자기가 받은 특허의 범위를감축하거나 오기 등을 정정할 수 있도록 함으로써 특허무효심판절차의 신속을 도모함(안 제133조의2 신설).7. 출원인이 특허거절결정에 대하여 심판을 청구하고 30일 이내에 명세서 또는 도면을 보정한 경우에는 당초에출원을 심사하였던 심사관에게 다시 심사를 하게 하는 심사전치제도를 채택하고 있는데, 이와 같은 경우에는 출원인이 심판을 청구할 때에 청구이유를 기재하지 아니할 수 있도록 하되, 심사전치에서 당해 특허출원이 거절되어 다시 특허심판원에 회부될 때에 청구이유를 기재하도록 함으로써 출원인의 편의를 도모함(안제140조의2제1항 및 제3항).8. 법원에 제기하는 특허권 등의 침해에 관한 소송과 당해 소송에 대응하여 특허심판원에 청구하는 특허권 등의 무효심판은 서로 밀접하게 관련되어 있으므로 동 소송 또는 심판이 제기되거나 청구되는 경우에는 상대기관에 그 취지를 통보하도록 하여 소송 및 심판의 신속한 진행을 도모함(안 제164조제3항 및 제4항 신설).9. 특허권에 대한 보호를 강화하기 위하여 특허권 또는 전용실시권을 침해한 자에 대한 벌칙을 상향조정하고,법인의 대표자나 종업원 등이 그 법인의 업무에 관하여 위반행위를 한 때에는 그 행위자보다 중하게 처벌하도록 함(안 제225조 및 제230조).■ 위원회 수정사항□ 수정이유이 법안의 처리시기가 지연될 것으로 예상되어 안 부칙 제1항 단서의 시행일을 변경하고, 보정제도의 변경에관한 경과조치를 규정한 안 부칙 제4항에서 일부 누락된 절차와 조항을 추가하고자 함.□ 수정주요골자1. 안 부칙 제1항 단서에서 이 법안의 처리시기가 지연될 것으로 예상되어 시행일을 '2001년 1월 1일부터'에서'공포한 날부터'로 하고자 함(안 부칙 제1항 단서).2. 안 부칙 제4항에서는 보정제도의 변경에 따라 종전규정의 적용을 받아야 하는 절차와 규정을 열거하고 있으나, 일부 절차와 규정이 누락되어 있어 이를 추가하고자 함(안 부칙 제4조).""]",산업자원위원회,[]
160293,  발명진흥법중개정법률안,2000-11-13,정부,2001-01-09,수정가결,제16대 (2000~2004) 제215회,"['■ 제안이유지식경제에 기반을 둔 지역산업을 육성하기 위하여 전국적인 특허정보서비스체제를 구축하고, 중소·벤처기업이 많은 시간과 비용을 투자하여 개발한 특허기술의 사업화율을 제고할 수 있는 방안을 마련하며, 산업재산권과 관련된 분쟁의 신속·공정한 해결을 통하여 기업의 기술개발의욕을 고취하고 산업재산권 보호의 효율성을제고하기 위하여 산업재산권관련 분쟁조정에 관한 규정을 정비하는 한편, 현행 제도의 운영상 나타난 일부 미비점을 개선·보완하려는 것임.■ 주요골자1. 실용신안법의 개정으로 실용신안권 선등록제도가 도입되는 등 관련제도가 변경됨에 따라 종업원등의 직무발명 비밀유지기간을 종전의 특허 또는 실용신안의 출원공개 및 의장등록시까지에서 당해 직무발명의 출원시까지로 단축함(안 제12조).2. 지역주민의 발명의욕을 북돋우고 산업재산권에 대한 인식을 높이기 위하여 특별시·광역시·도의 지역별로특허정보 지원센터를 설치할 수 있도록 하고, 정부는 예산의 범위내에서 특허정보지원센터의 운영에 필요한 경비를 지원할 수 있도록 함(안 제17조의2 신설).3. 특허기술의 거래활성화 및 사업화 등 특허기술의 활용을 촉진하기 위하여 특허기술 평가기관으로부터 특허기술평가를 받은 자에게는 예산의 범위내에서 평가수수료를 지원할 수 있도록 함(안 제21조의2 신설).4. 특허청장은 특허기술의 평가결과 기술성과 사업성이 우수하다고 인정된 특허기술의 사업화를 효율적으로 지원하기 위하여 당해 특허기술의 사업화를 직접 지원할 수 있도록 함(안 제23조).5. 특허기술거래 및 사업화업무를 종합적으로 수행하는 특허기술사업화알선센터의 업무범위에 산업재산권의 알선 및 평가정보의 제공 등 특허기술거래에 관한 업무를 추가함(안 제24조제2항).6. 산업재산권의 관리능력을 향상하고 연구개발의 중복투자를 방지하기 위하여 산업재산권 진단제도를 도입하고, 산업재산권진단기관의 지정 및 그 취소, 산업재산권 진단비용의 지원 등에 관하여 규정함(안 제25조의2및 제25조의3 신설).7. 산업재산권 분쟁의 신속·공정한 해결을 위하여 종전에 대통령령에서 규정하고 있던 산업재산권분쟁조정위원회의 구성·기능 및 운영 등에 관한 중요한 사항을 법률에서 직접 규정하고, 동 위원회에서 조정이 성립된 경우에는 당사자간에 합의가 성립된 것과 동일한 효력을 가지도록 함(안 제29조 내지 제29조의9).■ 위원회 수정사항□ 수정이유발명장려사업의 체계적인 지원을 위하여 특허법에 규정되어 있는 발명장려보조금 지급근거를 이 법으로 이관하고, 미등록된 주지·저명상표의 경우도 분쟁발생시 조정기회를 줄 수 있도록 하며, 기타 일부 약어와 자구를정리하려는 것임.□ 수정주요골자1. 발명장려사업의 체계적인 지원을 위하여 특허법 제27조에 규정되어 있는 발명장려보조금 지급근거를 이 법으로 이관함(안 제3조의2 신설).2. 특허기술정보센터의 약어인 ""정보센터""와의 혼동을 피하기 위하여 지역별 특허정보지원센터의 약어를 ""정보지원센터""대신에 ""지역정보지원센터""로 수정함(안 제17조의2, 3).3. 우수특허기술의 사업화 지원내용이 분명하지 않으므로 사업화의 내용을 ""자금지원 및 판로확보 등 사업화""로 구체적으로 규정함(안 제23조).4. 미등록된 주지·저명상표의 경우도 분쟁발생시 조정기회를 줄 필요가 있으므로 조정신청에서 제외되는 사항중 ""등록되어 있지 아니한 산업재산권의 분쟁에 관한 사항""을 삭제함(안 제29조의4).']",산업자원위원회,[]
160292,  도시가스사업법중개정법률안,2000-11-13,정부,2001-01-09,수정가결,제16대 (2000~2004) 제215회,"['■ 제안이유 및 주요골자가스공급시설의 설치공사 또는 변경공사의 공사계획에 대한 승인·신고의 수리 및 동 공사의 감리, 가스공급시설의 임시사용의 승인, 가스공급시설의 수리·개선·이전 또는 사용의 정지·제한명령 등의 업무에 관한 시·도지사의 권한을 시장·군수·구청장에게 이양하려는 것임.■ 위원회 수정사항□ 수정이유개정안에서 시·도지사의 권한인 도시가스공급시설의 공사계획 승인 등의 권한을 시장·군수·구청장에게 이양함에 따라, 산업자원부장관의 지도·감독 등의 대상에 시장·군수·구청장을 추가하려는 것임.□ 수정주요골자1. 시·도지사의 권한중 일부가 시장·군수·구청장에게 이양됨에 따라 산업자원부장관의 지도·감독 대상에시장·군수·구청장도 추가함(제40조의3).2. 시·도지사의 권한중 일부가 시장·군수·구청장에게 이양됨에 따라 산업자원부장관의 보고요구대상, 일반도시가스사업자에 대한 보고요구자, 가스안전공사의 가스사고 보고대상에 시장·군수·구청장도 추가함(제41조).3. 시·도지사의 권한중 일부가 시장·군수·구청장에게 이양됨에 따라 가스안전공사가 명령위반사실을 통보하는 대상, 그 위반사실에 대한 처분주체에 시장·군수·구청장도 추가함(제44조의2).4. 시·도지사의 권한중 일부가 시장·군수·구청장에게 이양됨에 따라 위탁사무종사 임직원의 공무원의제와관련한 위탁주체에 시장·군수·구청장도 추가함(제45조의2).']",산업자원위원회,[]
160291,  고압가스안전관리법중개정법률안,2000-11-13,정부,2001-01-09,수정가결,제16대 (2000~2004) 제215회,"['■ 제안이유장기간 방치되는 가스시설로 인한 위해를 방지하기 위하여 고압가스제조업자 등이 사업을 휴지 또는 폐지하는경우에는 이를 신고하도록 하고, 지하에 매설된 고압가스시설에 대한 안전성을 확보하기 위하여 고압가스제조자가 사업소의 경계 밖에서 지하배관을 설치하는 경우에는 허가관청 또는 신고관청의 감리를 받도록 하는 한편, 시·도지사의 권한중 시장·군수 또는 구청장에게 위임되어 있는 권한을 시장·군수 또는 구청장에게 이양하려는 것임.■ 주요골자1. 시·도지사가 시장·군수 또는 구청장에게 위임하고 있는 고압가스제조의 허가 및 감독 관련 권한을 시장·군수 또는 구청장에게 이양함(안 제4조).2. 고압가스제조업자 등이 사업을 휴지 또는 폐지하고자 하는 경우에는 이를 신고하도록 함(안 제7조 신설).3. 고압가스제조자가 사업소의 경계 밖에서 지하배관을 설치 또는 변경하는 경우에는 허가관청 또는 신고관청의 감리를 받도록 함(안 제16조제2항 신설).4. 가스의 안전관리와 유통구조의 개선을 위하여 부과·징수하고 있는 안전관리부담금의 부과기준을 종전에는대통령령으로 정하고 있던 것을, 이 법에서 정함(안 제34조의2제2항 신설).■ 위원회 수정사항□ 수정이유 및 주요골자안 제43조제1항제4호의 과태료 부과를 위한 명령조항인 제16조제3항(고압가스시설의 임시사용 근거규정)은 제16조제2항이 신설·삽입되어 제16조제4항으로 변경되었으므로 이를 수정하려는 것임.']",산업자원위원회,[]
160290,  산업디자인진흥법중개정법률안,2000-11-13,정부,2001-01-09,원안가결,제16대 (2000~2004) 제215회,"['■ 제안이유21세기 정보화사회를 맞이하여 지식기반산업인 산업디자인의 중요성이 점차 증대되고 있으므로 이에 부응하여산업디자인에 대한 육성·지원시책을 강화함으로써 산업디자인에 관한 국가경쟁력을 강화하려는 것임.■ 주요골자1. 정부는 산업디자인에 관한 국가경쟁력을 향상시키기 위하여 산업디자인의 개발을 통하여 산업경쟁력을 향상시킨 기업 및 개인에 대한 시상 및 지원, 디자인개발에 의한 우수브랜드 지원 등의 사업을 하도록 함(안 제5조 신설).2. 산업자원부장관은 산업디자인의 진흥을 위하여 국내외의 산업디자인통계를 작성하기 위한 조사를 실시할 수있도록 함(안 제10조의2 신설).3. 한국산업디자인진흥원의 명칭을 한국디자인진흥원으로 변경함(안 제11조).']",산업자원위원회,[]
160289,  체육시설의설치·이용에관한법률중개정법률안,2000-11-13,정부,2004-05-29,임기만료폐기,제16대 (2000~2004) 제215회,"['■ 제안이유행정규제기본법에 의한 규제정비계획에 따라 신고대상인 체육시설업의 대부분을 자유업으로 전환하고, 기업주의 직장체육시설의 설치의무와 체육시설업자의 보험가입의무를 완화·폐지하는 등 체육시설과 관련된 각종 행정규제를 완화 또는 폐지하여 체육시설업의 자율적이고 건전한 발전을 도모하려는 것임.■ 주요골자1. 일정규모 이상의 직장에서는 의무적으로 직장체육시설을 설치·운영하도록 하던 것을 기업의 경제적 부담을완화하기 위하여 이를 권장사항으로 변경함(안 제7조제1항).2. 신고대상 체육시설업 11개 업종중 수영장업·체육도장업·무도학원업 및 무도장업을 제외한 7개 업종을 자유업종화 하여 민간이 자율적으로 체육시설을 설치·운영할 수 있도록 함(안 제10조제1항제2호).3. 체육시설의 설치·운영과 관련하여 발생한 피해에 대한 보상을 위하여 체육시설업자에 대하여 의무적으로보험에 가입하도록 하던 것을 폐지하여 사업자의 자율에 의하여 보험가입 여부를 결정할 수 있도록 함(현행제29조 삭제).']",문화관광위원회,[]
160288,  독점규제및공정거래에관한법률중개정법률안,2000-11-13,정부,2000-12-15,수정가결,제16대 (2000~2004) 제215회,"['■ 제안이유지주회사의 설립요건을 일부 완화하여 기업들이 현행 경제력집중억제 원칙의 범위 안에서 지주회사를 구조조정의 수단으로 원활히 활용할 수 있도록 하고, 부당공동행위의 조사에 협조한 자에 대한 면책규정의 적용을 확대하여 부당공동행위를 효과적으로 감시하는 한편, 부당지원행위에 대한 조사를 위한 금융거래정보 요구권의시한연장 등을 통하여 공정거래위원회 조사의 실효성을 높이려는 것임.■ 주요골자1. 기업구조조정의 촉진을 위하여 회사의 분할 또는 분할합병을 통하여 지주회사로 전환되거나 지주회사를 설립하는 경우에도 부채비율의 제한 등을 일정기간 유예함(안 제8조의2제1항).2. 벤처기업의 활성화를 위하여 벤처기업을 자회사로 두는 벤처지주회사에 대하여는 자회사의 주식소유비율에관한 제한의 적용을 배제함(안 제8조의2제3항).3. 부당공동행위의 효과적 감시를 위하여 공동행위 사실을 신고한 자 뿐만 아니라 증거제공 등의 방법으로 공정거래위원회의 조사에 협조한 자에 대하여도 시정조치와 과징금을 감경 또는 면제할 수 있도록 함(안 제22조의2).4. 대규모기업집단의 부당내부거래를 근절하기 위하여 2001년 2월 4일 종료되는 금융거래정보 요구권의 행사시한을 2년간 연장함(안 법률 제5813호 부칙 제2항).■ 위원회 수정사항□ 수정이유부당내부거래의 근절을 위한 조사의 실효성을 확보하기 위하여 금융거래정보요구권의 존속시한을 연장하고,벤처지주회사의 자회사 지분율 요건을 강화하며, 공정거래위원회의 조사를 거부한 법인에 대한 과태료 부과한도를 상향조정하고, 과징금 환급가산금 제도의 적용시점을 명확히 하는 등 관련규정을 보완·정비하려는 것임.□ 수정주요골자1. 벤처기업을 자회사로 두는 벤처지주회사에 대하여는 자회사의 발행주식총수의 100분의 20이상을 소유하도록함(안 제8조의2제1항제2호).2. 사업자 또는 사업자단체가 공정거래위원회의 조사를 거부·방해 또는 기피한 경우에는 2억원 이하의 과태료에 처하도록 함(안 제69조의2제1항).3. 금융거래정보요구권의 행사시한을 3년간 연장함(안 법률 제5813호 부칙 제2항).4. 과징금 환급가산금에 관한 적용례를 두어 그 적용시점을 명확히 함(안 부칙 제2항).']",정무위원회,[]
160287,  정부업무등의평가에관한기본법안,2000-11-13,정부,2000-12-15,수정가결,제16대 (2000~2004) 제215회,"[""■ 제안이유정부업무에 관한 효율적인 평가체계를 구축하고 업무추진의 효율성과 책임성을 확보함으로써 국정운영의 효율화를 도모하기 위하여 정부업무의 평가에 관한 기본적인 사항을 정하려는 것임.■ 주요골자1. 중앙행정기관에 대하여 기관평가를 실시하고, 지방자치단체에 대하여는 국가위임사무·국고보조사업 그밖에국가의 주요 시책 등에 대한 평가를 실시할 수 있도록 함(안 제5조 및 제6조).2. 중앙행정기관 및 지방자치단체의 장은 당해 기관에 대한 자체평가를 실시하도록 하고, 중앙행정기관의 장은소속기관에 대한 기관평가를 실시할 수 있도록 함(안 제8조 및 제9조).3. 국무총리는 매년 당해 연도의 평가와 관련된 주요 사항 등에 관한 평가지침을 작성하여 1월 31일까지 중앙행정기관의 장에게 시달하고, 중앙행정기관의 장은 평가계획을 매년 3월 10일까지 제출하도록 함(안 제10조).4. 국무총리는 평가결과 예산조치가 필요한 사항에 대하여 기획예산처장관 및 관계 중앙행정기관의 장에게 이를 통보하도록 하고, 평가결과 시정을 요하는 사항 중 감사가 필요한 사항에 대하여는 해당 행정기관의 장에게 감사를 요구할 수 있으며 해당 행정기관의 장은 감사결과를 국무총리에게 보고하도록 함(안 제15조).5. 정부업무등의 평가를 효율적으로 실시하기 위하여 국무총리 소속하에 정책평가위원회를 두고, 중앙행정기관및 지방자치단체가 수행하는 평가를 효율적으로 실시하기 위하여 당해 기관의 장 소속하에 평가위원회를 둘수 있도록 함(안 제19조 및 제22조).■ 위원회 수정사항□ 수정이유중앙행정기관의 장이 지방자치단체를 평가함에 있어 그 대상업무가 명확하게 한정하고 있지 아니하고, 평가결과 비공개사유가 '특별한 사유가 있는 경우'로 되어 있어 이를 특정할 필요가 있으며, 평가결과에 따른 보고서를 매년 국회에 제출하도록 보고조항을 신설함으로써 의회가 정부업무에 대한 평가결과를 국정심의에 활용할수 있도록 하려는 것임.□ 수정주요골자1. 지방자치단체 평가대상사무중 국가의 주요시책에 대해서는 구체적인 명시를 대통령령에 위임토록 함(안 제6조제1항).2. 지방자치단체평가와 특정과제평가의 경우 그 결과를 국무총리에게 보고하도록 신설함.3. 중앙행정기관평가·지방자치단체평가 및 특정과제평가 결과와 관련된 보고서를 매년 국회에 제출토록 신설함.4. 평가결과의 비공개사유로 공공기관의정보공개에관한법률 제7조의 규정을 준용토록 함(안 제17조).""]",정무위원회,[]
160286,  회사정리법중개정법률안,2000-11-13,정부,2001-03-08,수정가결,제16대 (2000~2004) 제215회,"['■ 제안이유회사정리계획안의 사전제출제도를 도입함으로써 절차지연에 따르는 경제불안요인을 제거하고, 워크아웃에 실패한 기업 등 부실기업의 구조조정을 촉진함과 아울러 기업의 갱생을 도모하려는 것임.■ 주요골자1. 회사 부채의 2분의 1 이상에 해당하는 채권을 가진 채권자는 회사정리절차개시신청과 동시에 정리계획안을제출할 수 있도록 함(안 제190조의2제1항 신설).2. 제1회 관계인집회 이전까지 그 사전계획안에 동의하는 채권자가 가진 채권의 총액이 회사에 대한 채권의 3분의 2 이상에 이를 경우 법원이 명하는 정리계획안의 제출시한을 2월로 단축함(안 제190조의2제4항 신설).3. 특정 채권자간에 우선변제의 합의가 있는 경우에는 이를 정리계획안에 반영하도록 함(안 제228조제3항 신설).■ 위원회 수정사항□ 수정이유 및 주요골자안 제228조제3항은 특정채권자간에 우선변제의 합의가 있는 경우에는 이를 정리계획안에 반영하도록 규정함으로써 신규자금의 도입을 용이하게 하여 건전한 기업의 갱생을 지원하는 효과를 도모하고 있습니다만, 정리계획안은 다수 이해관계인 전체의 법률관계에 변동을 가져오는 것이므로, 다른 채권자의 권익을 해하지 아니하는범위에서 일부 채권자들의 합의 내용을 정리계획안에 반영하는 것이 전체적인 정리계획의 수행가능성과 채권자평등의 원칙에 부합하는 것으로 보아 이를 수정하였음.']",법제사법위원회,[]
160285,  재외국민취적·호적정정및호적정리에관한임시특례법중개정법률안,2000-11-13,정부,2000-12-08,원안가결,제16대 (2000~2004) 제215회,"['■ 제안이유 및 주요골자남북 정상회담이후 급속하게 진전되는 남북관계를 반영할 수 있도록 하기 위하여 ""미수복지구""의 용어를 남북교류협력에관한법률에서와 같이 ""군사분계선 이북지역""으로 변경하는 한편, 재외국민에 대한 취적 및 호적정정 등에 관한 특례를 규정하여 한시적으로 이들의 편의를 도모하여 온 재외국민취적·호적정정및호적정리에관한임시특례법의 존속기간이 2000년 12월 31일로 만료되는 바, 동법이 제정(1967. 1. 16)된 이래 5차례에 걸쳐그 존속기간을 연장하였으나 아직도 재외국민에 대한 호적사건이 일정수준 유지되고 있고, 취적 등의 절차가호적법에서 정한 절차보다 간이한 관계로 동법이 재외국민에게 실질적인 도움이 되고 있어 앞으로도 계속 이를존치할 필요가 있으므로 한시규정을 삭제하려는 것임.']",법제사법위원회,[]
160284,  국유재산법중개정법률안(장영신의원 외 87인),2000-11-11,의원,2003-12-04,폐기,제16대 (2000~2004) 제215회,"['■ 제안이유국유재산법 제51조에 따른 변상금부과에 있어 국가나 지방자치단체의 재해대책 및 도시정비차원의 이주명령에따라 국유지를 점유·사용중인 자에 대하여도 변상금을 부과함으로써, 정부정책의 신뢰성을 잃게 할뿐만 아니라 장기 집단민원을 유발하고 있음.정부의 재해대책이나 도시정비사업에 의하여 불가피하게 이주되어 국유지를 점유하고 있는 영세 이주민들의 안정적인 생활권 확보를 위하여 국유지 사용에 따른, 원시취득자와 승계취득한 자까지 포함하여변상금 면제와 일정기간 국유지 매각대금 분할납부 특례규정을 두는 등 국유재산법을 개정하려는 것임.■ 주요골자1. 국유재산법 제51조제1항 단서의 변상금 면제대상을 정한 제2호의 사유에 ""도시정비""를 명기하고, 집단이주로 인한 점유승계를 포함시킴(안 제51조제1항제2호).2. 부칙에 국유재산 매각대금의 분할납부 등에 관한 특례로서 이 법 시행후 5년 범위내에서 대통령령이 정하는기간내에 소규모 잡종재산을 매각하는 경우 연 3푼의 이자를 붙여 5년 이하의 기간에 걸쳐 분할납부하게 하거나 매각가격에서 3할을 공제한 잔액을 그 매각대금으로 하여 전액을 일시에 납부하게 함(안 부칙 제2조제1항).3. 제1항의 규정에 의하여 이 법 시행전에 제40조의 규정에 의하여 소규모 잡종재산의 매매계약을 체결하고 매각대금을 완납하지 않는 경우에도 적용하며(안 부칙 제2조제2항), 소규모 잡종재산을 매각 또는 법 제51조의 규정에 불구하고 매각 또는 대부시까지 변상금으로서 징수하지 아니한 분은 이를 징수하지 아니함(안 부칙 제2조제3항).']",재정경제위원회,"['장영신', '강숙자', '강운태', '강현욱', '고진부', '김경천', '김근태', '김기재', '김덕규', '김동욱', '김만제', '김명섭', '김민석', '김방림', '김성순', '김성호', '김영배', '김영진', '김옥두', '김운용', '김원기', '김원길', '김윤식', '김택기', '김효석', '김희선', '나오연', '남궁석', '도종이', '문석호', '문희상', '박병윤', '박상규', '박상희', '박종근', '박주선', '박창달', '배기선', '배기운', '서영훈', '서정화', '설송웅', '송석찬', '심규섭', '안동선', '안택수', '원유철', '원철희', '유삼남', '유재규', '윤철상', '이강래', '이근진', '이미경', '이상득', '이성헌', '이완구', '이인제', '이정일', '이종걸', '이주영', '이훈평', '이희규', '임종석', '임채정', '장성민', '장성원', '장태완', '전갑길', '정대철', '정동영', '정범구', '정병국', '정세균', '정의화', '정철기', '조한천', '조희욱', '천정배', '최돈웅', '최용규', '추미애', '한명숙', '한화갑', '함승희', '허운나', '홍재형']"
160283,  한국마사회법중개정법률안(심재권의원등 23인),2000-11-11,의원,2004-05-29,임기만료폐기,제16대 (2000~2004) 제215회,"['■ 제안이유기수와 말·관람객이 함께 참여하는 여가체육활동으로서의 경마의 특성을 명확히 하기 위하여 이 법의 제명을한국경마회법으로 변경하여 경마에 대한 국민의 인식을 새롭게 하는 한편, 한국경마회의 목적 및 사업의 범위를 확대하여 경마의 진흥 및 축산의 발전뿐만 아니라 국민 여가체육활동을 증진시키고 농어촌 복지 증진, 청소년 육성 및 문화·예술 진흥에 이바지하도록 함으로써 경마수익의 사회환원을 통한 국민기업으로서의 경마회에대한 국민의 인식을 제고시키며, 아울러 경영목표의 달성 및 공익성과 고객서비스 제고를 위해 경영실적 평가제도를 도입하여, 경마관련 법규위반자에 대한 벌금액을 상향조정하는 등 경마의 공정한 시행 및 효율적인 관리를 위한 제도를 마련하려는 것임.■ 주요골자1. 이 법의 제명을 한국마사회법에서 한국경마회법으로 변경하고, 이 법에 의하여 설립된 법인의 명칭을 한국마사회에서 한국경마회로 변경함(안 제명 및 제18조).2. 마사의 진흥 및 축산의 발전 등에 한정되어 있는 종전의 목적 규정과 마사회의 사업 범위를 확대하여 경마의 진흥 및 건전한 국민 여가체육활동의 증진을 도모하고 아울러 경주마의 육성과 농어촌 복지 증진 및 문화·예술·체육·청소년 육성 등에도 지원할 수 있게 함으로써 경마수익의 사회 환원을 통해 경마회에 대한국민의 인식을 제고토록 함(안 제1조, 제36조 및 제42조제4항).3. 2년으로 규정되어 있는 감사의 임기를 정부투자기관의 예에 맞추어 3년으로 조정하고, 임기가 만료된 임원은 그 후임자가 임명될 때까지 그 직무를 행하도록 함(안 제28조).4. 경마회의 운영에 필요한 발매수득금의 상한 비율을 100분의 20에서 100분의 15로 하향조정하고, 이익준비금과 경마사업확장적립금의 자본전입은 대통령령이 정하는 바에 의하도록 함으로써 경마수익이 과다하게 내부유보되지 않도록 함(안 제9조 및 제42조제3항).5. 경마회의 사업계획 수립시 경영목표를 제시하고, 결산시 경영실적보고서를 제출하도록 하며, 경영실적평가제도를 도입하고 문화관광부장관은 필요한 경우 경영실적에 대한 평가를 위하여 경영평가위원회를 구성·운영할 수 있게 하는 등 경영목표의 달성도 및 공익성·고객만족도 등을 객관적으로 측정할 수 있게 함으로써책임경영제의 확립을 도모함(안 제37조·제43조·제43조의 2).6. 경마의 공정한 시행과 건전한 여가문화 정착을 위하여 현재 지나치게 낮게 규정된 벌금액과 과태료를 상향조정함 (안 제50조 및 제51조, 제53조 내지 제55조, 제58조, 제59조, 제61조).']",문화관광위원회,"['심재권', '김근태', '김성순', '김영환', '김원기', '김원웅', '김충조', '김희선', '송훈석', '신기남', '유재건', '이미경', '이부영', '이상수', '이재정', '이창복', '이호웅', '임종석', '임채정', '정동채', '천정배', '최용규', '최재승']"
160282,  정보통신망이용촉진등에관한법률중개정법률안(조웅규의원등 20인),2000-11-11,의원,2000-12-15,대안반영폐기,제16대 (2000~2004) 제215회,"['■ 제안이유전기통신사업자들이 만14세 미만의 아동으로부터 개인정보를 수집하는 경우 아직 이해능력이 부족한 아동의 권리가 침해될 우려가 있으므로 이를 방지하기 위한 규정을 두고자 하는 것임.■ 주요내용가. 만14세 미만의 아동에게서 정보를 수집하고자 할 때 그 사실을 미리 아동이 이해할 수 있는 표현으로 알리거나 서비스이용약관에 명시하게 하도록 함(안 제16조제3항 단서).나. 정보를 수집하는 데 있어서 법정대리인에게 정보수집 동의권, 그 철회권, 열람 및 정정요구권을 인정함(안 제18조의2).']",과학기술정보통신위원회,"['조웅규', '강신성일', '김덕룡', '김영구', '김용갑', '김원웅', '남경필', '박원홍', '안경률', '안상수', '윤한도', '이강두', '이상득', '이상희', '이원창', '이원형', '이인기', '이주영', '임인배', '임진출']"
160280,  대도시권광역교통관리에관한특별법중개정법률안(김홍일의원등 4인 외 17인),2000-11-09,의원,2000-12-20,대안반영폐기,제16대 (2000~2004) 제215회,"['■ 제안이유광역교통시설의 건설 및 개량을 위한 재원을 확충하여 대도시권내의 광역교통문제를 해결하고 기간교통시설이 구비된 개발사업의 시행을 유도하기 위해 현행 광역전철부담금제를 광역교통시설부담금제로 확대개편하고자 하는 것임.■ 주요내용가. 광역교통시설의 건설에 소요되는 재원을 확충하고 다양한 광역교통시설 확보를 위한 사업에 투자할 수 있도록 현행 광역전철부담금제를 광역교통시설부담금제로 확대개편함(안 제11조).나. 임대주택건설？재개발？재건축사업 등 저소득층을 위한 주택관련사업과 도시계획구역내에서 시행되는 사업에 대해서는 감면하여 부담을 완화함(안 제11조의2).다. 부담금 산정기준의 객관성을 확보하기 위해 현행 사업비 기준을 표준개발비 또는 표준건축비, 부과율, 개발면적, 공제액 등을 감안한 산식으로 개선함(안 제11조의3).라. 부담금은 교통시설특별회계중 광역교통시설계정과 광역시？도의 지방광역교통시설특별회계에 각 50%씩 귀속토록 하여 효율적인 운용을 도모함(안 제11조의6 및 제11조의7).']",건설교통위원회,"['김홍일', '김영일', '백승홍', '송훈석', '설송웅', '송영진', '안경률', '안동선', '안상수', '윤한도', '이윤성', '이윤수', '이재창', '이협', '이희규', '임인배', '조한천']"
160279,  염관리법중개정법률안(문석호의원 외 25인),2000-11-09,의원,2001-12-20,대안반영폐기,제16대 (2000~2004) 제215회,"['■ 제안이유염산업의 건실한 기반조성을 목적으로 하는 구조조정이 현재 진행중이나 진척이 부진하여 그 기간을 연장하고적정한 지원기준을 마련, 구조 조정을 완성함으로써 염산업의 국제 경쟁력을 배양하는 한편 국내염의 품질향상·새로운 유통질서 정착·부산물염의 식용판매 금지 등 변화하는 환경에 적합한 염산업 육성을 도모하려는 것임.■ 주요골자1. 국내염의 고유수요를 충족하기 위해 일정 면적의 염전진흥지구를 지정할 수 있도록 함(안 제6조).2. 진흥지구내에서 생산되는 염을 소비자에게 값싸고 안정적으로 공급하기 위하여 유통사업 기본계획을 수립하여 시행함(안 제7조).3. 현재 구조조정 실적이 부진하므로 폐전지원 기간을 3년 연장함(안 제15조).4. 염안정기금을 진흥지구 지원사업·유통사업 등에 사용 할 수 있도록 함(안 제18조).5. 안전성이 확인되지 않은 부산물염이 식용으로 유출되는 것을 금지하고, 위반시 처벌할 수 있게 함(안 제25조의2 및 제26조).6. 품질검사·수입신고·수입부담금부과 기간을 3년 연장함(안 부칙 제2조 및 제3조).']",산업자원위원회,"['문석호', '김근태', '김방림', '김영배', '김영진', '김옥두', '김원웅', '김윤식', '박상규', '배기운', '서청원', '설훈', '송훈석', '원유철', '윤철상', '이근진', '이완구', '장정언', '전갑길', '전용학', '정장선', '정철기', '조성준', '조한천', '한화갑']"
160273,  사립학교법중개정법률안,2000-11-07,정부,2000-12-21,수정가결,제16대 (2000~2004) 제215회,"['■ 제안이유 및 주요골자현재 시·도교육감에게 위임하여 처리하고 있는 교육부장관의 고등학교이하 학교법인에 대한 지도·감독업무를앞으로는 시·도교육감에게 이양하여 지방교육의 자율성을 확대하고, 고등학교 이하 각급학교를 설치·경영하는 학교법인이 학생수의 격감으로 인하여 해산하는 경우에 적용되는 잔여재산의 처분에 관한 특례규정의 시한이 2000년 12월말로 종료됨에 따라 이를 2003년 12월 31일까지 3년 연장하여 소규모학교의 통폐합을 통한 교육재정의 효율적 운영을 도모하려는 것임.□ 수정이유교육부장관의 고등학교이하 학교법인에 대한 지도·감독업무를 현재도 시·도교육감에게 위임하여 처리하고 있는 바, 이를 완전히 시·도교육감에게 이양하는 문제는 추후 사립학교법 전면개정시 종합적으로 검토키로 하여현행대로 규정하기로 하였음.□ 수정주요골자고등학교이하 학교법인에 대한 지도·감독업무는 현행과 같이 교육부장관의 권한으로 함(안 제10조, 제11조,제25조, 제34조, 제35조, 제36조, 제40조, 제45조, 제47조, 제47조의2 및 제71조).']",교육위원회,[]
160272,  원자력손해배상법중개정법률안,2000-11-07,정부,2000-12-15,원안가결,제16대 (2000~2004) 제215회,"['■ 제안이유원자력손해배상에 관한 국제규범의 강화추세에 적극 대처하고 국내 원자력손해배상제도를 국제수준으로 제고하기 위하여 손해배상을 받을 수 있는 원자력손해의 범위를 확대하고 원자력사업자의 배상책임한도를 국제기준에 부합하도록 하는 등 현행 제도의 운영상 나타난 일부 미비점을 개선·보완하려는 것임.■ 주요골자1. 원자력손해의 범위를 종전에는 핵연료물질의 사용으로 인한 인적·물적 손해로 하였으나, 앞으로는 그외에원상회복조치비용 및 방제조치비용도 포함하도록 함(안 제2조제1항제2호).2. 종전에는 천재·지변 또는 전쟁 등을 원자력사업자의 원자력손해배상의 면책사유로 하였으나, 앞으로는 천재·지변의 경우는 그 면책사유에서 제외하여 원자력사업자의 배상범위를 확대함(안 제3조제1항 단서).3. 원자력사업자의 손해배상 책임한도를 1원자력사고당 3억 계산단위(국제통화기금의 특별인출권에 상당하는금액)로 제한하여 원자력손해배상책임에 관한 국제기준에 부합하도록 하되, 그 손해가 원자력사업자의 고의등에 의하여 발생한 경우에는 이를 적용하지 아니하도록 함(안 제3조의2 신설).4. 신체상해, 질병발생 및 사망으로 인한 손해배상청구권은 원자력사고가 발생한 날부터 30년간 이를 행사하지아니하면 시효로 인하여 소멸하도록 하는 등 원자력손해배상청구권에 관한 소멸시효를 정함(안 제13조의2신설).']",과학기술정보통신위원회,[]
160271,  광주과학기술원법중개정법률안,2000-11-07,정부,2000-12-15,원안가결,제16대 (2000~2004) 제215회,"['■ 제안이유 및 주요골자정부보조기관 등 경영혁신 추진계획에서 정원 1천명 이상 등 일정 규모 이상의 기관에 한하여 상근감사를 두고 그 이하의 기관에는 비상근 감사를 두도록 함에 따라 광주과학기술원의 상근인 감사를 비상근으로 전환하고, 기타 정부조직법의 개정에 따라 변경된 기관의 명칭을 정리하는 등 현행 규정의 운영상 나타난 일부 미비점을 보완하려는 것임.']",과학기술정보통신위원회,[]
160270,  한강수계상수원수질개선및주민지원등에관한법률중개정법률안,2000-11-07,정부,2000-12-15,수정가결,제16대 (2000~2004) 제215회,"['■ 제안이유상수원보호구역 및 수변구역(水邊區域)외의 지역이라도 한강수계 상수원의 수질보전을 위하여 필요한 토지를 국가에서 매수할 수 있도록 함으로써 오염원이 들어서는 것을 근본적으로 방지하여 상수원의 적정관리를 도모하는 등 그동안 시행과정에서 나타난 일부 미비점을 보완하려는 것임.■ 주요골자1. 한강수계관리위원회는 농지의 매수가 불가능할 뿐 아니라 토지를 매수하는 때에 각종 지방세가 부과되는 문제가 있어 토지 등의 매수주체를 한강수계관리위원회에서 국가로 변경하고, 상수원보호구역 및 수변구역외에 상수원의 수질을 보전하기 위하여 필요한 토지를 매수할 수 있는 지역의 범위를 확대함(안 제7조).2. 한강수계관리기금에서 물이용부담금의 부과·징수에 따른 비용을 지원할 수 있도록 함(안 제22조제6호의2신설).■ 위원회 수정사항□ 수정이유국가가 買收한 土地등으로부터 발생한 수익과 土地등의 賣渡金額을 漢江水系管理基金에 納入하도록 하고, 漢江水系管理委員會가 기금 운용의 신축성을 기하기 위하여 借入하는 경우 그 한도를 제한함으로써 기금 운용의내실을 기하도록 하는 등 일부 조항을 修正하려는 것임.□ 수정주요골자1. 국가가 土地등을 買收하는 경우 그 재원은 漢江水系管理基金으로 하고, 買收한 토지등에서 발생한 수익은漢江水系管理基金에 귀속됨을 명확하게 規定함(안 제7조제1항 및 제4항, 제21조제1호의2)2. 물이용負擔金 滯納시 加算金을 부과토록 한 규정을 삭제함(안 제19조 및 부칙 제2조)3. 漢江水系管理委員會가 借入하는 경우 漢江水系管理基金의 건전성을 기하기 위하여 借入 한도를 정함(안 제21조제2호의2)']",환경노동위원회,[]
160269,  군법무관임용법개정법률안,2000-11-06,정부,2000-12-08,수정가결,제16대 (2000~2004) 제215회,"['■ 제안이유 및 주요골자군법무관임용시험에 합격하여 임용된 군법무관이 의무복무기간 이내에 전역하는 경우 종전에는 변호사의 자격이 상실되었으나, 앞으로는 의무복무기간중이라도 공무상 사고나 질병으로 인하여 현역복무 부적격자로 전역하는 경우에는 변호사 자격을 유지하도록 하고, 이 법의 제명을 군법무관의임용등에관한법률로 변경하려는 것임.□ 수정이유 및 주요골자군법무관이 의무복무기간(10년)중 현역복무 부적합자로 군인사법 제37조제1항제1호에 해당되어 각군전역심사위원회의 심사를 거쳐 전역하는 때에는 변호사 자격이 유지되도록 하고 있으나, 이 경우에도 그 전역사유가 공무상의 질병·부상으로 인한 것임을 국방부장관이 확인한 때에 한하도록 절차를 강화함.']",법제사법위원회,[]
160268,  군사법원법중개정법률안,2000-11-06,정부,2004-05-29,임기만료폐기,제16대 (2000~2004) 제215회,['■ 제안이유 및 주요골자군 사법제도 개혁의 일환으로 장기복무 군법무관의 부족현상을 해소하고 군경험이 풍부한 중견 군판사 요원을확보하기 위하여 군법무관외에 변호사의 자격이 있는 공무원중에서도 군판사를 임명할 수 있도록 하려는 것임.'],법제사법위원회,[]
160267,  공무원연금법중개정법률안,2000-11-06,정부,2000-12-23,대안반영폐기,제16대 (2000~2004) 제215회,"['제안이유？？？？연금제도의 성숙에 따른 연금수급자의 증가와 정년단축·인력감축 등 정부구조조정으로 인한 퇴직자의 급증으로 공무원연금재정이 악화되고 있으므로 일부 불합리한 연금제도를 개선하면서 정부와 공무원의 비용부담률을 상향조정하여 장기적으로 연금재정의 안정을 도모하는 한편, 기타 현행 제도의 운영상 나타난 일부 미비점을 개선·보완하려는 것임.주요골자？？？？가. 퇴직연금·조기퇴직연금 및 유족연금의 산정기준을 퇴직직전의 보수월액에서 최종 3년간 평균보수월액으로 변경함(안 제3조제1항제5호 및 제27조제3항).나. 공무원의 임용전 군의무복무기간에 대하여 당연히 기여금을 납부하고 재직기간에 산입하게 하던 것을 본인이 원하는 바에 따라 산입하도록 함(안 제23조제3항 및 안 제24조의2 신설).다. 공무상요양비의 지급범위를 확대하여 화상 등 특수한 치료가 필요한 경우에도 요양비를 지급할 수 있도록 함(안 제39조).라. 연금액의 조정을 재직자 보수기준으로 하던 것을 전국소비자물가변동률을 기준으로 조정하고, 공무원보수변동률·전국소비자물가변동률 등을 고려하여 5년마다 조정할 수 있도록 함(안 제43조의2 신설).마. 1995년 12월 31일 이전에 임용된 공무원에 대하여는 연금지급개시연령을 50세부터 2년에 1세씩 인상하여 60세(법령에 의한 정년 또는 근무상한연령이 60세 미만인 경우에는 당해 정년 또는 근무상한연령)로 하고, 법령에서 정한 계급정년에 도달하여 퇴직한 경우에는 당해 계급정년에 도달한 때, 직제와 정원의 개폐 또는 예산의 감소 등으로 폐직 또는 과원이 되어 퇴직하는 경우에는 퇴직한 때, 대통령령이 정하는 폐질상태에 해당하는 경우에는 폐질상태로 된 때부터 연금을 지급하며, 2001년 1월 1일 현재 재직기간이 20년 이상인 공무원에 대하여는 퇴직한 때부터 퇴직연금을 지급받을 수 있도록 하고, 이 법 시행당시 재직기간이 20년 미만인 공무원은 20년이 된 후 20년에 미달하였던 기간의 2배 이상을 재직하고 퇴직한 때에는 그 때부터 퇴직연금을 지급받을 수 있도록 함(안 제46조제1항·제2항 및 부칙 제10조).바. 연금수급자가 공공의 직에 재취업시에만 연금을 감액지급하던 것을 이자소득·배당소득·부동산임대소득 그밖에 대통령령이 정하는 소득 외의 소득이 있는 때에도 연금의 일부를 감액지급하되, 소득파악 등을 고려하여 5년의 범위내에서 대통령령이 정하는 날부터 시행하도록 함(안 제47조 및 부칙 제1조 단서).사. 재직기간이 5년 미만인 자의 퇴직일시금은 보수월액에 재직연수를 곱한 금액으로 하던 것을 보수월액에 재직연수를 곱한 금액의 100분의 120에 상당하는 금액으로 인상함(안 제48조제2항).아. 기여금 및 연금부담금의 금액을 보수월액 및 보수예산의 1,000분의 75의 범위안에서 정하던 것을 각각 1,000분의 90의 범위안에서 정할 수 있도록 상향조정함으로써 연금재정의 건전화를 도모하도록 함(안 제66조제2항 및 제69조제1항).자. 퇴직급여 및 유족급여(장해연금에서 승계된 유족연금 및 유족보상금을 제외한다)에 소요되는 비용을 기여금 및 연금부담금으로 충당할 수 없는 경우에는 그 부족한 금액을 국가 또는 지방자치단체에서 보전하도록 함(안 제69조제1항 단서).차. 재해보상급여(공무상요양비·공무상요양일시금·장해급여·유족보상금)의 결정 및 지급업무를 종전의 공무원연금관리공단 및 지방자치단체에서 공무원연금관리공단으로 일원화하되, 2002년 1월 1일부터 시행함(안 제26조제1항·제69조의2 및 부칙 제1조 단서).카. 대여장학금의 대부대상을 공무원의 자녀에서 본인까지 확대함(안 제72조).타. 정년단축에 따라 정년 또는 근무상한연령까지 근무하여도 재직기간이 연금을 받을 수 있는 20년에 미달하는 공무원에게는 2001년 12월 31일까지 재직기간합산을 신청할 수 있도록 함(안 부칙 제5조).']",행정자치위원회,[]
160266,  총포·도검·화약류등단속법중개정법률안,2000-11-06,정부,2000-12-20,원안가결,제16대 (2000~2004) 제215회,"['■ 제안이유공공의 안전에 영향을 줄 수 있는 장난감용 꽃불류에 대한 규정을 정비하여 안전관리를 강화하고, 분사기·전자충격기 등에 관한 사전교육제도를 폐지하여 국민편익을 도모하며, 기타 현행제도의 운영상 나타난 일부미비점을 개선·보완하려는 것임.■ 주요골자1. 장난감용 꽃불류에 관하여 종전에는 총포·화약류 등의 제조·수출입허가에 관한 규정만 적용하였으나 앞으로는 공공의 안전유지를 위하여 총포·화약류 등의 취급·저장등에 관한 규정도 적용하도록 함(안 제3조제1항).2. 총포중 엽총 및 구난구명총에 관한 지방경찰청장의 소지허가 권한을 경찰서장에게 이양함(안 제12조제1항).3. 총포 등의 소지허가를 받고자 하는 자는 사전교육을 받도록 하고 있으나 분사기 및 전자충격기의 경우에는사전교육대상에서 제외하도록 함(안 제22조제1항).4. 화약류저장소 등의 완성검사기한을 현행 허가후 최장 1년에서 최장 2년으로 연장하도록 함(안 제43조제1항).']",행정자치위원회,[]
160265,  사격및사격장단속법중개정법률안,2000-11-06,정부,2000-12-20,수정가결,제16대 (2000~2004) 제215회,"['■ 제안이유사격장의 휴·폐업 신고제도를 도입하고, 사격장설치허가후 완성검사 등에 관한 규정을 보완하는 등 현행제도의 운영상 나타난 일부 미비점을 개선·보완하려는 것임.■ 주요골자1. 사격장설치자가 부득이한 사유로 사격장을 폐업 또는 휴업하고자 하는 때에는 행정자치부령이 정하는 바에따라 신고하도록 하고, 폐업 및 휴업신고를 하지 아니한 때에는 50만원 이하의 과태료에 처하도록 함(안 제6조의2 신설 및 제24조제2항제1호).2. 사격장설치허가를 받은 자는 허가를 받은 날부터 1년 이내에 시설 또는 설비에 대하여 완성검사를 받도록하고, 완성검사에 합격한 후 6월 이내에 영업을 개시하도록 함(안 제10조).3. 영업을 개시한 후 정당한 사유없이 계속하여 1년 이상 휴업한 때에는 허가를 취소할 수 있도록 함(안 제18조제2호).■ 본회의 수정사항']",행정자치위원회,[]
160264,  하천법중개정법률안,2000-11-06,정부,2000-12-15,수정가결,제16대 (2000~2004) 제215회,"['■ 제안이유건설교통부장관으로 하여금 하천유역종합치수계획을 수립하도록 하여 하천유역의 홍수피해를 사전에 방지하도록 하고, 하천의 인근에서 지하수를 개발·이용하는 경우에는 유수사용료(流水使用料)를 징수할 수 있게 함으로써 하천의 수량이 적정하게 유지·관리될 수 있도록 하는 등 현행 규정의 운영상 나타난 일부 미비점을 개선·보완하려는 것임.■ 주요골자1. 건설교통부장관은 홍수의 예방과 홍수발생시 피해의 최소화를 위하여 필요한 사항 등을 내용으로 하는 10년단위의 하천유역종합치수계획을 수립하도록 하고, 5년마다 그 타당성 여부를 검토하도록 함(안 제11조의2신설).2. 종전에는 댐·보(洑)·수문(水門) 등 하천부속물에 대하여 개별적으로 관리규정을 정하도록 하였으나, 앞으로는 2개 이상의 상호연계된 하천부속물에 대하여는 통합관리규정을 정할 수 있도록 함으로써 홍수로 인한재해의 방지와 수자원의 효율적인 운영을 도모함(안 제16조제4항 신설).3. 하천의 인근에서 지하수를 개발·이용함으로써 하천의 수량에 영향을 미치는 행위를 한 자에 대하여는 하천의 유수사용료를 징수할 수 있도록 함으로써 하천의 수량이 적정하게 관리될 수 있도록 함(안 제38조제2항신설).4. 하천공사로 인한 손실보상업무를 현지 실정에 밝은 지방자치단체의 장에게 위임하거나 손실보상에 관한 전문성을 가진 정부투자기관의 장에게 위탁할 수 있도록 함으로써 하천공사의 원활한 추진을 도모함(안 제75조의2 신설).■ 위원회 수정사항□ 수정이유극심한 홍수, 가뭄, 수질사고 등 비상사태가 발생할 경우 운영목적이 다른 2개이상의 하천부속물 관리자를신속하게 통제하기 위하여 건설교통부장관이 필요한 조치를 명할 수 있는 근거를 신설하는 등 개정안의 일부미비점을 개선·보완하려는 것임□ 수정주요골자1. 건설교통부장관이 하천부속물에 대한 통합관리규정에 근거하여 홍수방지 등을 위하여 필요한 조치를 명할경우 하천부속물 관리자는 이에 따라야 함(안제16조제4항후단 신설)2. 하천관리위원회 심의사항에 하천의 건천화 방지에 관한 사항을 추가함(안 제61조제1항제1호 바목 신설)3. 통합관리규정 및 건설교통부장관의 명령 위반자에 대한 벌칙규정을 신설함(안 제84조에1-1호 신설)']",건설교통위원회,[]
160263,  국가유공자등예우및지원에관한법률중개정법률안(설송웅의원등 3인 외 20인),2000-11-06,의원,2000-12-15,대안반영폐기,제16대 (2000~2004) 제215회,"['■ 제안이유 및 주요내용1960년 4월 19일을 전후로 국민의 기본권을 수호하기 위하여 혁명대열에 참가하여 생명의 위험을 무릅쓰고 부정세력과 싸워 이 나라의 민주발전과 사회정의 구현에 공헌하여 대한민국 건국포장을 받은 자 등을 이 법의 적용대상인 국가유공자에 포함시킴으로써 이들의 희생적 봉사자로서의 역할이 항구적으로 존중되도록 하려는 것임. (안 제4조 제1항10의2, 제12조제1항1호, 제22조제1호1호, 제29조제1항1호, 부칙 제1조, 부칙 제3조6의2)']",정무위원회,"['설송웅', '강창희', '김호일', '김근태', '김성순', '김일윤', '김학송', '손태인', '심규섭', '유용태', '이강래', '이규택', '이병석', '임종석', '장영신', '정동영', '조정무', '조희욱', '추미애', '황우여']"
160262,  근로자의주거안정과목돈마련지원에관한법률중개정법률안,2000-11-06,정부,2000-12-21,수정가결,제16대 (2000~2004) 제215회,"['■ 제안이유담보능력이 미약한 주택사업자와 근로자 등에 대한 안정적인 신용보증 지원을 위하여 주택금융신용보증기금에 대한 주택금융기관의 출연시한을 5년간 연장하는 한편, 현행 제도의 운영상 나타난 일부 미비점을 개선·보완하려는 것임.■ 주요골자1. 주택금융신용보증기금의 관리기관(신용보증기금)의 업무를 기금의 관리업무, 신용보증업무, 신용조사업무등으로 정함(안 제14조제2항).2. 기금의 효율적인 운영을 도모하기 위하여 기금관리기관의 업무중 일부를 주택금융기관·한국자산관리공사또는 신용정보업자에게 위탁할 수 있도록 함(안 제14조제3항·제4항).3. 기금의 기본방침에 대한 민주적인 의사결정을 도모하기 위하여 기금관리기관에 주택금융신용보증기금 운영위원회를 설치함(안 제14조의2 신설).■ 위원회 수정사항□ 수정이유 및 주요골자담보능력이 미약한 住宅事業者와 住宅需要者에 대한 안정적인 保證 支援을 위해 金融機關 出捐時限을 削除하여 保證財源을 擴充하는 (법률 제3930호 근로자의주거안정과목돈마련지원에관한법률 부칙 제10조 삭제) 한편, 일부 조항의 자구를 수정함.']",재정경제위원회,[]
160261,  독립유공자예우에관한법률중개정법률안(박주선의원 외 20인),2000-11-06,의원,2000-12-15,대안반영폐기,제16대 (2000~2004) 제215회,"['■ 제안이유 및 주요내용일제의 국권침탈기에 조국의 독립을 위하여 공헌하였으나 1992년 1월 1일 이후 그 공로로 건국포장 또는 대통령표창을 받은 독립운동가의 경우에는 독립유공자로서의 예우를 받지 못하고 있는 바, 이들 건국포장 또는 대통령표창을 받은 독립운동가에 대하여도 그 희생과 공헌에 따른 연금지급 등 국가가 응분의 예우를 함으로써 국가유공자로서의 자긍심을 제공하고 나아가 국민의 애국정신을 함양하고자 함.']",정무위원회,"['박주선', '강현욱', '김경천', '김근태', '김부겸', '김원웅', '설훈', '송석찬', '이강두', '이성헌', '이정일', '이훈평', '임진출', '장성민', '장영신', '장태완', '정대철', '정동채', '조정무', '한화갑']"
160260,  사법시험법안,2000-11-06,정부,2001-02-28,수정가결,제16대 (2000~2004) 제215회,"['■ 제안이유국민의 정부 출범이후 추진하여온 사법제도 개혁의 일환으로 법조인의 자격을 검정하는 사법시험제도를 전반적으로 개선하여 법학교육 및 국가사법제도의 발전을 도모할 수 있도록 종전의 사법시험령을 대체할 법률을 제정하려는 것임.■ 주요골자1. 사법시험의 관장기관을 행정자치부장관에서 법무부장관으로 변경함(안 제2조).2. 선발인원은 법조인의 안정적 수급과 사법연수원의 수용능력 등을 고려하여 정원제로 하되, 책임이 수반되는국가사법정책에 관한 사항이므로 법무부장관이 결정하도록 하고, 다만, 정책결정의 민주성을 확보하기 위하여 사전에 사법시험관리위원회의 심의의견과 대법원 및 대한변호사협회의 의견을 듣도록 함(안 제4조).3. 법조인으로서의 전문지식과 법적 소양을 종합적으로 검증하기 위하여 일정학점 이상의 법학과목 학점 취득자만 응시할 수 있도록 함(안 제5조).4. 사법시험의 시험과목과 출제범위는 대통령령에 위임하되, 어학과목의 경우 토플 등의 성적으로 대체하기 위한 근거를 마련함(안 제9조).5. 종전에는 불의의 사고로 제3차시험에 응시하지 못한 자에게 제1차시험만을 면제하던 것을 앞으로는 천재지변 등 불가항력의 사유로 제3차시험에 응시하지 못한 자에게 제2차시험까지를 면제하도록 그 면제범위를 확대함(안 제10조).6. 각계의 인사로 구성된 사법시험관리위원회를 설치하고, 동 위원회에서 출제방향과 채점기준, 합격자의 결정등 시험에 관한 주요사항을 심의하도록 그 기능을 대폭 강화함(안 제14조 내지 제16조).7. 응시자격에 관한 소명서류, 다른 시험기관의 시험점수에 관한 소명서류 허위기재자와 시험의 부정행위자에대하여 5년간 응시자격을 정지하도록 함(안 제17조).8. 합격자 발표일부터 6월간 성적을 공개하되, 시험자료의 공개로 인한 부작용을 방지하기 위하여 답안지·채점표 기타 시험업무의 공정한 수행에 현저한 지장을 초래할 정보에 대하여는 공개를 거부할 수 있도록 함(안 제18조).9. 군법무관임용시험을 사법시험과 분리하여 매년 실시하기로 국방부 등과 합의함에 따라 군법무관임용시험은사법시험에 준하여 법무부장관이 실시하고, 선발예정인원과 시행시기는 국방부장관과 협의하여 정하도록 함(안 제21조).■ 위원회 수정사항□ 수정이유시험과목을 법률로 정하고, 시험응시자의 성적공개청구가 있는 경우 청구인에 대하여 성적을 공개하도록 함으로써 사법시험의 투명성과 신뢰성을 제고하는 한편 사법시험관리위원회의 구성 및 운영에 관하여 일부 개선사항을 보완함.□ 수정주요골자1. 사법시험의 시험과목을 제1차 시험과목은 헌법, 민법, 형법과 그밖에 대통령령이 정하는 과목으로 하고, 제2차 시험과목은 헌법, 민법, 형법, 상법, 행정법, 민사소송법, 형사소송법 이상 7개 과목으로 하도록 함(안제9조).2. 제3차 시험에 불합격하거나 응시하지 아니한 자에 대하여 다음 회의 시험에 한하여 그 제1차시험을 면제하도록 한 것을 본인이 신청한 바에 따라 제1차시험 또는 제2차시험을 면제할 수 있도록 함(안 제10조제2항).3. 사법시험관리위원회의 위원중 변호사나 법과대학교수가 아닌 자로서 사법시험에 관한 경험과 덕망이 있는자를 1인에서 2인으로 증원하기로 하고, 또한 부위원장을 2인으로 하되 법조인인 위원과 비법조인인 위원중에서 각 1인씩 선임되도록 하며, 위원장이 부득이한 사유로 직무를 수행할수 없는 경우에는 위원장이 지정한 부위원장이 위원장의 직무를 대행할수 있도록 함(안 제14조제2항·제3항 및 제6항).4. 사법시험관리위원회가 시험문제출제방향이나 선발예정인원등에 관한 의사결정을 함에 있어서 가부동수인 경우 위원장인 법무부장관이 결정하도록 하는 개정안을 삭제함(안 제16조 단서 삭제).5. 시험에 응시한 자가 본인의 성적공개를 청구한 경우에는 법무부장관이 그 성적공개를 청구한 자에 대하여성적을 공개하도록 함(안 제18조제1항 후단신설).']",법제사법위원회,[]
160259,  국가배상법중개정법률안,2000-11-06,정부,2000-12-08,수정가결,제16대 (2000~2004) 제215회,"['■ 제안이유배상심의회에 배상신청을 하지 아니하고도 이 법에 의한 손해배상소송을 제기할 수 있도록 하여 국민의 신속한권리구제를 도모하고, 배상신청사건에 대한 보정제도 및 각하결정제도를 도입함으로써 배상신청사건의 효율적처리를 도모하며, 부득이한 경우 지구심의회의 위원장이 배상금의 사전지급결정을 할 수 있도록 하는 등 현행규정의 운영상 나타난 일부 미비점을 개선·보완하려는 것임.■ 주요골자1. 종전에는 배상심의회의 배상결정을 거친 후에 이 법에 의한 손해배상의 소송을 제기할 수 있도록 하였으나,앞으로는 배상심의회에 배상신청을 하지 아니하고도 바로 소송을 제기할 수 있도록 함(안 제9조).2. 지구심의회의 배상결정 이전에 배상금의 일부를 사전지급할 수 있는 손해의 대상에 수리비를 추가하도록 하고, 부득이한 사유가 있을 때에는 지구심의회의 위원장이 직권으로 사전지급의 결정을 할 수 있도록 함(안제13조제2항 내지 제4항).3. 종전에는 배상신청사건에 대하여 배상금지급 또는 기각의 결정만 허용되었으나, 앞으로는 그 요건을 갖추지못한 배상신청 등에 대하여는 각하의 결정도 할 수 있도록 함으로써 불필요한 행정력의 낭비를 방지하도록함(안 제13조제8항).□ 수정이유 및 주요골자案 第13條第4項은 일정한 경우 지구심의회의 위원장이 직권으로 사전지급을 결정할 수 있도록 규정하고 있는바, 이 규정의 적용을 받는 배상심의회는 지구심의회뿐임에도 불구하고 심의회와 지구심의회를 혼용하여 규정하고 있음에 따라 이를 지구심의회로 통일적으로 규정하였음.']",법제사법위원회,[]
160258,  종자산업법중개정법률안,2000-11-06,정부,2000-12-20,원안가결,제16대 (2000~2004) 제215회,"['■ 제안이유생명공학기술의 발전으로 농업유전자원의 보존과 이용의 중요성이 증대됨에 따라 농업유전자원 관리체계를개선하고, 국제식물신품종보호연맹(國際植物新品種保護聯盟)에 가입하기 위하여 국제식물신품종보호협약에 맞추어 종자의 품종보호에 관한 일부 규정을 정비·보완하는 등 현행 제도의 운영상 나타난 일부 미비점을 개선·보완하려는 것임.■ 주요골자1. 종자의 수출 또는 수입시 품종명칭등록원부에 등록되지 아니한 품종명칭을 사용할 수 없도록 하던 것을 앞으로는 품종명칭등록원부에 등록되지 아니한 품종명칭도 이를 사용할 수 있도록 함(안 제112조제2항 신설).2. 농업유전자원 및 그에 관한 정보를 체계적으로 관리할 수 있도록 하기 위하여 농림부장관은 농업유전자원의수집·등록 및 분양절차, 국가관리대상 농업유전자원의 등급구분 및 보존·관리에 관한 사항 등을 농림부령으로 정하도록 함(안 제165조제3항).3. 품종의 용어정의, 품종의 신규성 요건 등 종자의 품종보호에 관한 일부 규정을 국제식물신품종보호협약에맞추어 정비 ·보완함(안 제2조제4호·제13조제1항·제15조·제27조제4항 ·제57조제3항, 현행 제80조제1항제2호 삭제 및 안 제94조제1항제1호).']",농림해양수산위원회,[]
160257,  소방법중개정법률안,2000-11-06,정부,2000-12-20,원안가결,제16대 (2000~2004) 제215회,"['■ 제안이유청소년시설 및 노유자시설 등에 대한 소방안전을 확보하기 위하여 다중이용시설의 소방시설 설치기준을 강화하고, 소방시설 완공검사의 절차를 개선하며, 소방감리책임을 강화하는 등 현행 제도의 운영상 나타난 일부미비점을 개선·보완하려는 것임.■ 주요골자1. 위험물의 저장·취급 및 운반기준을 중요기준 및 세부기준으로 나누고, 세부기준 위반에 대한 벌칙을 과태료로 전환함(안 제15조제2항·제26조·제119조제1호의3 및 동조제2호의2).2. 다중이용시설의 계단·복도 및 비상구 등 피난·방화시설의 유지·관리에 관한 사항을 정하고, 위반시 필요한 시정조치를 명할 수 있도록 함(안 제30조의2 신설).3. 감리결과보고서로 완공검사를 갈음하는 경우에 대통령령이 정하는 특수장소에 대하여는 현장을 확인할 수있도록 함(안 제62조제2항).4. 소방시설설계 또는 소방공사감리를 허위로 하거나 부실하게 하는 경우에 대한 벌칙 등을 강화함(안 제65조의9제1호의2 및 제112조제11호 신설).5. 등록취소 또는 영업정지처분을 받은 소방공사감리업자가 그 처분전에 체결한 계약에 의한 업무를 계속 수행할 수 있는 근거를 마련함(안 제65조의10 신설).']",행정자치위원회,[]
160256,  정보통신공사업법중개정법률안,2000-11-06,정부,2000-12-15,수정가결,제16대 (2000~2004) 제215회,"['■ 제안이유행정규제기본법에 의한 행정규제정비계획에 따라 정보통신공사업자외의 자가 시공할 수 있는 정보통신공사의 범위를 확대하고 정보통신공사업자의 전년도 공사실적 등의 신고의무를 폐지하는 등 규제를 완화하며, 기타현행 제도의 운영상 나타난 일부 미비점을 개선·보완하려는 것임.■ 주요골자1. 통신구설비공사(通信溝設備工事)와 도로공사에 부수되어 그와 동시에 시공되는 정보통신 지하관로공사는 대통령령이 정하는 바에 의하여 정보통신공사업자외의 자도 도급받거나 시공할 수 있도록 함(안 제3조제3호신설).2. 분할 또는 분할합병에 의하여 정보통신공사업을 양도하고자 하는 자는 정보통신부장관에게 신고하도록 함(안 제17조제1항제1호).3. 정보통신부장관은 정보통신공사업자의 신청이 있는 경우에는 정보통신공사업자의 시공능력을 평가·공시하도록 함(안 제27조제2항).4. 정보통신부장관은 감리원 또는 정보통신기술자가 자격증 또는 경력수첩을 대여하거나 자기의 성명을 사용하여 용역 또는 공사업무를 수행하게 한 때에는 1년 이내의 업무정지를 명할 수 있도록 함(안 제64조 및 제68조의2 신설).■ 위원회 수정사항□ 수정이유 및 주요골자改正案 제2조제8호에서 ""(建築法 제2조제3호의 규정에 의한 建築設備 및 건설산업기본법 제2조제4호의 규정에 의한 건설공사에 부대되어 설치되는 工事를 제외한다. 이하 이 호에서 제10호까지 같다)""는 단서규정을 삭제하여, 정보통신용역업자가 건축물 구내통신설비의 설계·감리에 참여할 수 있도록 하고 법 적용의 사각지대를 해소하도록 함(修正案 제2조제8호).']",과학기술정보통신위원회,[]
160254,  예산회계에관한기본법안(이강두의원등 7인 외 126인),2000-11-03,의원,2004-05-29,임기만료폐기,제16대 (2000~2004) 제215회,"['■ 제안이유재정운영과 예산·결산제도를 규정하는 현행 헌법, 예산회계법, 국회법 등은 개발재정을 뒷받침하기 위한 행정부 위주의 예산의사결정시스템의 산물로서 주권자이면서 납세자인 국민의 예산의사 결정 참여를 제한해 왔으며국민들의 당연한 권리인 국민의 알권리는 무시되어 왔음.IMF 외환위기 극복과정에서 구조조정과 경기회복을 위하여 재정적자와 국가채무가 확대됨으로써 건전한 재정운영이 또한 어렵게 되고 있음.2000년 2월 국회법 개정에 따라 예결위가 상설화됨에 따라 법률안 심의권과 예산심의 확정권이라는 국회의 양대기능을 정상화시키는 계기를 마련하였고 OECD 및 IMF 등 국제기구도 재정 투명성 지침을 권고하고 있어 국가의 재정과 예산회계에 관한 기본적인 원칙을 명확히 하여 재정운영의 효율성과 공평성 및 투명성을 증진시키고재정의 건전성과 재정규율을 확립하고자 함.아울러 행정편의주의적인 예산편성과 형식적인 예·결산심사를 지양하고 실질적인 예산심사를 일년내내 진행할수 있도록 제도적·법률적 틀을 마련하고자 함.■ 주요골자1. 정부 자체의 구조조정 목표 설정 및 구조조정 계획의 이행상황에 대한 국회의 감시·감독조항을 신설함(안제4조제1항).2. 정부는 매 회계연도 세입세출예산안 제출시 특별회계와 기금의 정비계획을 국회에 보고함(안 제4조제2항).3. 정부는 매 회계연도 세입세출예산안 제출시 대통령령이 정하는 정부 각 부처의 경영진단서, 예산사업에 대한 평가보고서를 국회에 제출함(안 제4조제3항).4. 정부는 매 회계연도 개시 1개월 이내 예산배정 총괄계획과 총액예산 배정계획을 국회에 보고함(안 제5조제1항).5. 정부는 매 회계연도 3월말까지 다음연도 예산편성지침을 국회에 보고하고 동의를 받아야 함(안 제5조제2항).6. 국회가 심의 확정한 예산총칙과 국회가 동의 또는 승인한 중기재정계획은 그 회계기간중 법률과 같은 효력을 가짐(안 제6조).7. 정부는 재정균형 목표 및 국가채무 상환계획을 반영하여 중기재정계획은 3·5년 단위로, 장기재정계획은 10년 단위로 수립하고 중기재정계획을 다음 회계연도 개시 180일 전까지 국회에 제출하여야 함(안 제7조제2항).8. 사업계획기간이 회계연도를 초과하는 중장기 사업의 경우 예비 타당성 조사와 타당성 조사를 실시하여야 함(안 제7조제5항).9. 매 회계연도의 예산은 중·장기재정계획의 원칙과 기준에 따라 편성되어야 함(안 제7조6항).10. 한 회계연도에 속한 세입세출의 출납 사무는 다음연도 2월 10일까지 완결하여야 함(안 제8조제3항).11. 기금의 운용계획은 세입세출예산의 별도계정으로 편성하여 국회의 심의·의결을 얻어야 함(안 제10조제2항).12. 기금운영 재원의 절반이상을 국가예산에서 조달하는 기금을 폐지하고 이를 예산으로 편성하여야 함(안 제10조제3항).13. 세입세출예산은 물론 국가가 현물출자, 외국차관 도입, 국채발행, 국유재산 처분시에도 예산에 계상하여국회의 심의를 받아야 함(안 제18조).14. 예측할 수 없는 예산외 지출 또는 예산 초과지출에 충당하기 위해 정부는 예산총액의 1/100 이내에 상당하는 금액을 예비비로 예산에 계상할 수 있음(안 제21조).15. 국고채무부담행위를 한 경우 그 보고서를 다음다음 회계연도 개시 180일 전까지 국회에 제출하여야 함(안제24조제3항).16. 기획예산처장관은 매년 4월 10일까지 국무회의의 심의를 거쳐 대통령의 승인을 얻은 다음연도의 예산안편성지침을 각 중앙관서의 장에게 시달하여야 함(안 제25조제2항).17. 정부는 세입세출예산안을 다음 회계연도 개시 120일 전까지 국회에 제출하여야 함(안 제30조).18. 국회에 제출하는 세입세출예산안 첨부서류에 국가채권·채무 현황표, 특별회계와 기금의 정비계획, 대통령령이 정하는 정부 각 부처의 경영진단서와 구조조정 계획서를 포함 함(안 제31조).19. 정부는 국회에 예측하지 못하였던 전쟁, 천재지변, 공황, 대량실업 등 비상사태 발생시, 예비비로도 부족한 경우에 한해 추가경정예산안을 편성할 수 있음(안 제32조).20. 국회에서 부득이한 사유로 회계연도 개시 전까지 본예산안이 의결되지 못한 때에는 정부는 헌법 제54조제3항의 규정에 의하여 예산을 집행할 수 있음(안 제34조제1항).21. 각 중앙관서의 장은 추가경정예산 확정 전 예산의 배정과 집행을 금지함. 또한 위반시 국회는 다음연도 예산에서 그 상당액을 감액할 수 있음(안 제37조).22. 정부는 총액계상사업비 예산 편성시 개별사업별 선정기준과 사업계획의 타당성 검토서를 첨부하여 미리 국회에 보고하여야 함(안 제38조제1항).23. 정부는 총액계상사업의 분기별 예산집행 실적평가 보고서를 감사원과 국회에 제출하고 감사원은 총액계상사업의 반기별 감사보고서를 국회에 제출하여야 함(안 제38조제2항).24. 정부는 세출예산의 장·관·항간의 이용, 예산이체시 미리 국회 승인을 얻어야 함(안 제39조제1항).25. 예산의 이용 또는 이체한 때, 기획예산처장관은 그 사유를 첨부하여 감사원과 국회에 통지하여야 함(안 제39조제3항).26. 정부는 각 중앙관서별 예비비 사용명세서와 총괄표를 다음다음 회계연도 개시 180일 전까지 국회에 제출,승인을 얻어야 함(안 제40조제4항).27. 정부는 매 분기별 예산집행 상황과 사업진척도를 분기말부터 1개월 이내에 감사원과 국회에 보고하여야 함(안 제41조).28. 정부의 세입세출의 결산에 명백히 하여야 할 사항으로 국고보조금 사용액, 예산사업성과 평가, 지방재정지원금 사용명세 및 총괄현황을 포함 함(안 제43조제2항).29. 재정경제부 장관은 세입세출결산을 작성하여 다음연도 4월 10일까지 기획예산처 장관과 감사원에 제출하여야 함(안 제44조제1항).30. 감사원은 세입세출결산의 검사 보고서를 다음연도 5월20일까지 재정경제부 장관에게 송부하여야 함(안 제44조제2항).31. 정부는 감사원 검사를 거친 세입세출결산을 회계연도마다 다음다음 회계연도 개시 180일 전까지 국회 제출하여야 함(안 제45조).32. 정부는 세입세출결산의 국회 제출시 예산성과 평가보고서를 첨부하여야 함(안 제46조).33. 지방자치단체에 지원되는 국고보조금, 지방교부금, 지방양여금 등의 사용에 대해 각 중앙관서의 장은 매분기별로 그 사용명세서와 총괄표를 감사원과 국회에 제출하여야 함(안 제47조).34. 매 회계연도의 세계잉여금은 국채 또는 국가채무, 한국은행 일시차입금과 재정증권, 기타특별회계 및 재정융자특별회계 차입금의 원리금 상환순으로 사용할 수 있음(안 제48조).35. 국회와 정부는 중앙정부, 지방자치단체, 정부투자기관, 정부재정지원기관 등의 예산상 현재적이거나 잠재적인 채무 관리를 위해 재정위험관리시스템 구축하여야 함(안 제49조).36. 정부회계는 사업의 성과와 재산의 증감변동은 그 발생사실에 따라 계리되고 기업특별회계와 기금의 회계는일반적으로 인정된 회계원칙과 복식부기로 기록, 평가되어야 함(안 제50조).37. 추가경정예산 선집행 또는 사전배정, 예산안 편성시 고의로 예산의 중복 또는 은닉 편성, 불법으로 예산의이·전용·이체·이월 집행 등으로 이 법을 위반시 해당 중앙관서의 장과 관련 공무원은 7년 이하의 징역또는 500만원 이상 3천만원 이하의 벌금에 처함(안 제52조제1항).38. 벌칙 적용시 다른 법률에 정한 벌칙과 구상권의 적용을 제한하지 않음(안 제52조제2항).39. 이 법 제정과 동시에 예산회계법은 폐지함(안 부칙제2항).']",국회운영위원회,"['이강두', '김무성', '김용균', '김홍신', '박종근', '이재창', '이한구', '권오을', '권철현', '권태망', '김광원', '김기배', '김기춘', '김덕룡', '김동욱', '김락기', '김만제', '김문수', '김부겸', '김성조', '김영구', '김영일', '김영춘', '김용갑', '김용학', '김원웅', '김일윤', '김정숙', '김종하', '김진재', '김찬우', '김태호', '김학송', '김형오', '김호일', '나오연', '남경필', '도종이', '맹형규', '목요상', '민봉기', '박관용', '박근혜', '박명환', '박세환', '박승국', '박시균', '박원홍', '박재욱', '박종웅', '박종희', '박주천', '박창달', '박헌기', '박혁규', '박희태', '백승홍', '서상섭', '서정화', '서청원', '손태인', '손학규', '손희정', '신경식', '신영국', '신영균', '신현태', '심규철', '심재철', '안경률', '안상수', '안영근', '안택수', '엄호성', '오세훈', '원희룡', '유성근', '유흥수', '윤경식', '윤두환', '윤여준', '윤영탁', '윤한도', '이규택', '이방호', '이병석', '이부영', '이상득', '이상배', '이상희', '이성헌', '이연숙', '이원창', '이원형', '이윤성', '이인기', '이재오', '이주영', '이해봉', '이회창', '임인배', '임진출', '임태희', '전용원', '전재희', '정문화', '정병국', '정의화', '정인봉', '정재문', '정창화', '정형근', '조웅규', '조정무', '주진우', '최돈웅', '최병국', '최병렬', '최연희', '하순봉', '허태열', '현경대', '현승일', '홍사덕', '황승민', '황우여']"
160253,  정부조직법중개정법률안(장성원의원등 9인 외 12인),2000-11-03,의원,2000-12-27,폐기,제16대 (2000~2004) 제215회,"['■ 제안이유농림부가 수행하고 있는 업무내용을 명확히 하는 한편, 한국마사회를 농림부로 이관하므로서 이 법의 제정목적인 마사의 진흥 및 축산의 발전을 효율적으로 이행토록 하고자 함.■ 주요골자1. 농림부장관이 관장하는 사무내용을 농산·원예·특작·식량·농지·수리·축산·농산물유통 및 농촌개발로 함.2. 한국마사회를 현행 문화관광부에서 농림부 관할로 바꿈.']",행정자치위원회,"['장성원', '강현욱', '김영진', '문석호', '박용호', '장정언', '정장선', '정철기', '최선영', '이정일', '장영달', '정세균']"
160251,  수산업법중개정법률안,2000-10-28,정부,2000-12-21,수정가결,제16대 (2000~2004) 제215회,"['■ 제안이유행정규제기본법에 의한 규제정비계획에 따라 불합리한 규제를 완화하고, 연안수역에 대한 활용도를 높이기위하여 어촌계(漁村契)나 지구별수산업협동조합이 면허 또는 허가받은 어장의 일부를 유어장(遊漁場)으로 활용할 수 있도록 하며, 기타 부실하게 운영되는 영어조합법인(營漁組合法人)에 대한 해산명령을 할 수 있도록 하는 등 현행 제도의 운영상 나타나 일부 미비점을 개선·보완하려는 것임.■ 주요골자1. 영어조합법인을 건전하게 육성·발전시키기 위하여 법인의 설립목적이 불법인 때나 설립후 1년 이내에 정당한 사유없이 영업을 개시하지 아니하거나 1년 이상 휴지한 때에는 해산명령을 할 수 있도록 함(안 제9조의3제2항 신설).2. 공익사업의 수행 등으로 인하여 어업권이 취소됨에 따라 어업손실보상을 받은 자에 대하여는 어업면허의 우선순위에서 제외할 수 있도록 하여 어업면허의 순위를 합리적으로 조정함(안 제13조제7항제4호 신설).3. 어업권을 등록한 날부터 3년이 경과된 후에 이를 이전·분할 또는 변경할 수 있도록 하던 것을 어업을 개시한 후 1년으로 그 제한기간을 단축하여 어업권자의 편익을 도모함(안 제18조).4. 어촌계 또는 지구별수산업협동조합이 면허 또는 허가를 받은 어장에 대하여 그 일부를 체험학습 또는 낚시등 관광용 어장인 유어장으로 지정받아 운영할 수 있도록 하여 어장의 활용도를 높이고 어업인의 소득증대에 이바지할 수 있도록 함(안 제55조).5. 무기산 등 유해약품 기타 유독물을 수산동식물의 양식목적으로 보관하거나 사용하지 못하도록 하던 것을 그사용금지 범위를 확대하여 어구·어망에 부착된 이물질을 제거하기 위하여 사용하거나 이러한 목적으로 보관하는 것도 금지함(안 제73조).6. 벌금 등 형벌을 부과하던 위반행위 중 보호수면안에서의 어로행위 등 가벼운 위반행위에 대하여는 과태료를부과하도록 함으로써 유사한 위반행위에 대한 다른 법률의 처벌과 형평을 도모함(안 제95조 내지 제98조).■ 위원회 수정사항□ 수정이유 및 주요골자정부의 각종 위원회 정비방안에 따라 개정안에서는「중앙수산조정위원회」를 폐지하고 있는 바, 현행「중앙수산조정위원회」는 해양수산부내에 설치 운영되고 있는 수산분야의 유일한 위원회이며, 동 위원들은 수산분야 전문가로서 어업분쟁시 수산분야의 다양한 의견을 수렴하여 문제를 해결하는데 기여하고 있으므로, 중앙수산조정위원회를 현행대로 계속 존치하도록 함(안 제54조제2항, 제89조, 제90조제1항 등).']",농림해양수산위원회,[]
160250,  국회법중개정법률안(장태완의원등 4인 외 82인),2000-10-27,의원,2002-02-28,대안반영폐기,제16대 (2000~2004) 제215회,"['■ 제안이유 및 주요골자오늘의 대한민국이 건재하는 것은 조국광복을 위하여 일제와 싸운 독립유공자, 6·25참전용사, 상이군경, 세계평화와 국위선양을 위하여 분투한 월남참전용사, 그리고 국가안보의 일선에서 헌신하였던 제대군인들의 값진헌신이 있었기 때문인 바, 이들의 공헌과 희생에 상응한 국가차원의 예우와 보상을 실시하여 호국정신을 자손만대에 선양할 수 있도록 하여야 할 것임.정부에서는 그 동안 국가유공자·독립유공자 및 그 유족과 참전용사 및 제대군인 등의 공헌과 희생에 상응하는예우와 보상을 위하여 꾸준히 노력하여 왔으나, 정부예산중 보훈예산이 차지하는 비율이 약 1.4%로서 호주5.1%, 독일 3%, 미국 2.5%, 프랑스 2.1%에 훨씬 못미쳐 우리 경제 수준에 비하여 미흡한 수준이고, 국가유공자에 대한 보상금액은 최저생계비에도 못미치고 있는 등 이들의 공헌과 희생에 상응한 예우와 보상이 이루어지지못하고 있으며, 이와 같은 보훈관련 문제를 해결하기 위한 정치적, 법률적 현안이 산적해 있는 실정인 바, 경제·금융분야의 부처 및 기관을 주요 소관으로 하는 정무위원회에서 보훈관련업무를 심도있게 다루기는 과도하므로 국회차원에서 보훈업무를 전문적으로 다룰 수 있도록 하기 위하여 미국 재향군인 상임위원회의 예와 유사한 상설의 국회보훈특별위원회를 설치함으로써 보훈에 관한 입법 및 정책을 전문적으로 심사하고 바람직한 보훈정책안을 제시하여 선진보훈문화를 정착시키려는 것임(제46조의4).']",국회운영위원회,"['장태완', '강창성', '박세환', '유삼남', '강현욱', '고진부', '김경재', '김근태', '김기배', '김기재', '김덕배', '김민석', '김방림', '김성순', '김용갑', '김운용', '김원기', '김원길', '김종하', '김진재', '김찬우', '김충조', '김태호', '김택기', '김호일', '김희선', '남궁석', '맹형규', '문석호', '박상천', '박상희', '박시균', '박용호', '박인상', '박주선', '배기운', '서정화', '서청원', '설송웅', '손태인', '송석찬', '신경식', '신영균', '심규철', '안상수', '안택수', '윤철상', '이미경', '이원성', '이윤성', '이인제', '이재정', '이해봉', '이협', '이훈평', '이희규', '임인배', '임종석', '장성민', '장영달', '장영신', '장정언', '정대철', '정동영', '정동채', '정범구', '정병국', '정창화', '조웅규', '조정무', '조한천', '천정배', '최선영', '최용규', '추미애', '하순봉', '한승수', '한화갑', '허운나', '현승일', '황승민', '황우여']"
160249,  수도권정비계획법중개정법률안(이재창의원 외 22인),2000-10-27,의원,2004-05-29,임기만료폐기,제16대 (2000~2004) 제215회,"['■ 제안이유 및 주요골자수도권 접경지역안에서의 공장의 신설·증설, 공장용지에 설치하는 부대시설의 신설·증설과 첨단업종의 공장의 신설·증설에 대하여는 공장 총량규제를 적용하지 아니함으로써 공장에 대한 총량규제를 합리적으로 개선함과 동시에 수도권의 산업경쟁력을 강화하려는 것임.']",건설교통위원회,"['이재창', '김문수', '남경필', '도종이', '목요상', '박종희', '백승홍', '설송웅', '신현태', '안경률', '안동선', '안상수', '오장섭', '윤한도', '이근진', '이원창', '이윤성', '이재창', '이해봉', '이희규', '정병국', '조한천']"
160248,  산업입지및개발에관한법률중개정법률안,2000-10-27,정부,2000-12-20,수정가결,제16대 (2000~2004) 제215회,"['■ 제안이유지식·정보통신산업 등 첨단산업에 적합한 산업입지가 원활하게 공급될 수 있도록 도시첨단산업단지제도를도입하고, 산업구조의 변화에 부응하여 다양한 산업단지가 개발될 수 있도록 산업단지 사업시행자의 범위를 확대하며, 그밖에 산업단지의 과도한 미분양을 방지하기 위한 제도적 장치를 마련하는 등 현행 제도의 운영상 나타난 일부 미비점을 개선·보완하려는 것임.■ 주요골자1. 지식산업·정보통신산업 등 첨단산업을 육성하기 위한 도시첨단산업단지제도를 도입하여 시·도지사가 시장·군수 또는 구청장의 신청을 받아 도시계획구역안의 상업지역·준주거지역 또는 개발촉진지구에 도시첨단산업단지를 지정·개발할 수 있도록 함(안 제2조제5호, 안 제7조의2 및 제9조 단서 신설).2. 산업단지의 과도한 미분양 발생을 방지하기 위하여 이미 지정된 면적 또는 미분양비율이 일정수준을 넘는지방자치단체에 대하여는 산업단지의 지정을 제한할 수 있도록 함(안 제8조의2 신설).3. 토지소유자 또는 토지소유자가 산업단지개발을 위하여 설립한 조합도 산업단지개발사업의 시행자가 될 수있도록 사업시행자의 범위를 확대함(안 제16조제1항제6호 신설).4. 산업단지안의 토지소유자 또는 그들이 산업단지개발을 위하여 설립한 조합이 산업단지개발사업의 시행자인경우에는 실수요자가 아닌 토지소유자에게도 환지를 해줄 수 있도록 함으로써 토지소유자의 산업단지개발사업 참여를 촉진할 수 있도록 함(안 제24조).■ 위원회 수정사항□ 수정이유 및 주요골자도시첨단산업단지의 지정을 제한하는 지역 등에 관해 포괄적으로 대통령령에 위임한 사항은 법률에서 이를구체적으로 정하여 위임하도록 하는 등 행정부의 대통령령에 위임한 재량권을 축소하도록 하며, 산업단지공급계획에 지역별·업종별 공급전망을 삭제하기로 한 개정사항은 지역별 공급전망을 현행과 같이 포함하도록 수정하려는 것임.']",건설교통위원회,[]
160247,  학점인정등에관한법률중개정법률안,2000-10-27,정부,2001-02-28,수정가결,제16대 (2000~2004) 제215회,"['■ 제안이유무형문화재의 보유자로 인정된 자 및 그로부터 전수교육을 받은 자와 평생교육시설에서 일정한 교육과정을 이수한 자 등에게 학점을 인정할 수 있도록 하고, 교육훈련기관에 대한 규제를 완화함으로써 평생교육이 체계적·효과적으로 이루어질 수 있도록 하려는 것임.■ 주요골자1. 학점이 인정되는 학습과정을 설치·운영하는 자가 교수의 자격 및 학습시설 등에 관한 사항을 변경하고자 하는 경우 종전에는 경미한 사항을 제외하고는 미리 교육부장관의 승 인을 얻도록 하였으나,앞으로는 신고만으로 가능하도록 함 으로써 규제를 완화함(안 제3조제3항).2. 평생교육법에 의한 사내대학 또는 원격대학형태의 평생교육시설에서 교육과정을 이수한 자와 문화재보호법에 의한 무형문화재의 보유자로 인정된 자 및 그로부터 전수교육을 받은 자 등에게 그에 상당한 학점을 인정할 수 있도록 함으로써 평생학습자의 학습의욕을 고취하고, 전통문화의 체계적인 계승·발전을 도모함(안제7조제2항).3. 종전에는 학위수여권자를 교육부장관 및 대학의 장으로 한정하였으나, 앞으로는 대학 및 전문대학에 준하는각종학교로서 이와 동등한 학력이 인정되는 학교의 장과 평생교육법에 의한 사내대학 또는 원격대학형태의평생교육시설의 장도 학위를 수여할 수 있도록 함(안 제9조제2항).■ 위원회 수정사항□ 수정이유 및 주요골자무형문화재의 보유자로 인정된 자 및 그 문화생으로서 전수교육을 받은 자 등에게 학점을 인정할 수 있도록 한것을 양적 확대에 따른 질적 저하를 방지하기 위하여 중요무형문화재의 보유자로 인정된 자와 그 문하생으로전수교육을 받은 자 등으로 범위를 축소하려는 것임(안 제7조제2항제6호 및 부칙 제4항).']",교육위원회,[]
160246,  청원산림보호직원배치에관한법률중개정법률안,2000-10-27,정부,2000-12-20,원안가결,제16대 (2000~2004) 제215회,"['■ 제안이유 및 주요골자산림소유자 또는 산림관리자의 청원에 의하여 산림에 배치되어 산림보호업무를 행하는 청원산림보호직원의신분보장과 관련된 결격사유·당연퇴직사유·징계 등에 관하여 대통령령에서 정하고 있던 것을 이 법에서 명확하게 규정하는 한편, 청원산림보호직원이 신체·정신상 직무를 감당하지 못하게 된 경우 등에는 직권에 의하여면직시킬 수 있는 직권면직사유를 구체적으로 정하는 등 현행 제도의 운영상 나타난 일부 미비점을 개선·보완하려는 것임.']",농림해양수산위원회,[]
160245,  항로표지법중개정법률안,2000-10-27,정부,2000-12-21,수정가결,제16대 (2000~2004) 제215회,"['■ 제안이유사설항로표지(私設航路標識)의 관리를 위탁하고자 하는 경우에는 일정한 시설기준을 갖추고 등록한 위탁관리업자에게 위탁하도록 함으로써 사설항로표지의 체계적인 관리를 도모하는 한편, 사설항로표지를 폐지하고자 하는 경우 허가를 받도록 하던 것을 신고하도록 하는 등 현행 제도의 운영상 나타난 일부 미비점을 개선·보완하려는것임.■ 주요골자1. 항로표지의 설치·관리를 위한 허가를 받은 때에는 공유수면관리법 등 다른 법령의 규정에 의한 허가 등을거친 것으로 봄으로써 항로표지의 설치·관리를 효율적으로 할 수 있도록 함(안 제3조의3 신설).2. 사설항로표지의 관리업무를 위탁하고자 하는 경우 승인을 얻도록 하던 것을 신고제로 완화하되, 일정한 시설과 인력 등을 갖추고 등록한 위탁관리업자에게 위탁하도록 하여, 효율적이고 체계적인 관리가 될 수 있도록 함(안 제4조의3 신설).3. 사설항로표지의 설치목적이 소멸되어 폐지하고자 하는 경우 허가를 받도록 하던 것을 그 폐지예정일 3월 이전에 신고하고 폐지할 수 있도록 함(안 제6조).4. 항로표지관련 장비 및 용품의 개발을 촉진하기 위하여 그 개발자에 대한 개발비용을 지원할 수 있도록 하고품질이 우수한 장비 및 용품에 대하여는 사용을 장려할 수 있도록 함(안 제15조제3항 및 제4항 신설).■ 위원회 수정사항□ 수정이유 및 주요골자항로표지법 제15조의3에서 해양수산부령이 정하는 기준의 검사시설 장비와 기술능력을 보유하고 지정을 받은 항로표지 검사기관에 검사등을 위한 시설을 무상으로 사용하게 할 수 있도록 규정하고 있으나, 현재 동 시설 장비를 갖추고 대행기관 지정을 신청할 기관이 없고 이미 소정의 시설 및 장비를 갖추고 대행기관으로 지정을 받은 경우 국유시설 장비를 무상임대받을 실익이 없을 것으로 보이기 때문에, 검사대행기관으로 지정된 경우외에 지정하고자 하는 경우에도 미리 검사시설을 무상으로 사용하게 할 수 있도록 함. (안 제15조의3 제2항)']",농림해양수산위원회,[]
160244,  보건의료개혁위원회의설치및운영등에관한법률안(이원형의원등 23인 외 110인),2000-10-26,의원,2004-05-29,임기만료폐기,제16대 (2000~2004) 제215회,"['■ 제안이유지금까지의 보건의료제도의 개혁은 중추적 기구 없이 사안에 따라 임기응변적으로 대응하여 많은 문제를 야기하였는바, 대통령소속하에 보건의료개혁위원회를 설치하여 장기적 시각에서 체계적으로 국민보건의 증진을 위한 정책을 수립하게 하고, 의약분업제도를 바르게 정착시키는 등 구체적 현안을 상호신뢰와 협조를 통해 합리적으로 해결하도록 함으로써, 국민생활의 균등한 향상을 기하고 우리들과 우리들의 자손의 안전과 자유와 행복을 영원히 확보하여야 한다는 헌법이념을 실현하도록 함.■ 주요골자1. 종래 보건의료기본법 제20조에 의하여 국무총리소속하에 설치된 보건의료정책심의위원회를 흡수하여 새로이대통령소속하에 보건의료개혁위원회(이하 ""위원회""라 한다)를 설치하도록 함(안 제2조제1항).2. 위원회는 장기적 시각에서 보건의료발전계획등을 수립할 뿐만 아니라 의약분업 등 구체적 현안에 관련된 사항 등을 심의함으로써 보건의료개혁의 중추적 역할을 수행하도록 함(안 제2조제2항).3. 위원회의 구성은 종래 보건의료기본법에 의해 설치된 보건의료정책심의위원회의 예를 따름으로서 업무의 연계를 원활히 하도록 함(안 제3조).4. 실무위원회와 분과위원회를 두어 위원회를 효율적으로 운영하도록 하고, 사안별 특별위원회를 둘 수 있도록함(안 제6조 내지 제8조).5. 위원회에 전문적인 조사·연구를 위하여 전문위원을, 위원회의 사무를 처리하기 위하여 간사를 둠(안 제9조).6. 기타 수당 및 여비, 관계기관 등의 협조, 여론의 수집을 위한 공청회 등 위원회의 협의를 위하여 필요한 사항을 구체화 함.']",보건복지위원회,"['이원형', '강재섭', '고흥길', '권오을', '김만제', '김문수', '김영춘', '김용균', '김찬우', '김홍신', '목요상', '박시균', '박창달', '박희태', '손희정', '심재철', '윤여준', '윤영탁', '이성헌', '임인배', '전용원', '조웅규', '하순봉', '김종하', '김진재', '김태호', '김학송', '김형오', '김호일', '나오연', '남경필', '도종이', '맹형규', '민봉기', '박관용', '박근혜', '박명환', '박세환', '박승국', '박원홍', '박재욱', '박종근', '박종웅', '박종희', '박주천', '박헌기', '박혁규', '백승홍', '서상섭', '서정화', '서청원', '손태인', '손학규', '신경식', '신영국', '신영균', '신현태', '심규철', '안경률', '안상수', '안영근', '안택수', '엄호성', '오세훈', '원희룡', '유성근', '유흥수', '윤경식', '윤두환', '윤한도', '이강두', '이규택', '이방호', '이병석', '이부영', '이상득', '이상배', '이상희', '이연숙', '이원창', '이윤성', '이인기', '이재오', '이재창', '이주영', '이한구', '이해봉', '이회창', '임진출', '임태희', '전재희', '정문화', '정병국', '정의화', '정인봉', '정재문', '정창화', '정형근', '조정무', '주진우', '최돈웅', '최병국', '최병렬', '최연희', '허태열', '현경대', '현승일', '홍사덕', '황승민', '황우여']"
160243,  보건의료기본법중개정법률안(이원형의원등 23인 외 110인),2000-10-26,의원,2004-05-29,임기만료폐기,제16대 (2000~2004) 제215회,['■ 제안이유 및 주요골자제20조 내지 제23조의 보건의료정책심의위원회에 관한 규정을 구체화여 보건의료개혁위원회의설치및운영등에관한법률안을 발의함에 따라 기존의 보건의료정책심의위원회를 폐지하고자 하는 것임.'],보건복지위원회,"['이원형', '강재섭', '고흥길', '권오을', '김만제', '김문수', '김영춘', '김용균', '김찬우', '김홍신', '목요상', '박시균', '박창달', '박희태', '손희정', '심재철', '윤여준', '윤영탁', '이성헌', '임인배', '전용원', '조웅규', '하순봉', '김종하', '김진재', '김태호', '김학송', '김형오', '김호일', '나오연', '남경필', '도종이', '맹형규', '민봉기', '박관용', '박근혜', '박명환', '박세환', '박승국', '박원홍', '박재욱', '박종근', '박종웅', '박종희', '박주천', '박헌기', '박혁규', '백승홍', '서상섭', '서정화', '서청원', '손태인', '손학규', '신경식', '신영국', '신영균', '신현태', '심규철', '안경률', '안상수', '안영근', '안택수', '엄호성', '오세훈', '원희룡', '유성근', '유흥수', '윤경식', '윤두환', '윤한도', '이강두', '이규택', '이방호', '이병석', '이부영', '이상득', '이상배', '이상희', '이연숙', '이원창', '이윤성', '이인기', '이재오', '이재창', '이주영', '이한구', '이해봉', '이회창', '임진출', '임태희', '전재희', '정문화', '정병국', '정의화', '정인봉', '정재문', '정창화', '정형근', '조정무', '주진우', '최돈웅', '최병국', '최병렬', '최연희', '허태열', '현경대', '현승일', '홍사덕', '황승민', '황우여']"
160242,  약사법중개정법률안(김홍신의원등 21인),2000-10-26,의원,2000-11-28,철회,제16대 (2000~2004) 제215회,"['■ 제안이유신약 등의 경우 그 제조 및 판매를 위해서는 식품의약품안전청장의 허가를 받아야 하며, 허가를 받고자 할 때검사성적서 등을 제출하여야 하는 바, 검사성적서의 작성을 위하여 행하는 임상시험에 대한 적절한 규제조치가약사법에 규정되지 아니한 현실에서, 피험자의 인권 및 안전이 심각하게 위협받고 있으므로 이에 대한 법적 조치를 마련하여 무분별하고 위험한 임상시험을 방지하고, 그로 인하여 초래될 수 있는 사회적 위해를 예방하고자 하는 것임.■ 주요골자1. 신약 및 의료용구 등의 안전성·유효성에 관한 임상시험을 하고자 하는 때에는 피험자의 동의와 식품의약품안전청장의 임상시험 계획승인을 받도록 함(안 제26조 후단).2. 안 제26조후단을 위반하였을 경우 처벌할 수 있는 근거를 마련함(안 제75조).']",보건복지위원회,"['김홍신', '권오을', '김근태', '김부겸', '김영춘', '김영환', '김원웅', '김찬우', '김태홍', '서상섭', '손희정', '안영근', '오세훈', '윤여준', '이부영', '이성헌', '이재오', '전재희', '최영희', '추미애', '황우여']"
160241,  통신비밀보호법중개정법률안(김형오의원등 18인 ),2000-10-25,의원,2001-12-06,대안반영폐기,제16대 (2000~2004) 제215회,"['■ 제안이유우리 헌법상 사생활의 비밀과 자유 및 통신의 비밀이 보장되어 있으나 현행통신비밀보호법으로는 통신기기의 비약적 발전에 따른 현실적 대응을 할 수가 없으며, 국가기관에 의한 감청의 오？남용을 막기에 역부족임.이로 인한 통신인권의 침해 및 국민의 불안감 증폭이 우리사회의 생활기반을 위협하고 있는 실정임.이러한 인권의 사각지대를 해소하기 위하여 그 동안 무분별하게 남용되어온 긴급처분조항 등 권한남용소지가 있는 조항을 개정하고 감청의 개념을 확대하여 전자우편？회원제정보서비스 등을 포함시켰으며, 전기통신가입자에 대한 통신자료제공의 절차를 신설하고 국가수사기관의 권한 남용을 견제하고 감시하기 위하여 국회의 감시기능을 강화하며, 법집행을 엄격히 관리하기 위하여 벌칙조항을 신설하는 등의 제재장치를 통하여 사생활의 자유와 통신의 비밀을 획기적으로 보호하고 정의로운 정보사회를 구현하려는 것임.■ 주요내용가. 전자우편？회원제정보서비스？통신자료의 정의를 신설함(안 제2조).나. 감청의 무분별한 남용을 방지하기 위하여 적법한 감청이라 하더라도 이것이 피고인에게 불리한 유일한 증거인 경우에는 유죄의 증거로 할 수 없도록 함(안 제4조제2항).다. 통신제한조치의 대상이 되는 범죄를 축소함(안 제5조제1항).라. 통신제한조치의 기간을 범죄수사인 경우 3월, 국가안보인 경우 6월을 각각 1월 및 3월로 단축함으로써 국민의 기본권침해 상태가 조속히 제거되도록 함(안 제6조 및 제7조).마. 국가안보를 위한 통신제한조치의 범위를 최소화 함(안 제7조).바. 통신제한조치에 관한 긴급처분시간을 48시간에서 36시간으로 단축하는 등 요건을 강화함(안 제8조).사. 감청은 전기통신사업자의 교환실 등 한정된 장소에서만 실시하고, 자동녹음에 의한 감청은 원칙적으로 금하도록 하며, 감청이 종료된 후 30일 이내에 감청대상자에게 통지하도록 하는 등 감청방법 및 절차상제한을 가하고, 이를 위반할 경우 형사처벌 하도록 하여 감청시행상의 문제점을 원천적으로 제거하도록 함(안 제9조？제16조 및 제17조).아. 전기통신가입자에 대한 통신자료제공의 절차를 신설하여, 통신자료제공으로 인한 사생활 침해의 여지를 차단함(안 제9조의2).자. 국가기관이 감청설비를 사용하는 경우에도 예외없이 정보통신부장관의 인가를 받도록 하고, 인가된 설비에 대한 적법한 관리여부를 정보통신부장관으로 하여금 확인하도록 하여 감청설비에 대한 국가기관의 관리를 강화하도록 함(안 제10조).차. 비밀준수의무주체를 공무원, 통신기관의 직원, 그 외의 자로 세분화하여 벌칙을 규정함(안 제11조 및 제16조).카. 국회의 국정감사 및 조사시 3분의 1이상의 위원이 동의할 경우 관련 자료의 열람이나 교환실에 대한 현장검증 등을 할 수 있도록 하고, 통신제한조치 관련기관에 대하여 국회에 매년 보고서를 제출하도록 하여 국회의 집행기관통제를 강화함(안 제15조).']",법제사법위원회,"['김형오', '강재섭', '김기춘', '김영춘', '김진재', '목요상', '박관용', '박원홍', '원희룡', '윤영탁', '이부영', '이상희', '이한구', '정창화', '정형근', '최병렬', '최연희', '하순봉', '김성조', '김영구', '김영일', '김용갑', '김용균', '김용학', '김원웅', '김일윤', '김정숙', '김종하', '김찬우', '김태호', '김학송', '김호일', '김홍신', '나오연', '남경필', '도종이', '맹형규', '민봉기', '박근혜', '박명환', '박세환', '박승국', '박시균', '박재욱', '박종근', '박종웅', '박종희', '박주천', '박창달', '박헌기', '박혁규', '박희태', '백승홍', '서상섭', '서정화', '서청원', '손태인', '손학규', '손희정', '신경식', '신영국', '신영균', '신현태', '심규철', '심재철', '안경률', '안상수', '안영근', '안택수', '엄호성', '오세훈', '유성근', '유흥수', '윤경식', '윤두환', '윤여준', '윤한도', '이강두', '이규택', '이방호', '이병석', '이상득', '이상배', '이성헌', '이연숙', '이원창', '이원형', '이윤성', '이인기', '이재오', '이재창', '이주영', '이해봉', '이회창', '임인배', '임진출', '임태희', '전용원', '전재희', '정문화', '정병국', '정의화', '정인봉', '정재문', '조웅규', '조정무', '주진우', '최돈웅', '최병국', '허태열', '현경대', '현승일', '홍사덕', '황승민', '황우여']"
160240,  조세특례제한법중개정법률안(안택수의원등 31인 외 102인),2000-10-24,의원,2000-12-21,대안반영폐기,제16대 (2000~2004) 제215회,"['제안이유최근 국제유가 및 원자재 수입가격 급등, 증시침체, 금융경색, 환율불안 등 대내외적으로 극도로 악화된 경제 여건으로 인하여 몰락해가고 있는 중소기업을 살리고, 이들 중소기업을 국민경제의 중추로 육성·발전시키기 위하여 한시적으로 중소기업에 대한 특별세액감면을 대폭 확대하는 한편, 공공요금 인상등 물가인상과 소득감소로 생활이 어려운 영세서민 및 농수산물 수입개방으로 인한 가격 하락, 태풍 피해와 어업협정 등으로 인한 조업구역 축소, 경기 침체 등으로 인한 소득감소와 부채누증 등으로 심한 경제적 고통을 겪고 있는 농어업인에 대하여 이들이 주로 이용하는 신용협동조합·새마을금고·농·수협과 산림조합의 예탁금이자 및 출자배당의 소득세 비과세 한도를 확대하고, 비과세 시한을 연장함으로써 경제위기 극복과정에서 농어업인과 영세서민이 느껴야 하는 상대적 빈곤감·박탈감을 해소하고 농어업인의 재산형성을 지속적으로 지원하기 위하여 농어가목돈마련저축에 대한 비과세기간도 연장하고, 또한 읍면지역 농·수협의 소매업등에 대한 부가가치세 면제 및 농어업용 석유류에 대한 부가가치세·특별소비세 또는 교통세 면제시한도 연장함으로써 농어업인이 생필품과 석유류 등 영농자재를 낮은 가격으로 편리하게 구입할 수 있도록 하는 등 농어촌경제 활성화를 적극 지원하고, 영농1자녀에 대한 농지 증여 및 자영어민 자녀에 대한 어선·어업권 증여시 증여세 면제시한을 연장하여 유능하고 의욕있는 영농어후계자에 농어업 경영의 적기 이양을 통한 식량 자급기반 확충 및 농어업의 생산성 을 높일 수 있도록 지원하는 등 어려움에 처해 있는 농어민과 영세서민들의 삶의 질을 향상시키고자 함.주요골자가. 극도로 악화된 경제여건으로 인하여 기업경영에 큰 애로를 겪고 있는 중소기업을 살려 국민경제의 중추로 육성·발전시키기 위하여 한시적으로 5년간 중소기업의 법인세 및 소득세를 50%감면코자 함(안 제7조).나. 농업인의 사망, 이농, 탈농 등으로 계속 발생되는 유휴농지와 어업권·어선을 영농어 의욕과 능력있는 자영농어민 형제자매 등에게 적기 이전할 수 있도록 지원하기 위하여 농업진흥지역내 농지 등 또는 어선·어업권을 소유하는 자가 직계존비속, 형제자매중 자경농민 또는 자영어민에게 일정규모까지의 농지·어선·어업권을 양도하거나 증여하는 경우 양도소득세와 증여세 면제시한을 3년간 연장코자 함(안 제69조의2 및 제69조의3).다. 노령부모의 농업경영을 영농후계자녀로의 적기 이양을 통한 농업경영의 과학화와 활력을 도모하고자, 2년이상 재촌 자경농민이 18세 이상의 영농1자녀에게 농지·초지·산림지를 증여하는 경우에는 일정면적까지의 증여세 면제시한을 3년간 연장코자 함(안 제69조의4).라. IMF이후 크게 위축된 농어업인과 영세서민층에 대한 실질적 지원과 서민·지역금융기관의 육성을 통한 금융지원을 확대할 수 있도록 농·어업인 또는 상호유대를 가진 자를 조합원으로 하는 조합등 예탁금의 비과세 한도를 2천만원에서 3천만원으로, 출자금은 1천만원에서 2천만원으로 비과세 한도를 확대하며, 그 비과세기간을 2003년 12월 31일까지로 하고, 2004년 1월 1일부터 2006년 12월 31일까지 발생한 소득에 대한 원천징수세율은 100분의 5로 하며, 2007년 1월 1일 이후에 발생한 소득에 대한 원천징수세율은 100분의 10으로 하고자 함(안 제88조의4, 제88조의5 및 제90조의2).마. 또한 저소득 농어업인의 재산형성을 지속적으로 지원하기 위하여 농어가목돈마련저축에 대한 비과세기간을 2003년 12월 31일까지 3년간 연장하고자 함(안 법률 제4806호 부칙 제1조 및 제17조 및 법률 제6045호 부칙 제12조).바. IMF 후유증과 농산물 수입개방 여파로 농산물 가격이 하락하고 태풍피해 및 어업구역 축소 등으로 그 어느 때 보다 어려움에 처한 농어업인들을 위하여 농업용 기계와 연근해 및 내수면어업용 선박 및 내수면육상 양식어업용 시설에 사용되는 석유류에 대한 부가가치세와 특별소비세 또는 교통세 면제기간을 2003년 12월 31일까지 3년간 연장하고자 함(안 제106조 제1항 및 제111조).사. 경제적으로 어려운 읍·면 농어촌지역 농어업인들에게 가계와 영농에 필요한 생필품과 일반 영농자재의 공동구매를 통한 염가 공급 및 구입 편의 제공목적으로 영위하는 읍·면지역 소재 농·수협 등의 연쇄점 매장(소매업)과 어민의 수취가격 제고를 위해 영위하는 활어회매장(수산물판매 및 음식점업)에 대한 부가가치세 면제시한을 2003년 12월 31일까지 3년간 연장하고자 함(안 제106조 제1항).']",재정경제위원회,"['안택수', '권오을', '김기배', '김기춘', '김동욱', '김만제', '김무성', '김용학', '나오연', '도종이', '목요상', '박재욱', '박종근', '박희태', '서정화', '손태인', '손학규', '신경식', '안상수', '이방호', '이상득', '이상배', '이재오', '이한구', '정의화', '정창화', '정형근', '주진우', '최돈웅', '하순봉', '허태열', '남경필', '맹형규', '민봉기', '박관용', '박근혜', '박명환', '박세환', '박승국', '박시균', '박원홍', '박종웅', '박종희', '박주천', '박창달', '박헌기', '박혁규', '백승홍', '서상섭', '서청원', '손희정', '신영국', '신영균', '신현태', '심규철', '심재철', '안경률', '안영근', '엄호성', '오세훈', '원희룡', '유성근', '유흥수', '윤경식', '윤두환', '윤여준', '윤영탁', '윤한도', '이강두', '이규택', '이병석', '이부영', '이상희', '이성헌', '이연숙', '이원창', '이원형', '이윤성', '이인기', '이재창', '이주영', '이해봉', '이회창', '임인배', '임진출', '임태희', '전용원', '전재희', '정문화', '정병국', '정인봉', '정재문', '조웅규', '조정무', '최병국', '최병렬', '최연희', '현경대', '현승일', '홍사덕', '황승민', '황우여']"
160239,  공적자금관리특별법안(이한구의원등 11인 외 122인),2000-10-24,의원,2000-12-02,대안반영폐기,제16대 (2000~2004) 제215회,"['■ 제안이유공적자금의 조성？투입？진행？관리 등을 공개된 원칙에 따라 투명하게 하여 방만한 운용으로 인한 낭비를 막고 국민부담을 최소화하기 위하여 필요한 사항을 규정하려는 것임.■ 주요내용가. 공적자금이란 IMF이후 소위 국회의 지급보증 동의를 받아 조성한 64조원의 부실채권정리 기금, 예금보험기금 이외에 금융구조 조정 등에 사용된 예금보험공사 조성자금, 자산관리공사 조성자금, 정부？한국은행？국책은행의 출자 및 융자, 현물출자 등 준공적자금(공공자금)과 회수된 공적자금과 이자, 그리고 이 법 시행후 국회에서 지급보증을 받게 되는 추가공적자금 및 기타 관련 자금을 포함함(안 제2조)나. 부실금융기관의 주주, 경영진의 손실부담 확대(안 제3조)다. 정부는 공적자금의 투입과 회수대책의 정당성을 평가할 수 있도록 충분한 정보를 공개하도록 함(안 제3조)라. 부실금융기관에 대한 구상권 행사 의무화(안 제3조)마. 부실금융기관의 자산매각, 인원？조직 감축 등 자구책이행 의무화(안 제3조)바. 공적자금의 효율적 관리를 위하여 민간인 전문가를 위원의 과반수로 하는 공적자금관리위원회를 대통령 직속으로 설치하고, 금융감독위원회에는 (가칭)공적자금관리작업반을 둘 수 있도록 하여 공적자금 관리감독을 담당하도록 함(안 제4, 5조)사. 투입된 공적자금 등을 회수하여 재사용할 경우에는 다시 국회의 동의를 받도록 함(안 제6조)아. 국회는 공적자금조성 등에 대한 동의와 관련하여 “공적자금청문회”를 개최하도록 함(안 제7조)자. 정부는 공적자금？준공적자금의 조성, 집행상황을 국회에 보고하여야 하며 국회는 정부에 시정조치를 요구할 수 있도록 함(안 제8조)차. 정부는 매년 금융구조조정 관련 공적자금, 준공적자금의 사용 및 원리금 상환실적과 계획을 기술한 “공적자금관리백서”를 작성하여 국회에 보고하도록 함(안 제9조)카. 감사원은 공적자금 등의 사용에 대한 감사를 하고 그 결과를 국회에 보고하도록 함(안 제10조)타. 국회내 국가부채관리특별위원회를 설치하여 국가부채와 잠재적 국가부채, 정부투자기관과 지자체의 채무의 감축계획 및 공적자금 등의 심의？관리？감독을 담당하도록 함(안 제11조)파. 정부는 모든 국가부채(직접채무, 보증채무, 잠재적 채무, 정부투자기관과 지방자치단체의 채무 등)의 현황을 정기적으로 공개하도록 함(안 제12조)하. 공적자금 등의 유용 등이 있을 경우 감독관청은 이를 즉시 수사기관에 고발하도록 의무화함(안 제13조)']",재정경제위원회,"['이한구', '김동욱', '김만제', '나오연', '박종근', '서정화', '손학규', '안택수', '이상득', '정의화', '최돈웅', '김기배', '김기춘', '김덕룡', '김락기', '김무성', '김문수', '김부겸', '김성조', '김영구', '김영일', '김영춘', '김용갑', '김용균', '김용학', '김원웅', '김일윤', '김정숙', '김종하', '김진재', '김찬우', '김태호', '김학송', '김형오', '김호일', '김홍신', '남경필', '도종이', '맹형규', '목요상', '민봉기', '박관용', '박근혜', '박명환', '박세환', '박승국', '박시균', '박원홍', '박재욱', '박종웅', '박종희', '박주천', '박창달', '박헌기', '박혁규', '박희태', '백승홍', '서상섭', '서청원', '손태인', '손희정', '신경식', '신영국', '신영균', '신현태', '심규철', '심재철', '안경률', '안상수', '안영근', '엄호성', '오세훈', '원희룡', '유성근', '유흥수', '윤경식', '윤두환', '윤여준', '윤영탁', '윤한도', '이강두', '이규택', '이방호', '이병석', '이부영', '이상배', '이상희', '이성헌', '이연숙', '이원창', '이원형', '이윤성', '이인기', '이재오', '이재창', '이주영', '이해봉', '이회창', '임인배', '임진출', '임태희', '전용원', '전재희', '정문화', '정병국', '정인봉', '정재문', '정창화', '정형근', '조웅규', '조정무', '주진우', '최병국', '최병렬', '최연희', '하순봉', '허태열', '현경대', '현승일', '홍사덕', '황승민', '황우여']"
160238,  낙동강수계물관리및주민지원등에관한법률안(김형오의원등 25인),2000-10-24,의원,2001-12-07,대안반영폐기,제16대 (2000~2004) 제215회,"['■ 제안이유낙동강 수질의 개선을 위한 정부의 지속적인 노력에도 불구하고 최근 5년간 낙동강의 수질은 전국 최악의 상태임. 특히 낙동강 하류 주민들의 취수원인 물금지역의 평균 수질은 4.0ppm으로 4대강 주요 취수원에 비해 2-4배 이상 오염된 것으로 나타나, 낙동강 하류주민들의 생존권을 심히 위협하고 있는 실정임.이는 낙동강 상류지역이 한강 상류지역에 비해 수질오염물질 배출업소가 2.5배, 1일 폐수 방류량이 4배에 달하는 오염원 때문인 것으로 밝혀짐. 또한 낙동강 중？상류지역의 대규모 개발계획을 둘러싸고 상？하류지역의 심각한 지역갈등이 노정되고 있음.따라서 효율적인 수질관리를 위해 낙동강 수계 인접지역에는 대규모 개발행위 등 오염물질배출시설의 설치를 제한하고 오염총량관리제를 지방자치 단체별로 도입하는 한편, 물이용 부담금을 최종수요자에게 부과？징수하여 낙동강수계관리기금을 조성하고, 이 기금으로 상류지역의 환경기초시설 설치？운영 및 주민지원사업을 지원함으로써 낙동강 상？하류지역의 갈등을 해소하고 낙동강의 수질을 개선하려는데 목적을 둠.■ 주요내용가. 환경부장관은 낙동강수계의 수질보전을 위해 수변구역(水邊區域)을 지정？고시하여 공장？축사？음식점？숙박시설 등의 설치를 제한할 수 있고, 그 범위를 상수원으로 이용되는 댐 및 그 상류지역과 상수원으로 이용되는 취수지역중 일정거리로 함(안 제4조 및 제5조).나. 누구든지 하천 구역내에서는 농약 및 비료사용행위를 근본적으 로 금지하고, 관계기관의 장은 하천인접지역내의 대규모 개발행 위를 낙동강 하류지점의 수질이 연중 2급수 수준에 달할 때까지 유보하도록 함(안 제6조).다. 환경부장관은 상수원보호구역(上水源保護區域)이 지정되지 아니한 취수시설(取水施設) 주변지역으로서 수질이 좋지 아니한 지역을 상수원보호구역으로 반드시 지정하도록 함(안 제7조).라. 낙동강수계 상수원의 수질관리를 위하여 환경부장관을 위원장으 로 한 낙동강수계관리위원회(洛東江水系管理委員會)를 설치하고, 동위원회가 상수원의 수질에 미치는 영향이 크다고 인정되는 지 역의 토지 등을 매수할 수 있도록 함(안 제8조 및 제40조).마. 환경부장관은 환경친화적으로 토지를 이용하고 하천구간별 목표 수질을 달성하기 위하여 오염총량관리기본방침(汚染總量管理基 本方針)을 수립하고, 시？도지사는 그 기본방침에 따라 오염총 량관리기본계획을 수립하며, 시장？군수는 그 기본계획에 따라 오염총량관리시행계획을 수립하여 시행하도록 함(안 제9조 내지 제11조).바. 지방자치단체별로 할당된 오염부하량을 초과하거나 특별한 사유 없이 오염총량관리기본계획 및 시행계획을 수립？시행하지 아니 한 지방자치단체의 장은 대규모 개발 등에 관한 인？허가 등을 할 수 없도록 하고, 이를 위반할 때는 환경부장관 또는 관계 중 앙행정기관의 장이 재정적 지원의 중단 또는 삭감, 폐수배출시 설(廢水排出施設) 설치 제한 등의 조치를 할 수 있도록 함(안 제16조).사. 산업단지에는 오수？폐수 등을 일정기간 담아둘 수 있는 완충저류 시설(緩衝貯留施設)을 설치하도록 하고, 유독물 영업장 등에는 수 질오염사고를 방지하기 위한 시설을 설치하도록 함(안 제18조).아. 낙동강수계중 일정지역에는 특정유해물질 배출시설을 신설하지 못하도록 하고, 이미 설치된 배출시설은 유해물질의 종류와 배출량 줄이기 계획 등을 환경부장관에게 제출하도록 함.(안 제19조).자. 관할 시？군？구별 물수요관리목표를 달성하기 위해 시？도지사 는 5개년종합계획을, 수도사업자인 시？군？구는 시행계획을 수 립하여 각각 환경부장관과 시？도지사의 승인을 얻도록 함. 목 표를 달성하지 못하거나 특별한 사유없이 종합계획 및 시행계획 을 승인받지 아니한 지방자치단체는 도시 및 산업단지의 개발 등에 관한 인？허가 등을 제한할 수 있도록 함(안 제23조).차. 시장？군수는 상수원관리지역 등의 주민이 받고 있는 불이익을 보전하기 위해 소득증대사업？복지증진사업 등 주민지원사업을 시행하도록 함(안 제26조).카. 환경기초시설(環境基礎施設)의 설치 등 수질개선사업의 효율적 추진을 위하여 사업추진에 필요한 토지 등에 대한 수용(收用)의 근거를 마련하고, 수질개선사업계획에 대한 환경부장관의 승인 이 있는 때에는 관계 법률에 의한 인？허가 등을 받은 것으로 보도록 함(안 제29조 내지 제31조).타. 갈수기에 정수처리비용이 과다하게 소요되는 낙동강의 특수성을 감안, 물이용부담금을 원수의 수질 및 물사용량에 따라 최종수 요자에게 차등 부과？징수하여 주민지원사업 및 수질개선사업 재원을 확보하기로 함.(안 제35조).하. 낙동강수계의 효과적인 수질관리를 위해 환경부산하에 상설 감시기구를 두고, 상수원의 수질이 악화되었거나 악화의 우려 가 있을 때는 환경부장관이 반드시 댐방류량의 증대를 비롯 한 필요한 조치를 지방자치단체장 등에게 명하도록 함(안 제 42조, 제43조).']",환경노동위원회,"['김형오', '권태망', '김무성', '김영춘', '김진재', '김학송', '남경필', '도종이', '박관용', '손태인', '안경률', '안상수', '엄호성', '유흥수', '이근진', '이상희', '이창복', '정대철', '정문화', '정의화', '정재문', '정형근', '조웅규', '하순봉', '허태열']"
160237,  외국인투자촉진법중개정법률안,2000-10-23,정부,2000-12-08,수정가결,제16대 (2000~2004) 제215회,"['■ 제안이유외국인이 투자할 수 있는 출자목적물의 범위에 부동산 또는 주식 등을 추가하고, 2 이상의 외국투자가가 동일한 지역에 투자하는 경우에도 외국인투자지역으로 지정할 수 있도록 외국인투자지역의 지정요건을 완화하는 한편, 외국인투자기업의 등록요건을 완화하여 외국투자가에 대한 지원을 강화하는 등 외국인투자에 관한 환경을개선하여 외국인의 투자를 촉진하려는 것임.■ 주요골자1. 외국인투자를 위한 출자목적물을 현재는 현금·자본재 또는 산업재산권 등으로 한정하고 있는 바, 지적재산권과 외국인이 소유하는 국내 부동산 및 주식을 출자목적물의 대상에 추가하여 외국인투자가 촉진되도록 함(안 제2조제1항제7호).2. 산업자원부장관은 관계행정기관의 외국인투자제한에 관한 현황을 통합하여 매년 공고하도록 하고 있는 바,관계행정기관이 통합공고의 내용을 개정하거나 추가하고자 하는 경우에는 산업자원부장관과 미리 협의하도록 함(안 제4조제4항).3. 지금까지는 외국인투자지역을 하나의 외국투자가를 대상으로 하여 지정하였으나, 앞으로는 2인 이상의 외국투자가가 동일한 지역에 투자하기 위하여 외국인투자지역의 지정을 희망하는 경우 일정한 조건하에서 이를허용할 수 있도록 하고, 외국인투자지역으로 지정된 지역이 지정기준에 적합하지 아니하게 된 경우에는 이를 해제할 수 있도록 함(안 제18조제2항 및 제18조의2 신설).4. 종전에는 외국투자가가 출자목적물의 납입을 완료한 후 외국인투자기업으로 등록할 수 있었으나, 앞으로는출자목적물의 납입을 완료하기 전이라도 이 법에 의한 외국인투자의 기준에 해당하면 등록할 수 있도록 하고, 외국인투자기업 등록증을 양도하거나 출자목적물을 가장납입하는 경우에는 외국인투자기업의 등록을 말소하도록 하는 등 외국인투자기업에 대한 사후관리를 강화함(안 제21조제2항 신설 및 안 제21조제3항).□ 수정이유이 법에서 다른 법률을 인용하고 있는 조문중 그동안 당해 법률의 개정으로 내용이 변경되었음에도 이번 개정안에서 반영되지 않고 있는 조문이 있어서 이를 수정·보완하려는 것임.□ 수정주요골자다른 법률에 대한 특례를 규정하고 있는 조문에서 관련조문의 개정으로 변경된 사항을 반영하여 수정함(案 제20조제1항 및 제2항).']",산업자원위원회,[]
160236,  제22회하계유니버시아드대회지원법안(강신성일의원등 102인),2000-10-23,의원,2001-02-28,수정가결,제16대 (2000~2004) 제215회,"[""■ 제안이유2003년에 개최되는 제22회하계유니버시아드대회를 대구광역시가 유치함에 따라 향후 대회주관기관으로 설립될'2003년대구하계유니버시아드대회조직위원회'와 동 대회 관련사업을 지원하기 위한 법적 근거를 마련하여 대회를 성공적으로 개최함으로써 국민체육을 진흥하고 국위선양과 국가발전을 도모하려는 것임.■ 주요골자1. 대회준비와 운영을 위해 설립된 조직위원회는 재단법인으로 하고 동 위원회의 원활한 운영과 활동을 위하여국가·지방자치단체·정부투자기관·법인·단체등이 지원할 수 있도록 함(안 제3조).2. 조직위원회는 운영에 필요한 자금과 대회 준비 및 운영에 필요한 비용을 충당하기 위하여 대회기금을 설치할 수 있도록 하고, 동 기금의 재원은 정부 및 정부외의 자의 출연금·보조금·기부금, 차입금, 수익금, 기타 수입금 등으로 함(안 제4조).3. 조직위원회는 그 운영과 활동을 위하여 세제상 지원 및 소득계산의 특례를 받도록 하고, 동산 또는 부동산을 취득하는 경우에 국가기관의 예에 따라 채권등의 매입의무를 면제함(안 제6조 내지 제8조).4. 조직위원회는 대회의 준비 및 운영에 필요한 비용을 충당하기 위해 문화관광부장관의 승인을 얻어 체육복권의 증량발행, 기념주화의 판매, 옥외광고사업, 기념우표등 발행사업, 택지등 분양사업 등을 할 수 있도록함(안 제9조 내지 제14조).5. 조직위원회는 대회를 위한 업무 기타 대회와 관련한 사업을 추진함에 있어 수수료 또는 사용료를 받을 수있도록 함(안 제15조).6. 조직위원회는 업무수행을 위하여 필요하다고 인정할 때에는 문화관광부장관의 승인을 얻어 관계행정기관,지방자치단체, 대회와 관련된 법인등에 공무원, 임·직원 파견을 요청할 수 있으며, 또한 국가, 공공단체,연구기관등에 대회와 관련된 자료를 요청할 수 있도록 함(안 제17조 및 제18조).7. 조직위원회가 해산하는 경우에 잔여재산의 귀속은 공익법인의설립·운영에관한법률의 규정을 준용하도록 함(안 제21조).8. 대구광역시장은 대회의 개최를 위하여 대회 관련시설의 설치등에 관한 계획을 수립·시행하여야 하며, 이계획과 관련된 지방자치단체는 이의 수행에 협조하도록 함(안 제22조).9. 국가는 경기장 등 대회관련시설의 신설·신축 및 개·보수에 관하여 사업비의 일부를 지원할 수 있도록 함(안 제23조).10. 조직위원회가 지정한 휘장, 마스코트 등을 사용하고자 하는 자는 조직위원회의 승인을 받도록 하고, 이를위반한 자는 5년이하의 징역 또는 2천만원이하의 벌금에 처하며, 또 조직위원회와 유사한 명칭의 사용을금하도록 하고, 이를 위반한 자는 300만원이하의 과태료에 처하도록 함(안 제24조 내지 제28조).■ 위원회 수정사항□ 수정이유조직위원회에 설치하는 대회기금의 조성재원중 기부금 규정은 기부금품모집규제법등 관계법령에 의해 기부받도록 법체계를 명확히 하고, 조직위원회가 수익사업으로 조성하는 자금의 일부를 교부·지원할 수 있는 기관의범위를 대회 관련 다른 기관·법인·단체로 하여 그 범위와 대상을 명확히 하며 이 법의 시행에 있어 대통령령의 제정이 필요한 규정들은 공포 후 2월이 경과한 날부터 시행하도록 하고 있으나 대통령령의 제정 소요 기간등을 감안하여 공포 후 3월이 경과한 날부터 시행하도록 수정함.□ 수정주요골자1. 대회의 준비·운영 등에 필요한 비용충당을 위해 조직위원회에 설치하는 대회기금의 조성재원중 기부금은기부금품모집규제법등 관계법령에 의한 기부금으로 규정함(안 제5조제2항제2호 신설).2. 조직위원회가 수익사업으로 조성되는 자금의 일부를 다른 기관에 교부·지원할 수 있는 기관의 범위를 대회관련 다른기관·법인·단체로 하여 그 범위와 대상을 명확히 함(안 제10조제2항).3. 이 법은 공포한 날부터 시행하도록 하고 있으나, 대통령령의 제정이 필요한 규정들은 공포후 3월이 경과한날부터 시행하도록 수정함. (안 부칙 제1조).4. 대회 비용충당을 위한 사업으로 조직위원회의 요청에 따라 정부투자기관 등이 택지개발사업 등을 시행한 경우에 조직위원회 또는 조직위원회가 지정한 자에게 당해 택지 등을 공급함에 있어 수의계약의 방법을 삭제하고 우선공급할 수 있도록 하며, 공무원등의 파견에 있어 관계 행정기관의 개념에 포함되는 지방자치단체를 삭제하는 등 일부 자구를 합리적으로 수정함(안 제10조제2항, 제11조제3항, 제15조제2항, 제18조, 제19조제1항, 제25조).""]",문화관광위원회,"['강신성일', '강삼재', '강성구', '강숙자', '강재섭', '강현욱', '고흥길', '권오을', '권태망', '김경천', '김광원', '김근태', '김만제', '김부겸', '김성조', '김영일', '김영진', '김영춘', '김운용', '김일윤', '김정숙', '김종하', '김찬우', '김태호', '김학송', '김형오', '김호일', '김홍신', '나오연', '남경필', '맹형규', '박근혜', '박병윤', '박상희', '박세환', '박승국', '박시균', '박원홍', '박재욱', '박종근', '박종웅', '박주천', '박창달', '박헌기', '박희태', '백승홍', '서정화', '손태인', '송석찬', '신기남', '신영국', '심규철', '심재권', '안경률', '안상수', '안택수', '엄호성', '오세훈', '원유철', '윤여준', '윤영탁', '윤철상', '윤한도', '이강두', '이근진', '이미경', '이병석', '이상득', '이상배', '이상희', '이완구', '이원형', '이윤성', '이인기', '이재정', '이주영', '이해봉', '임인배', '임진출', '장태완', '전용원', '전재희', '정대철', '정동채', '정범구', '정병국', '정진석', '정창화', '조웅규', '조희욱', '주진우', '천정배', '최용규', '최재승', '추미애', '한화갑', '허태열', '현경대', '현승일', '홍사덕', '황승민', '황우여']"
160235,  지방세법중개정법률안,2000-10-21,정부,2000-12-15,수정가결,제16대 (2000~2004) 제215회,"['■ 제안이유새 차와 헌 차에 대한 자동차세 부담을 차별화함으로써 국민의 세부담에 형평을 기하고 이로 인한 지방세입의부족분을 주행세율의 인상으로 충당하도록 하며, 법인의 토지취득에 대한 규제를 완화하여 산업활동의 자율화를 지원할 수 있도록 비업무용 토지에 대한 취득세 중과규정을 폐지하는 한편, 국세인 교육세중 지방세에 부가(附加)되어 징수되고 있는 교육세를 지방교육세로 전환함과 아울러 일부 세율을 인상함으로써 지방자치단체의지방교육재정에 대한 지원을 확충하고, 노지(露地)에서 생산되는 벼와 특수작물만을 대상으로 과세해 오던 농지세의 과세대상에 현재 국세인 소득세 과세대상을 일부 포함시켜 농업소득세로 하며, 담배소비세의 세율을 일부 조정하는 외에 지방세의 과세면제 및 감면에 대한 규정을 전면 재정비·조정하는 등 현행 지방세제의 운영상 나타난 일부 미비점을 개선·보완하려는 것임.■ 주요골자1. 지방세에 대한 가산세를 적용함에 있어 천재·지변 등 불가피한 사유가 있는 때에는 당해 가산세의 부과를면제하도록 함(안 제27조의2 신설).2. 재개발사업 등의 사업시행인가 이후에 조합원의 지위를 승계한 자가 환지계획 등에 의하여 취득하는 부동산에 대한 취득세 과세시 환지 이전의 부동산가액을 초과하는 부분에 대하여만 과세를 하도록 함으로써 이중과세의 문제를 해소함(안 제109조).3. 최근 경제여건과 기업환경이 변화함에 따라 법인의 비업무용 토지에 대한 취득세중과제도를 폐지함(안 제112조제2항제6호 및 제112조의3 삭제).4. 지방교육에 대한 지방자치단체의 재정적 지원이 2001년 이후에도 계속될 수 있도록 하기 위하여 현재 이 법부칙에 규정되어 시행되고 있는 주민세소득할 세율(10퍼센트)을 본칙에 규정함(안 제176조).5. 비영업용승용자동차에 대한 자동차세를 최초 등록후 3년이 되는 해부터 1년당 그 경감율을 5퍼센트로 하여50퍼센트를 상한으로 그 경과된 연수만큼 경감하는 한편, 자동차세의 차등과세로 인한 감소재원의 확보와에너지세의 개편으로 인한 운수업체 보조금 확보를 위하여 주행세율을 교통세액의 1,000분의 32에서 1,000분의 115로 인상함(안 제196조의5제1항제1호의2 신설, 제196조의17).6. 농지세의 세목을 농업소득세로 하고, 한국표준산업분류상의 농업중 대통령령으로 정하는 작물의 재배로 발생하는 소득을 그 과세대상으로 함(안 제197조 내지 제214조).7. 시행령에 의하여 조정된 담배소비세의 현행 세율을 법률에 반영하되, 제1종 궐련에 대하여는 그 세율을 1갑당 460원에서 510원으로 인상 조정함(안 제229조).8. 국세인 교육세중 지방세에 부가·징수되어 온 교육세를 지방교육세로 전환하되, 담배소비세분 및 경주·마권세분 교육세의 세율은 각각 10퍼센트포인트씩 인상 조정함(안 제260조의2 내지 제260조의7 신설).9. 농어민·장애인 등의 생활안정 지원을 위한 감면은 현행의 수준을 유지하되, 농협·주택공사 등 일단의 법인과 단체에 대하여는 50퍼센트 경감하던 종합토지세를 25퍼센트로 축소하고, 중소기업협동화사업 등에 대하여는 지방자치단체가 그 감면율을 신축적으로 적용하도록 하는 등 조세감면율과 그 대상을 보다 합리적으로 조정함(안 제261조 내지 제295조).□ 수정이유국민들의 세부담에 직접적인 영향을 주게되는 취득세 등 지방세의 과세표준을 심의하기 위한 지방세과세표준심의위원회 설치에 관한 근거규정을 법률에 명시하고, 3년이상된 비영업용 승용자동차에 대한 자동차세 경감에따라 전반기와 후반기의 차령이 다른 중고자동차 승계취득자가 자동차세납부에 있어서 불이익을 받지 않도록자동차세를 각기별로 과세하도록 하며, 2001년부터 승용자동차의 분류기준에 해당하게 되는 7인승이상 10인승이하 자동차에 대하여 2004년까지는 승용자동차 세율을 적용하지 아니하고 현행대로 승합자동차 세율을 적용토록 관련규정을 정비하고, 승합자동차 세율이 적용되는 2004년까지는 현행과 같이 지방교육세를 부과하지 않도록 하려는 것임.']",행정자치위원회,[]
160234,  공직자등의병역사항신고및공개에관한법률중개정법률안,2000-10-21,정부,2000-12-08,원안가결,제16대 (2000~2004) 제215회,['■ 제안이유병역사항 공개제도의 실효성을 높이기 위하여 병역사항의 신고 및 공개범위를 확대하는 등 현행 제도의 운영상나타난 일부 미비점을 개선·보완하려는 것임.■ 주요골자1. 1급 공무원으로 보할 수 있는 직위에 채용된 계약직공무원도 병역사항 신고대상에 포함함(안 제2조제3호의2).2. 종전에는 제2국민역에 편입되거나 병역이 면제된 신고대상자의 경우 최종 병역사항만 공개하도록 하였으나앞으로는 병역의무이행의 전 과정을 공개하도록 함(안 제3조제4호).3. 현역 또는 보충역으로 복무중인 신고대상자에 대한 복무확인서 첨부제도를 폐지하고 병무청장이 이를 직접확인하도록 절차를 간소화 함(안 제4조제2항).'],국방위원회,[]
160233,  병역법중개정법률안,2000-10-21,정부,2000-12-08,대안반영폐기,제16대 (2000~2004) 제215회,"['제안이유？？？？병역비리를 근절하기 위하여 부정한 방법으로 병역을 감면받은 사람에 대한 입영의무 등 부과연령을 연장하고, 공익근무요원 소집대상자중 잉여인원에 대한 제2국민역 편입제도를 신설하여 국민편익을 도모하며, 그밖에 현행 제도의 운영상 나타난 일부 미비점을 개선·보완하려는 것임.주요골자？？？？가. 공익근무요원 배정에 관한 병무청장의 권한을 지방병무청장에게 이양함(안 제27조).나. 공중보건의사·징병전담의사 또는 국제협력의사가 국가공무원법에 의한 공무원임용 결격사유에 해당되는 경우에는 그 편입을 취소하도록 함(안 제35조제1항제6호 신설).다. 학력이 낮아 보충역 또는 제2국민역 처분을 받은 사람이 학력이 높아져 현역 또는 공익근무요원 복무를 원하는 경우에는 병역처분을 변경할 수 있도록 함(안 제65조제6항).라. 지방병무청장은 공익근무요원 소집대상자가 공익근무요원 배정인원보다 많은 경우에는 소집대상자의 학력·보충역편입연도 등을 감안하여 그 중 일부를 제2국민역에 편입할 수 있도록 함(안 제65조제7항 신설).마. 부정한 방법으로 병역이 면제되거나 제2국민역 또는 보충역 처분을 받은 사람에 대한 입영의무 등 부과연령을 종전 30세까지에서 35세까지로 연장함(안 제71조제1항제9호 신설).']",국방위원회,[]
160232,  증권거래법중개정법률안(김부겸의원등 45인),2000-10-20,의원,2001-02-28,대안반영폐기,제16대 (2000~2004) 제215회,"['■ 제안이유 및 주요내용사외이사후보추천위원회는 사외이사후보 총수의 2분의 1 이상을 일정한 소수주주？채권은행 또는 소비자단체의 추천을 받은 자중에서 추천하도록 하고, 그 추천받은 사외이사후보중 주주총회에서 사외이사 총수의 2분의 1 이상을 선임하도록 함으로써 증권회사 및 주권상장법인의 경영투명성 확보 및 지배구조 개선을 실질적으로 도모하려는 것임.']",재정경제위원회,"['김부겸', '강삼재', '강성구', '강숙자', '강신성일', '강재섭', '강현욱', '권기술', '김근태', '김동욱', '김문수', '김성순', '김성조', '김영춘', '김영환', '김원웅', '김호일', '김홍신', '박병윤', '박종근', '박종희', '손희정', '심규철', '심재권', '안경률', '안상수', '오세훈', '윤경식', '이강두', '이연숙', '이인기', '이재창', '이정일', '이주영', '이해봉', '장성민', '전재희', '정병국', '정재문', '조웅규', '조희욱', '최선영', '최용규', '한명숙', '황우여']"
160231,  철도소운송업법중개정법률안,2000-10-20,정부,2000-12-15,원안가결,제16대 (2000~2004) 제215회,"['■ 제안이유 및 주요골자철도소운송업에 관한 행정기관의 간섭을 최소화하고 자율적인 경영과 경쟁체제로의 전환을 유도하기 위하여철도청장이 철도소운송업자에 대하여 행하던 운임·요금 기타취급조건의 변경명령, 시설·장비의 개선과 변경명령, 물품운송의 안전확보를 위한 조치명령 등의 개선명령제도를 폐지하되, 이로 인하여 화주(貨主)의 불편이초래되지 아니하도록 철도청장이 소운송업자에게 행하는 검사제도를 보완하려는 것임.']",건설교통위원회,[]
160230,  사설철도주식회사주식소유자에대한보상에관한법률안,2000-10-20,정부,2000-12-15,원안가결,제16대 (2000~2004) 제215회,"['■ 제안이유1946년 5월 7일 군정법령 제75호에 의하여 국가에 수용된 조선철도주식회사·경남철도주식회사 및 경춘철도주식회사의 주식소유자들에 대한 보상절차법을 제정하지 아니한 입법부작위는 위헌이라는 헌법재판소의 결정(1994. 12. 29, 89헌마2)에 따라 군정법령에 의하여 수용된 사설철도에 관한 보상청구권자의 범위, 보상금액의산정방법 및 보상금의 지급절차 등 제반사항을 정하려는 것임.■ 주요골자1. 이 법에 의한 보상청구권자를 군정법령 제75호 제3조의 규정에 의하여 보상청구를 한 자 및 1961년 2월 11일자 교통부공고에 의하여 주식소유자 등록을 한 자로서 피수용회사의 주권 원본을 소유한 자, 법원의 확정판결에 의하여 보상청구권이 인정된 자와 이들의 승계인으로 함(안 제2조).2. 보상금액은 보유 주식수에 주식 1주당 가액, 주식의 평균불입액 비율, 생산자물가지수 변동율 및 화폐단위변동율을 곱하여 산정하도록 함(안 제4조).3. 보상청구서 및 관련서류의 적부심사 및 보상금액의 심의를 위하여 철도청장 소속하에 보상심의위원회를 두도록 하되, 위원회는 위원장 1인을 포함한 7인의 위원으로 구성하도록 함(안 제5조).']",건설교통위원회,[]
160229,  대외무역법중개정법률안,2000-10-20,정부,2000-12-08,수정가결,제16대 (2000~2004) 제215회,"['■ 제안이유정보통신기술의 발달로 정보통신망을 통한 온라인거래 등에 의한 수출과 수입이 크게 증가함에 따라 무역의 범위에 정보통신망을 통한 온라인거래 등을 추가하고, 전자무역중개기관을 지정하여 전자무역의 기반조성을 위한사업을 하도록 함으로써 전자무역을 체계적으로 지원하고 육성할 수 있도록 하는 한편, 원산지표시제도의 운영상 나타난 일부 미비점을 개선·보완하려는 것임.■ 주요골자1. 경제적 가치가 있는 전자적 형태의 무체물을 정보통신망을 통하여 수출·수입하는 것도 무역으로 보도록 함(안 제2조제2호).2. 산업자원부장관은 정보통신망을 통한 거래의 알선 및 전자무역문서의 중계나 전자무역에 대한 교육·홍보등 전자무역에 필요한 서비스를 종합적으로 제공하는 기관·법인 또는 단체중에서 전자무역중개기관을 지정하고 이를 지원함으로써 전자무역을 촉진시킬 수 있도록 함(안 제9조의4).3. 2000년 1월 1일부터 무역업 및 무역대리업의 신고제도가 실효됨에 따라 관련 조항을 정비함(현행 제10조 내지 제12조 삭제).4. 원산지표시제도의 실효성 확보를 위하여 원산지를 허위로 표시하거나 원산지 표시를 손상하는 행위 등을 한판매업자에 대하여도 시정조치를 명할 수 있도록 함(안 제23조).□ 수정이유원산지를 허위로 표시하거나 원산지표시를 손상하는 행위등을 한 자에 대한 제재조치의 정도가 이 법의 제23조와 제39조의 2개 조문에서 균형되도록 條文體系를 정리·보완하려는 것임.□ 수정주요골자원산지를 허위로 표시하거나 원산지표시를 손상하는 행위등을 한 자에 대하여 시정조치 또는 과징금을 부과할수 있도록 함(案 第23條第5項 내지 第7項).']",산업자원위원회,[]
160228,  어항법중개정법률안,2000-10-20,정부,2000-12-21,수정가결,제16대 (2000~2004) 제215회,"[""■ 제안이유행정규제기본법에 의한 규제정비계획에 따라 불필요하거나 과도한 규제를 폐지 또는 완화하는 한편 법령의관리대상이 되지 아니하여 개발 및 관리가 소홀하였던 어촌의 소규모어항을 이 법의 관리대상에 포함하여 체계적으로 관리·이용할 수 있도록 하는 등 현행 제도의 운영과정에서 나타난 일부 미비점을 개선·보완하려는 것임.■ 주요골자1. 종전의 제1종어항·제2종어항 및 제3종어항을 앞으로는 개발 및 관리주체를 기준으로 국가어항 및 지방어항으로 재분류하고 어촌정주어항을 신설하여 법령의 관리대상에서 제외되어 있던 어촌의 소규모 어항을 시장·군수 ·구청장이 어촌정주어항으로 지정하여 관리할 수 있도록 함(안 제3조 및 제4조).2. 정부의 위원회정비계획에 따라 어항정책심의회를 폐지함(현행 제5조·제10조 삭제, 안 제6조·제7조제1항본문 및 제8조제1항).3. 어항개발계획은 관리청이 수립하도록 하되, 수산업의 진흥 및 어촌개발의 촉진을 위하여 필요한 경우에는해양수산부장관이 관계 관리청와 협의하여 2 이상의 지방어항 또는 어촌정주어항을 포함하는 계획을 수립할수 있도록 함(안 제7조제1항 단서 신설).4. 이 법에 의한 허가로 인하여 발생한 권리·의무를 이전하고자 하는 경우에는 인가를 받도록 하던 것을 신고만 하면 가능하도록 함(안 제34조).■ 위원회 수정사항□ 수정이유시·도지사가 지정하는 지방어항은 현재 316개가 지정되어 있으나, 어항을 지정한 후 그 개발이 부진하여완공율이 매우 저조('99년말 현재 21%)한 것으로 나타나고 있는 바, 체계적인 어항관리와 개발을 위해서는 각지방자치단체별로 경쟁적으로 지정되고 있는 지방어항의 확대를 가급적 억제할 필요가 있으므로 지방자치단체가 어항을 지정할 때에는 중앙정부와 사전에 협의하도록 함.□ 수정주요골자시·도지사가 지방어항을 지정하고자 할 때에는 해양수산부령이 정하는 바에 따라 사전에 해양수산부장관과협의하도록 함(안 제6조제3항 신설).""]",농림해양수산위원회,[]
160227,  농림수산업자신용보증법중개정법률안,2000-10-20,정부,2000-12-21,수정가결,제16대 (2000~2004) 제215회,"['■ 제안이유농림수산업자에 대한 안정적인 신용보증지원을 위하여 농림수산업자신용보증기금에 대한 금융기관의 출연시한을 5년간 연장하는 한편, 현행 제도의 운영상 나타난 일부 미비점을 개선·보완하려는 것임.■ 주요골자1. 기금 관리기관(농업협동조합중앙회)의 업무를 기금의 관리업무, 신용보증업무, 신용조사업무 등으로 정함안 제5조의2 신설).2. 기금의 효율적인 운영을 도모하기 위하여 기금 관리기관의 업무중 일부를 금융기관·한국자산관리공사 또는신용정보업자에게 위탁할 수 있도록 함(안 제10조의2 신설).3. 기금으로부터 보증채무의 변제를 받은 채권자는 기금 관리기관의 구상권행사에 적극 협조하도록 하고, 당해관리기관은 구상권행사를 유예함으로써 장래 농림수산업자등의 채무상환능력이 증가될 가능성이 있다고 인정되는 경우에는 이를 유예할 수 있도록 함(안 제13조).■ 위원회 수정사항□ 수정이유 및 주요골자1. 信用保證審議會의 심의회 의장을 農業協同組合中央會會長이 그 소속집행간부중에서 지명하는 자로 하는등심의회 위원을 여타 信用保證機關의 立法例에 따라 정비하고자 함(안 제3조)2. 農林水産業者에 대한 안정적인 保證支援을 위해 金融機關 出捐時限을 削除하여 保證財源을 擴充하고자 함(법률 제4954호 농림수산업자신용보증법중개정법률 부칙 제2항 삭제)']",재정경제위원회,[]
160226,  신용보증기금법중개정법률안,2000-10-20,정부,2000-12-21,수정가결,제16대 (2000~2004) 제215회,"['■ 제안이유 및 주요골자담보능력이 미약한 중소기업 등에 대한 안정적인 신용보증지원을 위하여 신용보증기금에 대한 금융기관의 출연시한을 5년간 연장하고, 신용보증기금 운영위원회의 효율적인 운영을 도모하기 위하여 동 위원회의 위원수를종전의 16인에서 12인으로 조정하는 한편, 현행 제도의 운영상 나타난 일부 미비점을 개선·보완하려는 것임.□ 수정이유 및 주요골자企業에 대한 안정적인 保證支援을 위해 金融機關 出捐時限을 削除하여 保證財源을 擴充하고자 함(法律 第2695號 信用保證基金法 附則 第5條 삭제).']",재정경제위원회,[]
160225,  정부출연연구기관등의설립·운영및육성에관한법률중개정법률안,2000-10-20,정부,2000-12-15,수정가결,제16대 (2000~2004) 제215회,"['■ 제안이유국무총리와 국가과학기술위원회로 이원화되어 있는 연구회에 대한 평가주체를 국무총리로 일원화하고, 산업기술정보원과 연구개발정보센터를 통합하며, 일부 정부출연연구기관의 명칭을 변경하려는 것임.■ 주요골자1. 기초기술연구회·산업기술연구회 및 공공기술연구회에 대한 평가주체를 국가과학기술위원회에서 감독관청인국무총리로 변경하여 일원화함(안 제29조제3항).2. 산업기술정보원의 명칭을 한국과학기술정보연구원(韓國科學技術情報硏究院)으로 변경하고, 연구개발정보센터를 한국과학기술정보연구원에 통합하며, 한국해양연구소의 명칭을 한국해양연구원으로 변경하는 등 8개연구기관의 명칭을 변경함(안 별표 제17호·제31호·제33호·제35호·제36호·제37호·제38호·제40호 및제42호, 현행 별표 제43호 삭제).■ 위원회 수정사항□ 수정이유 및 수정주요골자연구회에 대한 평가주체를 국무총리로 일원화함에 있어 과학기술계 연구회의 평가결과를 국가과학기술위원회에 통보하는 개정안의 체계 및 자구를 보완하고 명칭이 변경되는 연구원에 대한 경과조치를 명확히 하려는 것임.']",정무위원회,[]
160224,  외무공무원법개정법률안,2000-10-20,정부,2000-12-08,수정가결,제16대 (2000~2004) 제215회,"['■ 제안이유외무공무원의 계급 및 승진제도를 전면폐지하여 인사운영체제를 사람중심에서 직무중심으로 전환함으로써 개인능력과 전문성에 기초한 보직경쟁체제를 구축하고, 외무공무원의 주기적인 적격심사 및 공관장 적격심사제도를도입하여 외무공무원의 기본자질 향상을 도모하며, 인사의 객관성과 공정성을 제고할 수 있는 인사평정제도를도입함으로써 21세기 국제무한경쟁시대에 전문화·정예화된 외교인력을 양성하기 위한 제도적 기반을 마련하려는 것임.■ 주요골자1. 특1급부터 9급까지 구분되어 있는 외무공무원의 계급 및 이에 따른 승진제도를 폐지하고, 외무공무원의 직명을 외무관·외무행정관 및 외무정보관 등으로 구분함(안 제5조제1항).2. 외무공무원의 보직관리는 인사평정결과·유관분야 근무경력 및 외국어능력 등의 객관적인 평가에 기초하도록 하고, 대통령령이 정하는 직위를 제외하고는 직위공모제의 방식에 의하여 직위를 부여하도록 함(안 제12조).3. 외무공무원은 재직중 2회의 범위내에서 일정한 시기에 인사평정 및 외국어능력 평정결과 등의 실증에 의한외무공무원적격심사를 받도록 하고, 부적격의 결정을 받은 자는 징계위원회의 동의를 얻어 면직하게 하며,재외공관의 장으로 임용되기 전에 별도의 공관장적격심사를 받도록 함(안 제23조).4. 대명퇴직제도의 적용범위를 현행 재외공관장 역임자로부터 과장급 직위의 역임자까지로 확대하되, 그 대명기간은 재외공관장 역임자의 경우에는 1년, 그외의 자의 경우에는 1년 6월로 함(안 제25조제3항 및 제4항).5. 외무공무원의 정년을 현행 55세 내지 64세에서 원칙적으로 60세로 단일화하되, 대통령령이 정하는 직위에재직중인 자는 64세의 범위내에서 근무할 수 있도록 하고, 이 법에 의하여 그 정년이 단축 또는 연장되는외무공무원에 대하여는 경과조치 등을 마련함(안 제26조 및 부칙 제8조·제9조).□ 수정이유본 개정법률안을 통해 시행하려고 하는 외무공무원 인사제도 개편안의 주요 내용중 대통령령에 위임된 핵심적인 부분을 법률에 반영함으로써 법률의 규율력을 제고함과 동시에 인사제도의 자의적인 운용의 여지를 줄이고자 하는 것임.□ 수정주요골자1. 경력직 공무원의 성격이 희박한 특임공관장을 외무공무원의 범주에서 제외하되, 일부 조항을 제외한 외무공무원법의 적용을 받도록 함(수정안 제2조 및 제3조).2. 외무인사위원회를 7인 이상으로 구성하도록 하며, 외교통상부 차관을 위원장으로 하도록 규정함(수정안 제7조제2항).3. 직위공모제를 실시함에 있어, 대통령령이 정하는 바에 따라 외무인사위원회가 추천한 보직후보자중 외교통상부장관이 최적임자를 선정하여 당해 직위를 부여하도록 함(수정안 제13조제3항).4. 인사평정에 피평정자의 상위자·동위자 및 하위자가 참여하는 다면평가제의 도입 근거를 마련함(수정안 제17조제2항).5. 외무공무원 적격심사의 시기를 외교통상직 공무원의 경우는 재직경력이 11년 이상 13년 이하 및 18년 이상20년 이하가 되는 시기의 2회로 하고, 외무행정직 및 외교정보관리직 공무원의 경우는 재직경력이 9년 이상11년 이하 및 20년 이상 22년 이하가 되는 시기의 2회로 규정함(수정안 제24조제1항).6. 특명전권대사 및 대통령령이 정하는 외교통상부 및 그 소속기관(재외공관을 제외한다)의 실장급 직위 이상의 공무원의 징계를 국무총리소속하에 설치된 징계위원회에서 행하게 하도록 함(수정안 제28조).7. 본개정법률안의 시행일자를 2001년 7월 1일로 규정함(수정안 부칙 제1조).']",통일외교통상위원회,[]
160223,  국방과학연구소법중개정법률안,2000-10-20,정부,2000-12-08,원안가결,제16대 (2000~2004) 제215회,"['■ 제안이유 및 주요골자국가안보와 직접 관련되는 국방무기체계의 연구·개발사업을 수행하는 국방과학연구소의 특성을 감안하여 동연구소의 임원과 직원에 대하여는 국가공무원법상 복무에 관한 규정이 준용되고 있는 바, 그 복지증진을 위하여 공무원직장협의회의설립·운영에관한법률도 준용되도록 하려는 것임.']",국방위원회,[]
160222,  수도권정비계획법중개정법률안(김덕배의원등 3인 외 48인),2000-10-18,의원,2004-05-29,임기만료폐기,제16대 (2000~2004) 제215회,"['■ 제안이유현재 백화점 등 대규모점포(유통산업발전법 제2조제3호)의 자가용 자동차 무상운송으로 중소유통업체 및 여객자동차운송사업체 등이 생존권 보호차원에서 집단민원을 제기하는 등 갈등이 지속되고 있으나, 자가용자동차의무상운송과 관련한 법적·제도적 장치가 미비하여 근본적인 해결이 되지 않고 있음.또한 일부 무상운송의 경우 여객자동차운송사업체와 같이 대규모로 운송이 이루어지고 있으나, 안전관련의무등 법적·제도적 장치가 없어 이용자의 안전이 확보가 되지 못하고 있는 실정임.따라서 자가용자동차의 무상운송과 관련한 법적·제도적 장치를 마련함으로써 운송질서를 확립함은 물론 무상운송과 관련하여 이용자의 안전을 확보하고자 함.■ 주요골자1. 자가용자동차는 원칙적으로 고객유치를 목적으로 정기노선을 정하여 무상으로 이용되는 운송(이하 ""무상운송""이라 함)에 제공하여서는 아니되나, 다만 운행구간 등 대통령령이 정하는 요건에 해당되는 경우로서 시·도지사의 허가를 받은 경우에는 운송을 할 수 있게 하고, 중요사항의 변경시 허가를 받도록 함(안 제73조의2제1항 및 제2항).2. ""무상""을 ""운송서비스의 제공에 대한 반대급부로서 명목의 여하를 불문하고 직접적 또는 간접적으로 금전또는 여타의 재물을 제공하지 않는 것""으로 정의함(안 제73조의2제1항 본문).3. 시·도지사는 무상운송 이용자의 안전과 여객자동차운송사업의 경영상태 그리고 공중의 이익을 현저하게 저하거나 저해할 우려가 있는 경우에는 대통령령이 정하는 바에 따라 허가를 철회할 수 있도록 하되, 무상운송허가를 받은 자 등에게 귀책사유가 없는 경우에는 그 손실을 보상하도록 함(안 제73조의2제3항).4. 시·도지사는 일정한 요건에 해당하는 경우 무상운송허가를 취소하거나 6월이내의 기간을 정하여 정지를 명하도록 함(안 제73조의2제4항).5. 무상운송허가의 철회 및 취소에 이해당사자의 의견진술 등의 기회를 제공하기 위하여 청문을 실시하도록 함(안 제73조의2제5항).6. 무상운송허가·철회·취소의 기준과 절차 등 필요한 사항은 대통령령으로 정하게 함(안 제73조의2제6항).7. 무상운송허가를 받은 자와 무상운송의 운전업무에 종사하는 자의 준수사항을 규정하고, 무상운송의 운전업무에 종사하는 자의 위법행위에 대해서 50만원이하의 과태료를 부과하도록 하여 이용자의 안전확보을 도모함(안 제73조의2제7항 내지 9항 및 제85조제3항).8. 자가용자동차를 허가를 받지 않고 무상운송에 제공하는 경우 시·도지사가 6월이내의 기간을 정하여 사용을제한하거나 금지할 수 있게 하고, 벌칙에 있어서는 1천만원이하의 벌금에 처하게 함(안 제74조제1항제3호및 제83조제16호).10. 무상운송허가를 받은 자가 중대한 교통사고에 대해 허위보고 등을 한 때에는 5백만원이하의 과태료에 처하도록 함(안 제85조제2항).11. 이 법 시행일 당시 무상운송을 하고 있는 자는 시행일부터 3월이내에 무상운송허가를 받아야 하고 그 때까지는 종전대로 운행할 수 있도록 하는 규정을 두어 기득권을 일정부분 인정받을 수 있도록 함(부칙 제2항).□ 수정이유모든 자가용자동차의 노선운송행위를 금지한 후 예외적으로 일부만 허가하는 것은 다수의 민원발생 등 문제점이 있으므로 학교, 학원, 교육·문화·예술·체육시설(유통업체에 부설된 시설은 제외)등이 운행하는 경우등은노선운행 금지대상에서 제외하는 등 개정안의 미비점을 보완하려는 것임□ 수정주요골자1. 자가용자동차는 고객을 유치할 목적으로 노선을 정하여 운행하여서는 아니된다. 다만, 학교, 학원, 유치원,보육원, 호텔, 교육·문화·예술·체육시설(유통산업발전법 제2조제3호의 규정에 의한 대규모점포에 부설된시설은 제외), 종교시설, 금융기관 및 병원의 경우나 대중교통수단이 없는 지역 등 대통령령이 정하는 사유에 해당하는 경우로서 시·도지사의 허가를 받은 경우에는 허용함(안 제73조의2).2. 자가용자동차의 노선운행금지를 위반한 자는 2년 이하의 징역 또는 2천만원 이하의 벌금에 처함(안 제 81조).3. 이 법은 공포후 6월이 경과한 날로부터 시행하며, 이 법 시행당시 자가용자동차의 노선운행을 하고 있는 자중 개정규정에 의하여 허가를 받아야 할 자는 이 법 시행일로부터 3월이내에 시·도지사의 허가를 받아야함(부칙).■ 제안이유제조업의 과도한 수도권집중을 억제하기 위하여 지난 \'94년부터 매년 수도권에 허용되는 공장건축면적을 총량으로 정하여 이를 초과하는 공장건축허가를 제한하는 공장총량제도를 운영하고 있으나 공장총량제도는 획일적인 직접규제 방식으로 경제활동의 제약과 민원유발 등을 나타내고 있으므로, 이를 시장경제원리에 근거한 경제적 규제방식인 과밀부담금제도로 전환하여 공장의 수도권 입지시 과밀비용을 부과시키고, 징수된 자금은 지방균형발전 재원으로 활용함으로써 국토의 균형발전을 도모하기 위함.■ 주요골자1. 종전에는 과밀억제권역중 대통령령이 정하는 지역안에서 업무용건축물, 판매용건축물, 공공청사 기타 대통령령이 정하는 건축물에 과밀부담금을 부과토록 하였으나, 앞으로는 수도권 전역에서 건축되는 공장에 대하여도 과밀부담금을 부과토록 함(안 제12조제1항).2. 지방자치단체가 조례로 정하는 지역에서 건축되는 공장의 과밀부담금에 대하여는 대통령령이 정하는 바에따라 감면할 수 있도록 함(안 제13조제5호).3. 새로 부과대상이 되는 공장의 부담금에 대해서는 건축비의 100분의 5이내에서 대통령령으로 정하도록 함(안제14조제1항).4. 과밀부담금의 배분에 관하여 종전에는 국가에 100분의 50, 시·도에 100분의 50을 귀속토록 하였으나, 이를국가, 시·도 모두 100분의 40으로 축소하고 대신 시·군·구에도 100분의 20이 귀속되도록 하며, 새로이부과대상이 되는 공장의 과밀부담금이 제13조 제5호의 규정에 따라 감면되는 경우에는 감면지역을 정한 당해 지방자치단체 귀속분은 없는 것으로 함(안 제16조제1항 및 제2항).5. 공장에 대하여 과밀부담금을 부과함에 따라 종전의 총량규제대상에서 공장을 삭제함(안 제18조제1항 및 제2항).']",건설교통위원회,"['김덕배', '문희상', '이규택', '김부겸', '김영춘', '김영환', '김윤식', '김충조', '김홍일', '김희선', '남경필', '남궁석', '박명환', '박병윤', '박상규', '박용호', '박종우', '박종희', '배기선', '서상섭', '설송웅', '송영길', '신현태', '심규섭', '안동선', '원유철', '유성근', '유재건', '윤철상', '윤한도', '이근진', '이윤성', '이윤수', '이정일', '이종걸', '이호웅', '이훈평', '이희규', '전용원', '정범구', '정병국', '정장선', '조성준', '조정무', '조한천', '천정배', '최선영', '최용규']"
160221,  여객자동차운수사업법중개정법률안(박광태의원등 87인),2000-10-17,의원,2000-12-08,수정가결,제16대 (2000~2004) 제215회,"['■ 제안이유현재 백화점 등 대규모점포(유통산업발전법 제2조제3호)의 자가용 자동차 무상운송으로 중소유통업체 및 여객자동차운송사업체 등이 생존권 보호차원에서 집단민원을 제기하는 등 갈등이 지속되고 있으나, 자가용자동차의무상운송과 관련한 법적·제도적 장치가 미비하여 근본적인 해결이 되지 않고 있음.또한 일부 무상운송의 경우 여객자동차운송사업체와 같이 대규모로 운송이 이루어지고 있으나, 안전관련의무등 법적·제도적 장치가 없어 이용자의 안전이 확보가 되지 못하고 있는 실정임.따라서 자가용자동차의 무상운송과 관련한 법적·제도적 장치를 마련함으로써 운송질서를 확립함은 물론 무상운송과 관련하여 이용자의 안전을 확보하고자 함.■ 주요골자1. 자가용자동차는 원칙적으로 고객유치를 목적으로 정기노선을 정하여 무상으로 이용되는 운송(이하 ""무상운송""이라 함)에 제공하여서는 아니되나, 다만 운행구간 등 대통령령이 정하는 요건에 해당되는 경우로서 시·도지사의 허가를 받은 경우에는 운송을 할 수 있게 하고, 중요사항의 변경시 허가를 받도록 함(안 제73조의2제1항 및 제2항).2. ""무상""을 ""운송서비스의 제공에 대한 반대급부로서 명목의 여하를 불문하고 직접적 또는 간접적으로 금전또는 여타의 재물을 제공하지 않는 것""으로 정의함(안 제73조의2제1항 본문).3. 시·도지사는 무상운송 이용자의 안전과 여객자동차운송사업의 경영상태 그리고 공중의 이익을 현저하게 저하거나 저해할 우려가 있는 경우에는 대통령령이 정하는 바에 따라 허가를 철회할 수 있도록 하되, 무상운송허가를 받은 자 등에게 귀책사유가 없는 경우에는 그 손실을 보상하도록 함(안 제73조의2제3항).4. 시·도지사는 일정한 요건에 해당하는 경우 무상운송허가를 취소하거나 6월이내의 기간을 정하여 정지를 명하도록 함(안 제73조의2제4항).5. 무상운송허가의 철회 및 취소에 이해당사자의 의견진술 등의 기회를 제공하기 위하여 청문을 실시하도록 함(안 제73조의2제5항).6. 무상운송허가·철회·취소의 기준과 절차 등 필요한 사항은 대통령령으로 정하게 함(안 제73조의2제6항).7. 무상운송허가를 받은 자와 무상운송의 운전업무에 종사하는 자의 준수사항을 규정하고, 무상운송의 운전업무에 종사하는 자의 위법행위에 대해서 50만원이하의 과태료를 부과하도록 하여 이용자의 안전확보을 도모함(안 제73조의2제7항 내지 9항 및 제85조제3항).8. 자가용자동차를 허가를 받지 않고 무상운송에 제공하는 경우 시·도지사가 6월이내의 기간을 정하여 사용을제한하거나 금지할 수 있게 하고, 벌칙에 있어서는 1천만원이하의 벌금에 처하게 함(안 제74조제1항제3호및 제83조제16호).10. 무상운송허가를 받은 자가 중대한 교통사고에 대해 허위보고 등을 한 때에는 5백만원이하의 과태료에 처하도록 함(안 제85조제2항).11. 이 법 시행일 당시 무상운송을 하고 있는 자는 시행일부터 3월이내에 무상운송허가를 받아야 하고 그 때까지는 종전대로 운행할 수 있도록 하는 규정을 두어 기득권을 일정부분 인정받을 수 있도록 함(부칙 제2항).□ 수정이유모든 자가용자동차의 노선운송행위를 금지한 후 예외적으로 일부만 허가하는 것은 다수의 민원발생 등 문제점이 있으므로 학교, 학원, 교육·문화·예술·체육시설(유통업체에 부설된 시설은 제외)등이 운행하는 경우등은노선운행 금지대상에서 제외하는 등 개정안의 미비점을 보완하려는 것임□ 수정주요골자1. 자가용자동차는 고객을 유치할 목적으로 노선을 정하여 운행하여서는 아니된다. 다만, 학교, 학원, 유치원,보육원, 호텔, 교육·문화·예술·체육시설(유통산업발전법 제2조제3호의 규정에 의한 대규모점포에 부설된시설은 제외), 종교시설, 금융기관 및 병원의 경우나 대중교통수단이 없는 지역 등 대통령령이 정하는 사유에 해당하는 경우로서 시·도지사의 허가를 받은 경우에는 허용함(안 제73조의2).2. 자가용자동차의 노선운행금지를 위반한 자는 2년 이하의 징역 또는 2천만원 이하의 벌금에 처함(안 제 81조).3. 이 법은 공포후 6월이 경과한 날로부터 시행하며, 이 법 시행당시 자가용자동차의 노선운행을 하고 있는 자중 개정규정에 의하여 허가를 받아야 할 자는 이 법 시행일로부터 3월이내에 시·도지사의 허가를 받아야함(부칙).']",건설교통위원회,"['박광태', '강성구', '강숙자', '강신성일', '강운태', '강인섭', '강현욱', '권기술', '권철현', '권태망', '김경천', '김광원', '김근태', '김덕규', '김명섭', '김문수', '김성순', '김영일', '김영춘', '김운용', '김윤식', '김종호', '김태홍', '김택기', '김학송', '김형오', '김홍일', '도종이', '박병석', '박종근', '박주선', '박창달', '배기운', '백승홍', '서상섭', '설송웅', '손태인', '손학규', '송광호', '송석찬', '송훈석', '신기남', '신현태', '심재권', '안경률', '안동선', '안상수', '안영근', '엄호성', '오장섭', '유흥수', '윤경식', '윤한도', '이근진', '이양희', '이윤성', '이인기', '이재선', '이재창', '이정일', '이창복', '이해봉', '이협', '이훈평', '임인배', '장성원', '장재식', '장태완', '전갑길', '정문화', '정범구', '정병국', '정의화', '정인봉', '정철기', '조성준', '조웅규', '조정무', '조한천', '천용택', '최선영', '하순봉', '한명숙', '함석재', '허태열', '홍재형', '황승민']"
160220,  청원경찰법중개정법률안,2000-10-17,정부,2001-03-08,수정가결,제16대 (2000~2004) 제215회,"['■ 제안이유청원경찰의 직권남용방지 등을 위하여 직무범위를 명확히 하고, 청원경찰의 노동3권중 단체행동권을 제외한 단결권과 단체교섭권을 허용하며, 지방경찰청장의 청원경찰 해임명령규정을 삭제하여 규제를 완화하는 등 현행제도의 운영상 나타난 일부 미비점을 개선·보완하려는 것임.■ 주요골자1. 청원경찰은 경비목적을 위하여 필요한 범위안에서 경찰관직무집행법에 의한 경찰의 직무를 수행하도록 명시하여 직권남용의 소지를 줄임(안 제3조).2. 청원경찰의 노동3권중 단체행동권을 제외한 단결권과 단체교섭권을 허용하고, 청원경찰의 복무에 관하여는국가공무원법상 복종의 의무, 직장이탈금지 및 비밀엄수의 의무와 경찰공무원법상 허위보고 등의 금지 관련조항을 준용하도록 함(안 제5조의2 신설).3. 지방경찰청장의 청원경찰 해임명령규정과 그에 따른 청원주의 청원경찰 해임의무규정을 삭제함(현행 제9조의2 삭제).4. 청원경찰의 단체행동금지규정 위반에 대한 벌칙규정을 신설하고, 과태료 상한액을 높임(안 제11조 및 제12조).■ 위원회 수정사항□ 수정이유청원경찰의 직무상 특수성과 경찰공무원에 준하는 신분을 고려하여 현행대로 노동3권을 규제하되, 다만 청원경찰의 복무에 관하여 경찰공무원에 관한 규정을 포괄적으로 준용하도록 하는 규정을 일부 완화하고, 형의 선고·징계처분 또는 대통령령이 정하는 사유이외에는 의사에 반하여 면직되지 않도록 청원경찰의 신분을 보장함.□ 수정주요골자1. 청원경찰의 복무의무에 관하여 국가공무원법상 집단행위의 금지규정을 현행대로 준용하고, 복종의 의무·직장이탈금지· 비밀엄수의 의무 및 경찰공무원법상 허위보고금지 등 청원경찰의 업무수행에 필요한 최소한의 복무의무만을 준용하도록 함(제5조 제4항).2. 형의 선고·징계처분 또는 대통령령이 정하는 사유에 의하지 아니하고는 그 의사에 반하여 면직되지 아니하도록 청원경찰의 신분을 보장함 (안 제10조의4).3. 청원경찰의 집단행위금지 위반에 대한 벌칙중 벌금한도액을 상향조정함(안 제11조).']",행정자치위원회,[]
160219,  예금자보호법중개정법률안(김만제의원등 11인 외 122인),2000-10-17,의원,2000-12-22,대안반영폐기,제16대 (2000~2004) 제215회,"['■ 제안이유97년말 IMF 프로그램에 따라 2001년 1월 1일부터 예금부분보장제를 시행키로 한 것은 금년말까지 3년동안 금융？기업구조조정이 거의 마무리 되어 금융시장 불안이 해소될 것을 전제로 하였음.그러나 구조조정의 부진으로 금융시장 불안은 현재도 계속되고 있고, 2차 금융구조조정이 진행되고는 있으나 완료시점이 불투명한 상태에 있으며, 금융기관의 잠재부실이 아직도 투명하게 노출되지 않은 상황에서 부분보장제 시행을 강행할 경우 다수의 금융기관에서 예금인출사태가 발생하는 등 금융시장불안이 증폭될 우려가 있음.뿐만 아니라 2001년 1월 1일부터 외환거래 전면자유화 및 금융소득종합과세까지 시행예정인 상황속에서 예금부분보장제마저 시행된다면 국내자금의 해외유출이 심각히 우려됨.그러므로 금융기관의 투명성이 확보되고 금융기관의 기존 부실이 해소되는 시점까지 부분보장제 시행을 연기하여 우려되는 금융대란을 방지하고 국내자금의 해외유출을 최소화하며, 예금보호한도 상향조정과 기타 필요한 사항을 규정하여 예금자를 보호하는 등 재원의 효율적이고 투명한 운용을 기하도록 하려는 것임.■ 주요내용가. 예금보험운영위원회 및 분과위원회의 위원회의사록을 즉시 공개하도록 하여 운영을 투명화시키는 조항을 신설함(안 제10조제10항).나. 부보금융기관의 경영, 재무상태, 금융사고위험정도에 따라 부보금융기관의 보험료율을 차등적용하도록 의무화함(안 제30조제1항).다. 예금보험금 한도는 전전년도 1인당 국내총생산액의 3배 이상으로 명문화함(안 제32조제2항).라. 2002년 12월 31일까지 예금부분보장제의 시행을 연기하는 조항을 신설함(안 부칙 제2조).']",재정경제위원회,"['김만제', '김동욱', '나오연', '박종근', '서정화', '손학규', '안택수', '이상득', '이한구', '정의화', '최돈웅', '김기배', '김기춘', '김덕룡', '김락기', '김무성', '김문수', '김부겸', '김성조', '김영구', '김영일', '김영춘', '김용갑', '김용균', '김용학', '김원웅', '김일윤', '김정숙', '김종하', '김진재', '김찬우', '김태호', '김학송', '김형오', '김호일', '김홍신', '남경필', '도종이', '맹형규', '목요상', '민봉기', '박관용', '박근혜', '박명환', '박세환', '박승국', '박시균', '박원홍', '박재욱', '박종웅', '박종희', '박주천', '박창달', '박헌기', '박혁규', '박희태', '백승홍', '서상섭', '서청원', '손태인', '손희정', '신경식', '신영국', '신영균', '신현태', '심규철', '심재철', '안경률', '안상수', '안영근', '엄호성', '오세훈', '원희룡', '유성근', '유흥수', '윤경식', '윤두환', '윤여준', '윤영탁', '윤한도', '이강두', '이규택', '이방호', '이병석', '이부영', '이상배', '이상희', '이성헌', '이연숙', '이원창', '이원형', '이윤성', '이인기', '이재오', '이재창', '이주영', '이해봉', '이회창', '임인배', '임진출', '임태희', '전용원', '전재희', '정문화', '정병국', '정인봉', '정재문', '정창화', '정형근', '조웅규', '조정무', '주진우', '최병국', '최병렬', '최연희', '하순봉', '허태열', '현경대', '현승일', '홍사덕', '황승민', '황우여']"
160218,  의료보호법개정법률안(최영희의원등 29인),2000-10-16,의원,2001-04-26,대안반영폐기,제16대 (2000~2004) 제215회,"['■ 제안이유국민기초생활보장법의 실시와 함께 새로 개정되는 의료보호법은 국민기초생활보장법의 제정취지와 내용이 충분히 포함되어야 함. 이를 위해 가난한 사람들의 건강을 실질적으로 보장하도록 급여를 확대하고, 의료이용의 장애가 되는 본인부담금을 최소화하며, 진료과정상 차별의 원인이 되는 진료비체불을 제도적으로 방지하도록 하며, 보건복지부 산하에 중앙기초건강보장심의조정위원회를 두고 기금과 대상자 관리를 공단에 위탁운영할 수 있게 함으로써 기존 의료보호제도의 관리상 비효율을 개선하여 의료보호 개정의 취지를 명백히 하고자 함■ 주요내용가. 이 법의 근거법인 국민기초생활보장법의 제정취지는 일정 소득이하의 사람들에게는 연령 등의 인구학적 요인에 상관없이 급여를 제공받을 권리가 있으며, 실질적인 기초생활을 보장하겠다는 것임. 따라서 「의료보호법」을 「기초건강보장법」으로 변경함(안 제명).나. 국민기초생활보장법의 제정에 따라 종별구분을 철폐함(안 제3조)다. 기초건강보장의 대상에 정부 및 지방자치단체, 민간기관 등에 의하여 일시보호중인 재난구호자, 가정폭력 및 성폭력 피해자, 기타 생활이 어려운자로서 대통령령이 정하는 자를 추가함(안 제3조, 제3호)라. 기초건강보장급여의 내용에 예방？재활과 저소득층에게 필요한 의치 등 보장구, 방문보건서비스 등의 의료서비스들을 추가하여 생활이 어려운 저소득 국민의 의료에 대한 권리를 강화함(안 제14조 제1항).마. 기초건강보장급여를 받을 수 있는 기간의 제한을 폐지하여 수급권자가 연중 상시적으로 기초건강보장급여를 받을 수 있도록 함(현행 제9조 삭제).바. 보건복지부 산하에 중앙기초건강보장심의조정위원회를 설치하고, 소비자의 참여가 이루어지도록 제도화함(안 제6조)사. 기초건강보장급여의 수급권자를 대상으로 보건예방사업의 건강검진을 사업을 실시하도록 제도화함(안 제15조)아. 과도한 진료비부담을 실질적으로 덜어주기 위해 비급여 등을 포함한 본인부담금에 대한 대불제도를 확대실시함(안 제20조)자. 재정자립도가 낮은 지역에 대한 분담비율을 낮출 수 있도록 함(안 제25조제3항, 5항)차. 급여비용을 공단에 위탁하여 관리할 수 있도록 함(안 제33조)카. 진료비 체불을 근원적으로 방지할 수 있도록 제도적 장치를 마련함(안 제25조 제 제4항)타. 수행하는 기관에서 기초건강보장급여를 받은 경우 또는 기초건강보장기관 외의 장소에서 출산을 한 경우에는 그 급여에 상당하는 비용을 요양비로 지급하도록 함(안 제13조).파. 종전에는 수급권자 자신의 범죄행위로 인한 사고의 경우에는 기초건강보장급여를 하지 아니하였으나, 앞으로는 수급권자 자신의 고의 또는 중대한 과실로 인한 범죄행위로 인한 사고에만 기초건강보장급여를 하지 아니하도록 하여 기초건강보장급여 제한의 범위를 축소함(안 제16조 제1항 제1호).하. 급여제한범위 중 성폭력, 가정폭력, 아동학대 피해자로서 국가나 지방자치단체, 민간 보호시설 및 상담기관이 일시보호 중인 경우를 제외함(안 제16조 제1항 제2호)갸. 급여비용을 부당하게 청구하는 기초건강보장기관에 대하여 업무정지처분을 하여야 하는 경우 그 업무정지가 수급권자에게 심한 불편을 주는 경우 등에는 업무정지처분에 갈음하여 부당한 방법으로 부담하게 한 금액의 5배 이하의 금액을 과징금으로 부과？징수할 수 있도록 함(안 제29조).']",보건복지위원회,"['최영희', '강현욱', '고진부', '김명섭', '김부겸', '김성순', '김영진', '김찬우', '김태홍', '김홍신', '김희선', '남경필', '박시균', '배기선', '배기운', '신영국', '심재철', '안영근', '유재건', '유재규', '이미경', '이연숙', '이원형', '이인기', '이창복', '장정언', '조정무', '한명숙', '허운나']"
160217,  남북교류협력에관한법률중개정법률안(이창복의원등 55인 외 1인),2000-10-16,의원,2004-05-29,임기만료폐기,제16대 (2000~2004) 제215회,"[""■ 제안이유북한 주민 접촉 승인제를 신고제로 전환하고, 접촉 방법에 인터넷 등 정보통신을 이용하는 방법을 포함시키며,교역 당사자 지정제를 폐지하고 남북한간의 거래를 민족내부거래로 볼 수 있는 근거를 명시하는 등 남북한간의왕래, 교역, 협력사업을 촉진하기 위해서 남북교류협력 절차를 간소화하고 법제 운용상의 미비점을 개선하려는것임.■ 주요골자1. 남북한간의 왕래, 교역, 협력사업을 촉진하기 위해서 승인제로 되어 있는 북한 주민과의 접촉을 신고제로전환하고 인터넷을 이용한 북한과의 교역사업을 지원하기 위하여 북한 주민과의 접촉방법에 인터넷 등 정보통신의 방법을 포함함(안 제9조3항).2. 무역업을 신고한 자는 모두 교역당사자가 될 수 있도록 교역당사자 지정제를 폐지함(안 제12조).3. 세계무역기구 회원국 사이에서 남북교류를 국가간의 거래로 문제삼을 경우를 대비하여 남북한간의 거래를국가간의 거래가 아닌 민족내부거래로 보는 규정을 신설함(안 제26조의2).4. 접촉 승인 위반시에 '3년이하의 징역 또는 1,000만원이하의 벌금'으로 처벌하던 것을 접촉 신고로 전환함에따라 신고 위반시에는 '1년이하의 징역 또는 500만원이하의 벌금'으로 처벌토록 양형을 감경함(안 제27조).""]",통일외교통상위원회,"['이창복', '강성구', '강운태', '강현욱', '곽치영', '김경천', '김근태', '김덕룡', '김방림', '김부겸', '김성호', '김영배', '김영춘', '김영환', '김옥두', '김운용', '김원기', '김원웅', '김태홍', '김택기', '김희선', '박명환', '박상규', '박용호', '박주선', '배기운', '송영길', '신기남', '심재권', '안영근', '유재건', '유재규', '윤철상', '이강래', '이낙연', '이미경', '이부영', '이용삼', '이재정', '이호웅', '임종석', '장성민', '장영달', '장정언', '장태완', '전갑길', '정동영', '정범구', '천용택', '최용규', '최재승', '추미애', '한명숙', '한화갑', '허운나']"
160216,  민사집행법안,2000-10-16,정부,2001-12-06,수정가결,제16대 (2000~2004) 제215회,"['■ 제안이유민사소송법상 강제집행절차에 관한 규정은 1960년에 민사소송법이 제정된 후 1990년에 경매법을 흡수하기 위하여 동법을 개정한 것을 제외하고는 약 40년간 개정이 이루어지지 아니하여 사회·경제적 발전에 따른 신속한권리구제의 필요성에 부응하지 못하고 있다는 지적에 따라, 채무자 등의 제도남용에 의한 민사집행절차의 지연을 방지하고 불량채무자에 대한 철저한 책임추궁을 통하여 효율적이고 신속한 권리구제방안을 마련함으로써 정의로운 신용사회를 이룩하는 한편, 법률용어를 국민의 법감정에 맞도록 순화하고, 통일적이며 일관된 법집행을위하여 민사집행부분을 민사소송법에서 분리하여 별도의 법률로 제정하려는 것임.■ 주요골자1. 외국송달의 특례제도 및 항고이유서제출강제제도를 도입하고, 매각허가결정에 대한 항고시 보증공탁을 하여야 하는 항고인을 모든 항고인으로 확대하여 항고의 남발이나 항고심의 심리지연을 방지함으로써 집행절차가 신속하게 진행될 수 있도록 함(안 제13조·제15조 및 제130조).2. 채무자가 재산명시절차에서 재산명시명령을 이행하지 아니하는 경우 현행 3년 이하의 징역 또는 500만원 이하의 벌금에서 5년 이하의 징역 또는 1천만원 이하의 벌금으로 형량을 대폭 상향조정하고 반의사불벌죄로규정함으로써 종래와 같이 채무자가 명시기일에 불출석하는 등 재산명시제도에 비협조적인 경우의 문제점을해소하고 재산명시제도의 채무이행강제로서의 효과를 높임(안 제68조).3. 채무불이행자명부를 주소지 시ㆍ구ㆍ읍ㆍ면의 장에게 송부·비치하도록 하여 일반인이 열람·등사할 수 있게 함과 아울러 금융기관에도 통보하여 신용불량자로서 불이익을 받게 함(안 제72조).4. 개인의 재산 및 신용정보에 관한 전산망을 관리하는 공공기관·금융기관 등에 대하여 채무자 명의의 재산에관한 조회를 할 수 있게 함으로써 채권자가 채무자의 재산을 쉽게 발견할 수 있도록 하여 재산의 투명성을확보하되, 재산조회 결과를 강제집행 외의 목적으로 사용하는 자를 처벌하여 남용을 방지함(안 제74조 내지제77조).5. 미등기 건물중 건축법에 의한 건축신고 또는 건축허가를 마쳤으나 사용승인을 받지 아니하여 보존등기를 마치지 못한 건물에 대하여 그 실체를 인정하여 부동산집행방법에 의한 강제집행을 가능하게 함(안 제81조).6. 배당요구의 종기를 경매기일 이전으로 앞당기고, 전세권·주택임차권의 소멸여부를 경매기일 이전에 확정할수 있게 하여 경매참가자들이 매각조건이 확정된 상태에서 경매에 참여할 수 있게 함으로써 경매부동산도안전하다는 인식을 확산시켜 경매제도의 활성화를 도모함(안 제84조 및 제88조).7. 기간입찰제도와 1기일 2회 입찰제 및 경락대금의 지급기한제도를 도입하고, 경락부동산의 인도명령 대상을권원이 없는 모든 점유자로 확대하여 매각허가결정이 확정되면 즉시 대금을 지급하고 간이한 방법으로 부동산을 인도받을 수 있도록 하는 등 경매제도를 개선함(안 제103조·제115조·제136조 및 제142조).8. 채권을 압류한 경우에 제3채무자는 채권자가 경합하지 아니하더라도 압류채권액 상당액 또는 전액을 공탁할수 있도록 하여 제3채무자가 채무로부터 해방될 수 있도록 함(안 제248조).9. 보전처분 집행 후 10년내에 소를 제기하지 아니하는 경우 채무자 또는 이해관계인의 신청에 따라 보전처분을 취소하도록 하던 것을 5년이 지나면 취소하도록 함으로써 가압류·가처분을 한 후 이를 장기간 방치하는사례를 방지함(안 제288조).■ 위원회 수정사항□ 수정이유1. 안 제68조는 재산명시의무 위반에 대한 제재를 형사처벌에 의존하게 하고 있으나, 이는 명시절차의 민사적성격을 감소시키고, 채무자에 대한 압박수단으로서의 효과가 약하며, 채무자가 채무의 변제여부와는 관계없이 처벌을 받게 되어 간접강제적 의미도 약화되는 등의 문제가 있어 명시기일에 불출석하거나 재산목록의제출을 거부하거나 또는 선서를 거부한 때에는 20일 이내의 감치에 처하도록 하고, 허위의 재산목록을 제출한 때에 한하여 형사처벌에 처하도록 함.2. 시·군법원의 관할을 명확히 하기 위하여 그 관할을 법정하고, 항고법원의 사후심적 성격을 명확히 하며,부동산청구권의 압류방법을 판례의 태도 및 다른 법률과의 관계등을 고려하여 함.3. 그밖에 법원업무의 효율성을 위한여 집행문에 법원직인의 날인을 생략하고, 지급명령에 대한 집행문을 생략할 수 있도록 하여 민사집행 절차의 합리화를 도모함.□ 수정주요골자1. 시·군법원에서 성립된 화해·조정(민사조정법 제34조제4항의 규정에 따라 재판상의 화해와 동일한 효력이있는 결정을 포함한다. 이하 같다.) 또는 확정된 지급명령에 관한 집행문부여의 소, 청구에 관한 이의의 소또는 집행문부여에 대한 이의의 소로서 그 집행권원에서 인정된 권리가 소액사건심판법의 적용대상이 아닌사건, 시·군법원에서 한 보전처분의 집행에 대한 제3자이의의 소, 시·군법원에서 성립된 화해·조정에 기초한 대체집행 또는 간접강제 및 소액사건심판법의 적용대상이 아닌 사건을 본안으로 하는 보전처분에 대하여는 시·군법원이 있는 곳을 관할하는 地方法院 또는 地方法院支院이 관할하도록 함(수정안 제22조).2. 확정된 지급명령에 기한 강제집행은 지급명령의 집행에 조건을 붙인 경우, 당사자의 승계인을 위하여 강제집행을 하는 경우 또는 당사자의 승계인에 대하여 강제집행을 하는 경우 외에는 집행문을 부여받을 필요 없이 지급명령 正本에 의하여 행할 수 있도록 함(수정안 제58조제1항).3. 채무자가 정당한 사유없이 명시기일에 출석하지 않거나 재산목록을 낼 것을 거부하거나 宣誓를 거부한 때에는 20일 이내의 감치에 처할 수 있도록 함(수정안 제68조1항)4. 채무자가 監置의 집행 중에 財産明示命令을 이행하겠다고 신청한 때에는 法院은 바로 명시기일을 열어야 하고, 채무자가 당해 명시기일에 재산목록을 내고 宣誓하거나 신청채권자에 대한 채무를 변제하고 이를 증명하는 서류를 낸 때에는 法院은 바로 監置決定을 취소하고 채무자를 석방하도록 명하여야 함(수정안 제68조제5항 및 제6항).5. 채무자가 거짓의 재산목록을 낸 때에는 3년이하의 懲役 또는 500만원 이하의 罰金에 처함(수정안 제68조제9항).6. 부동산에 관한 引渡請求權의 押留에 대하여는 그 不動産所在地의 地方法院은 채권자 또는 제3채무자의 申請에 의하여 保管人을 정하고 제3채무자에게 대하여 그 부동산을 保管人에게 引渡할 것을 명하여야 함(수정안제244조제1항).7. 부동산에 관한 權利移轉請求權의 押留에 대하여는 그 不動産所在地의 地方法院은 채권자 또는 제3채무자의신청에 의하여 保管人을 정하고 제3채무자에 대하여 그 부동산에 관한 채무자명의의 權利移轉登記節次를 保管人에게 이행할 것을 명하여야 함(수정안 제244조제2항).8. 이 법의 시행은 2002년 7월 1일부터로 함(수정안 부칙 제1조).']",법제사법위원회,[]
160215,  민사소송법개정법률안,2000-10-16,정부,2001-12-06,수정가결,제16대 (2000~2004) 제215회,"['■ 제안이유1960년 민사소송법 제정이래 지난 40년 동안 사회·경제적으로 많은 변화가 있었을 뿐만 아니라 연구실적과 판례의 축적으로 민사소송분야의 지속적인 발전이 있었음에도 불구하고, 현행 민사소송법은 이와 같은 변화와 발전을 반영하지 못하여 신속하고 공정한 분쟁해결을 바라는 국민들의 여망에 부응하지 못하고 있다는 지적에 따라 지금까지의 제도운영경험을 바탕으로 그간 문제되었던 내용을 전면 개정하여 실질적이고 신속한 권리구제가이루어질 수 있도록 함으로써 법률수요자인 국민의 편의를 도모하는 한편, 표현에 있어서도 될 수 있는 대로우리말을 사용하고 누구든지 그 뜻을 쉽게 알 수 있도록 문장구조를 개선하는 등 전면적이고 근본적인 제도개혁을 이루려는 것임.■ 주요골자1. 지적재산권이나 국제거래와 같이 전문지식이나 거래실무가 심리의 주요 내용이 되는 특정한 유형의 소는 그에 관한 전문 재판부가 설치된 고등법원 소재지 지방법원에 특별재판적을 인정하여 심리의 원활을 기함(안제24조).2. 공동소송인 가운데 일부의 청구가 다른 청구와 법률상 양립할 수 없거나 공동소송인 가운데 일부에 대한 청구가 다른 공동소송인에 대한 청구와 법률상 양립할 수 없는 경우에는 주위적 및 예비적으로 소를 병합하여하나의 소로 제기할 수 있도록 허용함으로써 분쟁의 통일적 해결을 도모함(안 제70조).3. 단독사건의 소가(訴價)가 상향되고 재정단독사건이 꾸준히 증가하여 복잡하고 전문적인 단독사건이 늘어남에 따라 변호사가 아닌 소송대리인을 허용할 사건의 범위를 단독사건중 대법원규칙으로 정하는 일정액 이하의 소가를 가진 사건으로 한정함(안 제87조 및 제88조).4. 소송절차를 신속하고 탄력적으로 운영하기 위하여 공격방어방법은 소송의 정도에 따라 적절한 시기에 제출하도록 하고, 특정한 사항에 대한 주장을 제출하거나 증거를 신청할 기간을 정할 수 있도록 하며, 그 기간을 넘길 때에는 정당한 사유를 소명하지 아니하는 한 이를 제출할 수 없도록 함(안 제146조 및 제147조).5. 법원은 소송계속후 판결선고전까지 화해권고결정을 할 수 있도록 하고, 그 조서 또는 결정정본을 송달한 후2주내에 이의가 없으면 화해가 성립되도록 하며, 당사자는 변론준비기일 또는 변론기일에서 진술하는 방법외에 언제나 서면으로 화해ㆍ인낙(認諾)ㆍ포기의 의사표시를 할 수 있도록 하여 화해제도의 활성화를 도모함(안 제148조, 제225조 내지 제232조).6. 소송기록중 당사자의 사생활 및 영업비밀이 기재된 부분에 대한 열람, 복사, 정본ㆍ등본 또는 초본의 교부를 신청할 수 있는 자를 당사자로 한정할 수 있도록 하여 사생활 및 영업비밀보호에 철저를 기함(안 제163조).7. 단독판사가 심리ㆍ재판한 사건의 제1심 판결에서는 판결서를 작성함에 있어서 기판력의 범위를 확정하는데필요한 청구를 특정함에 필요한 사항과 상계항변의 판단에 관한 사항 외에는 일반적으로 판결 이유를 생략할 수 있도록 하되, 다만, 당사자가 신청한 경우에는 판결이유를 작성하도록 함으로써 형식적 절차보다는실질적이고 충실한 심리를 할 수 있는 여건을 마련함(안 제208조).8. 피고가 원고의 청구를 다투는 때에는 소장의 부본을 송달받은 후 30일내에 답변서를 제출하도록 하고, 피고가 원고의 주장을 인정하거나 기한내에 답변서를 제출하지 아니한 경우에는 변론없이 판결할 수 있도록 함으로써 원고의 출석부담을 줄이고 소송의 촉진을 도모함(안 제256조 및 제257조).9. 소가 제기되면 재판장은 변론준비절차를 거칠 필요가 없다고 인정되는 경우를 제외하고는 모든 사건을 변론준비절차에 회부하여 사전에 쟁점과 증거를 정리하도록 함으로써 변론기일에서의 신속하고 집중적인 심리가가능하도록 함(안 제258조).10. 문서소지자에 대한 문서제출의무를 확대하여 형사소추·직무비밀·직업비밀 등 증인의 증언거절사유와 같은 일정한 사유가 있는 경우와 공무원이 직무상 보관하는 문서의 경우를 제외하고는 모든 문서를 제출하도록 함으로써 실체적 진실의 발견이 용이하도록 함(안 제344조 내지 제347조).11. 법원은 재심의 소송절차에서 재심의 소의 적법성 여부와 재심사유의 존부에 대한 심리 및 재판을 본안에대한 심리 및 재판과 분리하여 먼저 시행할 수 있도록 하고, 이 경우에 재심사유가 있다고 인정되는 때에는 중간판결을 한 뒤 본안에 대하여 심리·재판하도록 함으로써 심리의 효율성을 높이고 재심사유가 없음에도 본안을 심리하게 되는 사례를 방지함(안 제454조).12. 독촉절차의 관할법원을 확대하고, 인지액을 일반절차의 2분의 1에서 10분의 1로 인하하여 독촉절차를 활성화 함(안 제463조 및 부칙 제6조제9항).■ 위원회 수정사항□ 수정이유제1심판결 이유기재의 간이화 범위를 조정하고, 일정한 경우 불출석증인에 대한 감치제도를 도입하며, 근무장소에서의 보충송달을 인정하고, 지적재산권 등에 관한 소가 제기된 경우 직권 또는 당사자의 신청에 따른 결정으로 소송을 이송하며, 송달비용의 국고부담제도를 삭제하는 등 개정안의 일부 미비점을 개선·보완하려는 것임.□ 수정주요골자1. 제1심판결 이유기재의 간이화의 범위를 무변론판결, 공시송달, 의제자백에 의한 판결로 제한함(안 제208조제3항).2. 증거조사절차에서의 감치제도를 시행함에 있어 그 기간을 7일 이내로 하고, 감치가 집행된 경우 재판장은즉시 증인신문기일을 열어야 하며, 감치집행중이라도 증인의 증언이 있는 때에는 바로 감치결정을 취소하고그 증인을 석방하도록 명하여야 하는 것으로 함(안 제311조).3. 소송구조의 객관적 범위에 전부구조뿐만 아니라 일부구조도 인정됨을 명확히 함(안 제129조제1항 단서).4. 지적재산권과 국제거래에 관한 소송의 이송은 직권 또는 당사자의 신청에 따른 결정으로 이루어짐을 명확히함(안 제36조제1항).5. 소송비용액의 확정결정은 재판이 확정된 경우 뿐만 아니라 소송비용부담의 재판이 집행력을 갖게된 후에도가능하도록 함(안 제110조제1항)6. 서명날인 규정의 개정과 선서의 방식에서 기명날인 외에 서명도 가능하도록 하여 소송편의를 도모함(안 제274조제1항 및 안 제321조제3항).7. 증거로 제출된 문서가 증거로 채택되지 아니하는 경우 법원은 당사자의 의견을 들어 반환하거나 혹은 폐기할 수 있도록 함(안 제355조제4항).8. 사문서의 진정추정과 관련하여 날인외에 무인이 있는 때에도 사문서의 진정성립을 추정함(안 제358조).9. 검증의 경우에도 감정과 동일하게 일정한 법원의 처분과 경찰공무원에 대한 원조요청이 가능하도록 함(안제366조제3항).10. 지급명령에 대한 이의 등으로 소가 제기된 것으로 보는 경우 상당한 기간내에 인지를 보정하도록 명하여인지가 보정된 사건만을 관할 법원에 송부하는 것으로 함(안 제473조).11. 화해권고결정제도를 도입하면서 삭제하기로 한 수소법원조정제도는 그 제도적 취지가 화해권고결정제도와동일하지 아니하므로 존치하기로 함(안 부칙 제6조제11항).12. 법원사무관 등이 참여하지 아니한 가운데 기일진행이 가능한 경우를 조정기일과 화해기일로 한정하도록 함(안 제152조).13. 변론준비절차에서는 증인신문 외에 당사자 신문도 일정한 사유에 해당하는 경우에만 할 수 있도록 함(안제281조제3항 단서).']",법제사법위원회,[]
160214,  민법중개정법률안,2000-10-16,정부,2004-05-29,임기만료폐기,제16대 (2000~2004) 제215회,"['■ 제안이유친족편에 있어서 헌법재판소가 헌법불합치결정을 한 동성동본금혼제도를 폐지하는 등 문제점이 있는 제도를 개선하고 친양자제도를 도입하는 등 일부 제도를 보완하며, 상속편에 있어서 평균수명의 연장과 핵가족제도의 확산으로 노인문제가 심각한 사회문제로 대두됨에 따라 부양상속분제도를 도입하고, 한정승인 행사기한에 관한헌법재판소의 헌법불합치결정의 취지를 반영하는 등 일부 불합리한 규정을 정비하려는 것임.■ 주요골자1. 남녀평등과 혼인의 자유를 침해할 우려가 있는 동성동본금혼제도를 폐지하고 근친혼금지제도로 전환하되, 8촌 이내의 부계혈족 또는 모계혈족 사이에서는 혼인을 금지하는 등 근친혼제한의 범위를 합리적으로 조정함(안 제809조).2. 부성추정의 충돌을 피할 목적으로 여성에 대하여 6월의 재혼금지기간을 두고 있는 것은 여성에 대한 차별적인 규정으로 비쳐질 수 있고, 친자관계감정기법의 발달로 이러한 제한 규정을 둘 필요성이 없어졌으므로 이를 삭제함(현행 제811조 삭제).3. 지금까지 친생부인의 소는 부만이 제기할 수 있고 제소기간도 출생을 안 날부터 1년내로 제한하였으나, 이는 혈연진실주의 및 부부평등의 이념에 부합되지 아니하는 측면이 있으므로 앞으로는 부뿐만 아니라 처도제소할 수 있도록 하고, 제소기간도 친생부인사유를 안 날부터 1년내, 출생한 날부터 5년내로 연장하는 등친생부인제도를 합리적으로 개선함(안 제846조 및 제847조).4. 현행 양자제도를 그대로 유지하면서 양자의 복리를 더욱 증진시키기 위하여, 양친과 양자를 친생자관계로보아 종전의 친족관계를 종료시키고 양친과의 친족관계만을 인정하며 양친의 성과 본을 따르도록 하는 친양자제도를 신설함(안 제908조의2 내지 제908조의8 신설).5. 부모 등 친권자가 친권을 행사함에 있어서는 자의 복리를 우선적으로 고려하여야 한다는 의무규정을 신설함(안 제912조 신설).6. 지금까지 상속회복청구권은 그 침해를 안 날부터 3년, 상속개시일부터 10년을 경과하면 소멸되도록 되어 있었으나, 진정한 상속인의 보호를 위하여 앞으로는 그 침해를 안 날부터 3년, 상속권의 침해가 있은 날부터10년을 경과하면 소멸되도록 개선함(안 제999조제2항).7. 공동상속인간의 실질적 형평을 도모하고 가족관계에서의 건전한 가치관을 정립하기 위하여, 상당한 기간동안 동거하면서 피상속인을 부양한 상속인에게는 고유상속분의 5할의 범위안에서 상속분을 가산하도록 하는부양상속분제도를 신설함(안 제1008조의3 신설).8. 지금까지 상속인은 상속개시가 있음을 안 날부터 3월내에만 한정승인을 할 수 있었으나, 상속인이 피상속인의 재산상태를 쉽게 파악할 수 없는 경우가 많고 본인의 의사에 의하지 아니하고 타인의 채무를 부담하는것은 불합리하므로, 상속인이 자신에게 상속되는 채무가 그 재산을 초과하는 사실을 중대한 과실없이 알지못하고 단순승인한 경우에는 그 사실을 안 날부터 3월내에 다시 한정승인을 할 수 있도록 개선함(안 제1019조제3항 신설).']",법제사법위원회,[]
160211,  과학기술기본법안,2000-10-14,정부,2000-12-15,수정가결,제16대 (2000~2004) 제215회,"['■ 제안이유과학기술이 핵심이 되는 지식기반경제사회에 걸맞게 과학기술에 관한 이념과 발전방향을 새로이 정립하고,과학기술관련 정책을 종합적·체계적으로 추진할 수 있는 제도적 장치를 마련하는 등 과학기술발전의 기반을조성함으로써 과학기술선진국으로 진입할 수 있는 제도적 기틀을 마련하려는 것임.■ 주요골자1. 과학기술의 연구개발과 활용이 인간존엄을 바탕으로 자연환경·사회 윤리적 가치와 조화를 이루도록 하고과학기술인의 창의성을 존중하며 자연과학과 인문·사회과학간의 균형 있는 발전을 과학기술의 기본이념으로 정함(안 제2조).2. 정부는 과학기술정책을 우선적으로 고려하여 과학기술이 국가발전의 중추적인 역할을 할 수 있도록 하고,기업·대학·연구기관 등이 과학기술의 혁신과 관련된 활동을 적극 수행하기 위한 국가과학기술혁신체제를구축하도록 함(안 제5조 및 제6조).3. 과학기술부장관은 5년 마다 중앙행정기관의 과학기술관련 계획과 시책 등을 종합하여 과학기술의 발전목표,과학기술투자의 확대, 과학기술인력의 양성 등을 포함하는 과학기술에 관한 기본계획을 수립하도록 함(안제7조).4. 과학기술관련 주요정책의 조정과 예산의 효율적 운영 등을 심의하기 위하여 국가과학기술위원회를 두도록하고, 정부는 국가과학기술위원회의 심의결과를 과학기술정책에 반영하도록 함(안 제9조 및 제10조).5. 국가과학기술위원회의 간사위원은 국가연구개발사업에 대한 조사·분석과 평가를 실시하여 그 결과를 정책에 반영하도록 하고, 정부는 과학기술이 경제·사회에 미치는 영향을 파악하기 위하여 새로운 과학기술에대한 기술영향평가와 기술수준평가를 실시하도록 함(안 제12조 및 제14조).6. 정부는 과학기술에 관한 국제협력과 남북간 과학기술부문의 교류·협력을 증진하기 위한 시책을 수립·추진하도록 함(안 제18조 및 제19조).7. 정부는 과학기술인력자원의 양성과 여성 과학기술인의 활용방안을 강구하도록 하고, 과학영재를 체계적으로발굴·육성하기 위한 계획을 마련하도록 함(안 제23조 내지 제25조).8. 정부는 과학기술혁신의 기반을 마련하기 위하여 과학기술지식·정보의 관리·유통체제를 구축하고, 국가과학기술표준분류체계를 확립하며 연구개발시설·장비의 현대화 및 과학연구단지 조성 등에 관한 시책을 강구하도록 함(안 제26조 내지 제29조).9. 이 법 시행과 동시에 현행 과학기술진흥법 및 과학기술혁신을위한특별법을 폐지함(안 부칙 제2조).■ 위원회 수정사항□ 수정이유과학기술기본계획의 다음연도 시행계획 및 전년도 추진실적을 국가과학기술위원회의 심의를 받도록 함으로써기본계획의 실효성 제고와 추진실적을 점검토록 하고, 국가과학기술위원회 산하에 특별위원회를 둠으로써 과학기술진흥에 관한 특정사안을 보다 심층적으로 다룰 수 있도록 하며, 남북간 과학기술교류협력사업의 효율적 추진을 위하여 북한에 대한 조사·연구와 교류협력시책 등을 지원할 전담기관을 지정하기 위한 것임.□ 수정주요골자1. 안 제7조제5항중 ""그 해 연도별 시행계획""을 ""다음 해 시행계획""으로, ""국가과학기술위원회에 보고하여야하며,""를 ""국가과학기술위원회의 심의를 받아야 한다.""로 수정함으로써 기본계획의 실효성을 제고하고 시행계획의 수립·추진절차를 명확히 설정함.2. 안 제9조제7항중 ""운영위원회를 두며, 운영위원회에는 분야별 전문위원회를 둘 수 있다.""를 ""운영위원회와특별위원회를 두며, 운영위원회에는 분야별 전문위원회를, 특별위원회에는 실무위원회를 둘 수 있다.""로 수정함으로써 국가과학기술위원회에서 과학기술관련 특정사안을 심층적으로 다룰 수 있도록 함.3. 안 제12조제1항 후단의 규정중 조사·분석·평가에서 제외될 수 있는 국방분야 연구사업의 범위를 대통령령에서 국가안보 및 기밀관련 연구사업으로 한정하기 위하여 ""다만,""을 ""다만, 대통령령으로 정하는""으로 수정함.4. 남북간 과학기술의 교류협력에 관한 시책의 실효성있는 추진 및 이를 지원할 전담기관을 지정하고 그 사업수행에 필요한 경비의 전부 또는 일부를 출연할 수 있는 근거를 신설함(안 제19조제2항 및 제3항)5. “한국과학기술평가원”의 명칭을 “한국과학기술기획평가원”으로 변경하고 국가연구개발사업에 대한 사전조정지원 등의 업무를 공정하고 객관성있게 수행할 수 있도록 함(안 제20조)6. 과학기술기본계획이 과학기술혁신5개년계획을 대체하여 수립·추진되도록 하기 위하여 안 부칙 제3조중""2002년 12월 31일까지""를 ""제7조의 규정에 따른 과학기술기본계획이 세워질 때까지""로 수정함.']",과학기술정보통신위원회,[]
160210,  하수도법중개정법률안,2000-10-14,정부,2001-02-28,대안반영폐기,제16대 (2000~2004) 제215회,"['제안이유？？？？지방자치단체가 물부족현상에 대비한 물 수요관리정책을 적극적으로 추진하도록 하기 위하여 하수종말처리시설에서 처리된 물을 재이용하는 계획을 수립하도록 하고, 하수종말처리시설을 부적절하게 운영·관리하는 것을 방지하기 위한 벌칙 규정을 마련하는 등 현행 제도의 운영상 나타난 일부 미비점을 개선·보완하려는 것임.주요골자？？？？가. 건물 등의 부지로부터 공공하수도에 배출되는 지하수를 하수의 범위에 포함하여 관리함으로써 적정 규모의 하수도를 설치·관리할 수 있도록 함(안 제2조제1호).나. 농어촌지역에 설치하는 마을하수도의 규모를 1일 하수처리능력 50세제곱미터 이상 500세제곱미터 미만으로 정하고, 동 시설의 사업계획서에 관하여 환경부장관과 협의하도록 하던 것을 시·도지사와 협의하도록 함(안 제2조제2호의3 및 제6조의2).다. 시장·군수가 수립하여야 하는 하수도정비기본계획의 내용에 하수처리수의 재이용계획 및 하수처리오니(下水處理汚泥)의 처리계획 등을 포함하도록 함(안 제5조의2제3항).라. 지방자치단체가 하수도정비기본계획에 따른 하수종말처리시설을 설치하지 아니하는 경우에는 환경부장관이 그 설치를 명할 수 있도록 함(안 제5조의2제7항 신설).마. 하수도에 사용되는 하수도용자재는 대통령령이 정하는 기준에 적합한 것을 사용하도록 함(안 제15조제3항 신설).바. 하수종말처리시설의 불법운영을 금지하고, 이에 위반한 자에 대하여 5년 이하의 징역 또는 3천만원 이하의 벌금에 처하도록 함(안 제17조제2항 및 제41조제1항제2호 신설).사. 하수도사용료·점용료 그 밖의 부담금을 납부하지 아니한 자에 대하여는 현행의 가산금외에 중가산금을 추가하여 징수할 수 있도록 함(안 제38조제2항).']",환경노동위원회,[]
160209,  산림법중개정법률안,2000-10-13,정부,2000-12-21,대안반영폐기,제16대 (2000~2004) 제215회,"['제안이유？？？？산림에 적합한 임도를 설치하기 위하여 임도설치의 타당성평가제도(妥當性評價制度)를 도입하고, 산불의 예방 및 진화업무를 효율적으로 추진하기 위하여 산불의 예방 및 진화체계를 개선·보완하는 등 현행 제도의 운영상 나타난 일부 미비점을 개선·보완하려는 것임.주요골자？？？？가. 임도를 설치하는 때에는 미리 임도설치의 필요성, 임도노선의 적합성 등을 종합적으로 고려하여 임도설치의 타당성 여부를 평가하도록 하여 산림에 적합한 임도가 설치될 수 있도록 함(안 제10조의5 신설).나. 산림녹화사업을 효율적으로 실시하기 위하여 국유림에 대한 조림대부(造林貸付) 및 분수림설정제도(分收林設定制度)를 도입하였으나 현재 산림녹화사업이 마무리 되었으므로 국유림에 대한 조림대부 및 분수림설정제도를 폐지함(안 제75조 및 현행 제88조 삭제).다. 지방자치단체장 및 지방산림관리청장은 산불조심기간에는 산림청장이 수립·통지한 산불방지종합대책에 따라 관할지역의 소관 산림에 대한 산불방지대책을 수립·실시하도록 하는 등 산불예방체계를 개선·보완함(안 제100조 및 제101조).라. 산불은 시장·군수 또는 지방산림관리청국유림관리소장이 관할구역안에서의 소관 산림에 대한 산불진화에 관한 지휘·감독업무를 수행하도록 하되, 대형산불의 경우에는 시·도지사가 산불진화에 관한 통합적인 지휘·감독을 수행하도록 하는 등 산불진화체계를 확립함(안 제102조 신설, 안 제102조의2).']",농림해양수산위원회,[]
160208,  예산회계법중개정법률안(김홍신의원등 20인),2000-10-13,의원,2004-05-29,임기만료폐기,제16대 (2000~2004) 제215회,['■ 제안이유예산집행부처가 추가경정예산안이 국회에서 심의 . 의결되기 전에 추가경정예산안에 편성된 예산을 미리 집행함으로써 국회의 예산심의 . 확정권을 침해하는 것을 방지하기 위한 규정을 두려고 함.■ 주요골자[예산 선집행]의 관행을 바로잡기 위하여 각 중앙부서의 장은 국회의 의결로 추가경정예산이 성립하기 이전에는 추가경정예산안에 편성된 항목의 경비를 미리 사용할 수 없도록 함(안 제33조제3항).'],국회운영위원회,"['김홍신', '권오을', '김부겸', '김영춘', '김원웅', '맹형규', '박원홍', '손희정', '심재철', '안상수', '안영근', '원희룡', '윤여준', '이부영', '이성헌', '이재오', '전재희', '정병국', '정인봉', '현승일']"
160207,  염관리법중개정법률안(최영희의원등 30인),2000-10-13,의원,2001-12-20,대안반영폐기,제16대 (2000~2004) 제215회,"['■ 제안이유 및 주요골자최근 식용으로 사용·판매될 수 없는 부산물 염이 천일염에 섞여진 상태로 식품제조·가공업체에 판매됨으로써천일염의 안전관리체계와 국민의 건강보호에 심각한 문제가 제기되어, 천일염 등 식용을 목적으로 하는 염을모두 식용염으로 규정하여 식품위생법에 의한 제조·가공·수입·품질관리를 받도록 하려는 것임(안 제25조).']",산업자원위원회,"['최영희', '강현욱', '고진부', '김명섭', '김부겸', '김성순', '김영진', '김영춘', '김찬우', '김태홍', '김택기', '김홍신', '김희선', '남경필', '박시균', '배기선', '배기운', '신기남', '신영국', '심재철', '안영근', '유재건', '이근진', '이미경', '이연숙', '이인기', '장정언', '조정무', '한명숙', '허운나']"
160203,  교통체계효율화법중개정법률안,2000-10-12,정부,2000-12-20,수정가결,제16대 (2000~2004) 제215회,"['■ 제안이유국가교통체계를 보다 효율적으로 구축·운영하기 위하여 교통조사에 관한 지침을 정하도록 하고 국가교통데이터베이스를 구축·운영하도록 하며 명절 등 교통수요 급증시의 특별교통대책을 수립할 수 있는 근거를 마련하고, 국가교통기술의 체계적인 개발을 위하여 국가교통기술개발계획을 수립하도록 하는 등 현행 제도의 운영과정에서 나타난 일부 미비점을 개선·보완하려는 것임.■ 주요골자1. 건설교통부장관은 교통조사의 객관성과 통일성을 확보하기 위하여 교통조사의 방법·기준 등을 표준화하는교통조사지침을 제정하고, 이에 따라 실시한 교통조사결과를 교통데이터베이스로 구축하도록 함으로써 교통량조사결과의 공동활용을 촉진함(안 제9조의2 내지 제9조의4 신설).2. 천재지변, 명절 등으로 국가교통관리에 중대한 차질이 발생하는 경우에 효과적으로 대응하기 위하여 교통수단의 운행통제, 대체교통로의 지정 등을 내용으로 하는 특별교통대책을 수립·시행하도록 함(안 제11조의2신설).3. 지능형교통체계에 대한 민간부문의 참여를 조장하기 위하여 지능형교통체계와 관련된 업무를 수행하기 위하여 설립된 법인 또는 단체에 지능형교통체계관련업무를 위탁하거나 협약을 체결하여 지능형교통체계관련사업을 수행할 수 있도록 함(안 제18조의3 신설).4. 교통기술의 연구·개발을 촉진하고 그 성과를 효율적으로 이용할 수 있도록 국가교통기술개발계획을 수립하도록 하며, 국내에서 최초로 개발되거나 외국에서 도입하여 개량된 교통기술로서 국가교통체계에 보급·활용할 필요가 있다고 인정되는 경우에는 신교통기술로 지정할 수 있도록 함(안 제19조의2 및 제21조의3 신설)5. 교통정책위원회의 명칭을 국가교통위원회로 변경하고, 위원의 수를 20인 이내에서 25인 이내로 증원하며,위원회의 심의사항에 국가교통기술개발계획의 수립 및 변경 등을 추가함(안 제23조 및 제24조).6. 관리청 또는 사업시행자의 데이터베이스에 입력된 교통정보를 위작·변작하거나 위작·변작된 교통정보기록을 행사한 자는 2년 이하의 징역 또는 1천만원 이하의 벌금에 처하도록 함(안 제29조 신설).■ 위원회 수정사항□ 수정이유특정단체 지원에 대한 오해의 소지가 없도록 민간의 참여지원에 관한 규정을 삭제하고, 국민의 권리와 의무에 직접적으로 관련된 특별교통대책에 관한 사항을 대통령령으로 정하도록 하는 등 개정안의 일부 미비점을 개선·보완하려는 것임.□ 수정주요골자1. 개별교통조사를 완료한 날로부터 \'1월 이내\'에 결과를 제출하도록 하고 있으나 이를 \'30일 이내\'로 수정함(안 제9조의3 제4항)2. 특별교통대책이 국민의 권리와 의무에 직접적으로 관련된 사항이므로 ""건설교통부령이 정하는 사유""를 \'대통령령\'이 정하도록 수정함(안 제11조의2 제1항제3호)3. 특정단체 지원에 대한 오해의 소지가 없도록 민간의 참여에 대한 지원규정을 삭제하도록 함(안 제18조의3)']",건설교통위원회,[]
160202,  전기통신사업법중개정법률안(조웅규의원등 22인),2000-10-12,의원,2002-11-08,폐기,제16대 (2000~2004) 제215회,['■ 제안이유 및 주요골자전기통신사업자들이 수사기관 등에게 통신자료를 열람 또는 제공하는 데 있어서 자료제공의 허용범위를 현행법률보다 구체화하여 개인의 통신비밀을 보호하려는 것임.'],과학기술정보통신위원회,"['조웅규', '강신성일', '강재섭', '김덕룡', '김만제', '김영춘', '김원웅', '박원홍', '박재욱', '박주천', '신현태', '심재철', '안경률', '윤한도', '이원창', '이원형', '이인기', '이주영', '임태희', '정병국', '정의화', '현승일']"
160183,  어업협정체결에따른어업인등의지원및수산업발전특별법중개정법률안(정문화의원등 28인),2000-10-11,의원,2001-09-01,대안반영폐기,제16대 (2000~2004) 제215회,"['■ 제안이유 및 주요내용어업협정체결로 인하여 어획량이 감소함에 따라 산지의 수산물 위판장 및 공판장이 상장량 감소로 상당한 피해를 보고 있는 바, 이러한 수산물 유통산업에 대한 지원을 위하여 수산물유통산업 중 직접적인 피해를 보고 있는 사업을 어업협정체결로 인하여 영향을 받는 관련산업에 포함시키고자 하는 것임']",농림해양수산위원회,"['정문화', '권철현', '권태망', '김용학', '김진재', '김형오', '도종이', '민봉기', '박관용', '박종웅', '박종희', '박희태', '손태인', '안경률', '안영근', '엄호성', '유흥수', '윤두환', '이병석', '이상배', '이원창', '이윤성', '정의화', '정재문', '정형근', '주진우', '하순봉', '허태열']"
160182,  주택건설촉진법중개정법률안(오장섭의원등 24인),2000-10-10,의원,2003-04-30,대안반영폐기,제16대 (2000~2004) 제215회,"['■ 제안이유 및 주요골자종전에는 사업주체가 사업계획의 승인을 얻으면 준도시지역 등으로 국토이용계획의 결정을 받은 것으로 하였으나, 앞으로는 이를 삭제함으로써 준농림지역을 준도시지역으로 용도변경하여 준농림지역 등에 무분별하게 초고층아파트가 들어서는 등의 난개발을 방지하려는 것임.']",건설교통위원회,"['오장섭', '강창희', '김방림', '김택기', '김학원', '문석호', '박광태', '배기운', '서정화', '송광호', '송영진', '신현태', '안영근', '원철희', '이양희', '이인기', '이재선', '이재창', '이희규', '정우택', '정진석', '조부영', '조희욱', '함석재']"
160181,  국토이용관리법중개정법률안(오장섭의원등 24인),2000-10-10,의원,2004-05-29,임기만료폐기,제16대 (2000~2004) 제215회,"['■ 제안이유준농림지역의 용도를 세분할 수 있도록 하고, 세분된 용도지구별로 관리계획을 수립하도록 함으로써 준농림지역에서 발생하고 있는 난개발을 막고 준농림지역을 계획적이고 효율적으로 관리하려는 것임.■ 주요골자1. 준농림지역중 계획적인 관리가 필요한 지역에 대하여는 그 용도를 세분하여 용도지구를 지정할 수 있도록하고, 세분된 용도지구별로 관리계획을 수립하도록 함(안 제9조 및 제14조의2제1항제4호).2. 준농림지역의 행위제한은 세분된 용도지구의 지정목적의 범위안에서 대통령령으로 정하도록 하고, 세분된용도지구가 지정되지 아니한 경우에는 종전의 규정을 적용하도록 함(안 제15조제1항제4호 및 부칙 제2항).3. 준농림지역으로 국토이용계획이 결정된 후 5년 이내에 관리계획이 수립되지 아니하면 5년이 경과한 날부터관리계획이 수립될 때까지 행위제한에 있어서는 그 용도지역의 지정이 없는 것으로 함(안 제15조제2항).']",건설교통위원회,"['오장섭', '강창희', '김방림', '김택기', '김학원', '문석호', '박광태', '배기운', '서정화', '송광호', '송영진', '신현태', '안영근', '원철희', '이양희', '이인기', '이재선', '이재창', '이희규', '정우택', '정진석', '조부영', '조희욱', '함석재']"
160180,  영예전상훈장수여에관한특별조치법안(송석찬의원등 21인),2000-10-09,의원,2004-05-29,임기만료폐기,제16대 (2000~2004) 제215회,"['■ 제안이유6·25전쟁에 참전하여 국가를 위해 싸우던 중 전상을 입은 자들은 죽음을 무릎 쓰고 나라를 지키기 위해 싸우다 전상을 입었음에도 불구하고 전시 군사행정의 난맥과 개개인의 무공을 가리기 어려운 실정으로 인하여 무공훈장을 수여 받지 못하였음. 따라서 이들에 대하여 정신적인 보상차원에서 영예전상훈장을 수여하여 이들 전상자들이 자긍심을 갖도록 하고 그 명예를 선양함으로써 국민의 호국정신함양에 이바지하도록 하려는 것임.■ 주요골자1. 6·25전쟁중에 전상을 입은 자들에게 영예전상훈장을 수여하여 이들이 자긍심을 갖도록 하고 그 명예를 선양함으로써 국민의 호국정신함양에 이바지함을 목적으로 함(안 제1조).2. 영예전상훈장은 6·25전쟁에 참전하여 전상을 입은 자로서 각 군 및 경찰관서에서 전상의 확인을 받은 자중현재 국가 보훈연금 수령자에게 수여함(안 제3조).3. 전상자가 영예전상훈장을 받고자 하는 경우에는 이 법 시행 후 3년 이내에 신청, 수여하여야 함(안 제4조).4. 영예전상훈장은 정장(正章)과 약장(略章)으로 하고, 훈장을 받는 자에게는 훈장과 함께 훈장증서를 수여하도록 함(안 제5조 및 제6조).']",행정자치위원회,"['송석찬', '강운태', '김근태', '김부겸', '김운용', '김학원', '박종희', '송영진', '송훈석', '안상수', '오세훈', '윤경식', '이정일', '이해봉', '장성원', '장정언', '장태완', '조희욱', '최선영', '추미애', '한화갑']"
160176,  생명공학육성법중개정법률안(장영달의원등 22인 외 6인),2000-10-05,의원,2004-05-29,임기만료폐기,제16대 (2000~2004) 제215회,"['■ 제안이유최근 생명공학 기술의 획기적 발전으로 인간복제실험에 대한 우려가 고조됨에 따라 인간의 존엄성을 해치는 결과를 가져올 수 있는 인간복제실험등의 연구개발 및 연구비 지급을 금지하고 이에 위반시 처벌할 수 있는 근거를 마련하는 등 현행규정상의 일부 미비점을 개선·보완하려는 것임.■ 주요골자1. 생명공학의 연구 및 그 응용에 따르는 법적·윤리적 문제와 관련된 사항과 제15조의2제1항 단서의 규정내용을 심의하기 위하여 생명공학윤리위원회를 둠(안 제7조의2).2. 인간의 존엄성을 해치는 결과를 가져올 수 있는 연구개발 및 연구비 지급을 금지하도록 하고 이에 위반할경우 처벌하도록 함(안 제15조의2, 제19조의2 및 제19조의3).']",과학기술정보통신위원회,"['장영달', '김근태', '김성순', '김원웅', '김호일', '배기운', '서정화', '송훈석', '심규섭', '안경률', '오세훈', '이근진', '이부영', '이재창', '이창복', '임태희', '장정언', '정병국', '정인봉', '조희욱', '허태열', '황우여']"
160175,  조세특례제한법중개정법률안(원철희의원등 49인 외 4인),2000-10-05,의원,2000-12-21,대안반영폐기,제16대 (2000~2004) 제215회,"['■ 제안이유주로 농림어업인 및 서민들이 이용하는 지역단위 영세 소매금융기관인 농？수협 및 신용협동조합, 새마을금고 등의 예탁금 및 출자금에 대한 소득세 비과세기간 연장 등의 원천징수 특례를 신설하고, 농어가목돈마련저축에 대한 비과세기간도 연장하여 농림어업인과 영세서민의 실질적인 소득을 지원하는 한편, 읍면지역 소재 농？수협의 소매업 등에 대한 부가가치세 면제시한을 연장함으로써 영세 농어업인을 지원하고, 농어업용석유류에 대한 부가가치세？특별소비세 또는 교통세 면제기간 연장과 영농1자녀에 대한 농지 및 자영어민에 대한 어선？어업권 증여시 증여세 계속 면제 등을 통하여 농수산물 수입개방에 따른 가격하락과 농가부채 누증으로 어려운 농어촌경제의 활성화와 영세서민의 소득을 지원하고자 함.■ 주요내용가. 농업인의 사망, 이농, 탈농으로 계속 발생되는 유휴농지를 영농의욕과 능력 있는 형제자매 등에게 조기 이전할 수 있도록 농업진흥지역내 농지 등 또는 어선？어업권을 소유하는 자가 직계존비속, 형제자매중 자경농민 또는 자영어민에게 일정규모까지의 농지등？어선？어업권을 양도하거나 증여하는 경우 양도소득세와 증여세를 시한 없이 면제코자 함(안 제69조의2 및 제69조의3).나. 2년이상 재촌 자경농민이 18세이상의 2년이상 재촌 영농1자녀에게 농지？초지？산림지를 증여하는 경우에는 일정면적까지의 증여세를 시한 없이 면제코자 함(안 제69조의4).다. 읍면지역 소재 농？수협조합이 농어업인에게 생활물자 또는 영농어자재를 공급(소매업)하거나 활어회매장(음식점업)에 대한 부가가치세 면제기간을 4년간 연장하여 2004년 12월 31일까지 연장하고자 함(안 제106조 제1항).라. 농업용 기계와 연근해 및 내수면어업용 선박 및 내수면육상 양식어업용 시설에 사용되는 석유류에 대한 부가가치세와 특별소비세 또는 교통세 면제기간을 4년간 연장하여 2004년 12월 31일까지 연장하고자 함(안 제106조 제2항 및 제111조).마. 농？어업인 또는 상호유대를 가진 자를 조합원으로 하는 조합에 대한 2천만원 이하 예탁금의 이자 또는 1천만원 이하 출자금의 배당에 대하여 2004년말까지로 비과세기간을 연장하고, 2005년 1월 1일부터 2005년 12월 31일이전에 발생한 소득에 대한 원천징수세율은 100분의 5로 하며, 2006년 1월 1일이후에 발생한 소득에 대한 원천징수세율은 100분의 10으로 하고자 함(안 법률 제4806호 부칙 제1조, 법률 제6045호 부칙 제12조).바. 또한 저소득 농어업인의 재산형성지원 저축인 농어가목돈마련저축에 대한 비과세기간을 4년간 연장하여 2004년 12월 31일까지 연장하고자 함(안 법률 제4806호 부칙 제1조 및 제17조).※ 2004년으로 연장하는 사유는 농어촌구조개선사업의 종료시한에 맞추고자 함']",재정경제위원회,"['원철희', '강창희', '강현욱', '권기술', '김경재', '김광원', '김성조', '김원기', '김종필', '김종호', '김택기', '김학원', '민봉기', '박시균', '박용호', '박재욱', '서상섭', '송광호', '송훈석', '신영국', '안대륜', '안상수', '오장섭', '유재규', '이양희', '이완구', '이용삼', '이원성', '이인기', '이재선', '이정일', '이창복', '이한동', '이호웅', '임인배', '장성원', '장정언', '전용원', '전용학', '정우택', '정진석', '정철기', '조부영', '조정무', '조희욱', '최선영', '한승수', '함석재', '허태열']"
160174,  주민등록법중개정법률안(조웅규의원등 20인),2000-10-02,의원,2000-12-21,폐기,제16대 (2000~2004) 제215회,"['■ 제안이유최근 인터넷등 정보통신망에 주민등록번호생성프로그램이 유통됨으로써 정보통신망이용자들이 이를 이용하여허위의 주민등록번호를 만들어 신용카드부정발급·주민등록증 위조·미성년자의 성인사이트 접속등의 불법행위를 행하고 있음에 따라 이러한 행위를 근절하기 위하여 주민등록번호생성프로그램 제작금지 등 관련규정을 신설하고자 하는 것임.■ 주요골자1. 누구든지 주민등록번호생성프로그램을 만들거나 유통시켜서는 아니되며, 이를 위반한 경우에는 5년이하의징역 또는 2천만원이하의 벌금에 처하도록 함(안 제18조의6제1항 및 제20조제1항).2. 누구든지 허위의 주민등록번호를 사용할 수 없으며, 이를 위반한 사람은 3년이하의 징역 또는 1천만원이하의 벌금에 처하도록함(안 제18조의6제2항 및 제21조제2항제7호).3. 누구든지 타인의 주민등록번호를 부정사용할 수 없으며, 이를 위반한 사람은 1년이하의 징역이나 금고 또는3백만원이하의 벌금에 처하도록 함(안 제18조의6제3항 및 제21조제3항).']",행정자치위원회,"['조웅규', '고흥길', '권태망', '김덕룡', '김원웅', '민봉기', '박원홍', '박재욱', '박종희', '서상섭', '손태인', '안영근', '윤두환', '윤한도', '이원창', '이재오', '임인배', '정인봉', '황승민', '황우여']"
160173,  원자력법중개정법률안,2000-10-02,정부,2000-12-15,수정가결,제16대 (2000~2004) 제215회,"['■ 제안이유원자력의 안전조치와 관련한 국제협약의 내용을 반영하고, 가동중인 원자력발전소의 안전성 제고를 위하여주기적안전성평가제도(週期的安全性評價制度) 및 방사성동위원소등의 생산허가제도를 도입하는 등 원자력안전에 관한 규제를 강화하며, 기타 현행 제도의 운영과정에서 나타난 일부 미비점을 보완하려는 것임.■ 주요골자1. 원자력안전에 대한 정책결정시 다양한 분야의 전문가 의견을 반영하기 위하여 원자력안전위원회의 위원수를확대함(안 제5조의3).2. 원자력연구개발사업비용을 위한 부담금 요율의 상한을 법률에 직접 규정함으로써 부담금의 납부규모를 예측할 수 있도록 함(안 제9조의3제2항).3. 동일한 설계를 반복적으로 적용하여 원자력발전소를 건설하는 경우 공통적인 설계에 대하여는 사전에 표준설계의 인가를 받을 수 있도록 하여 원자력발전소 건설에 따른 절차를 간소화하고 효율성을 제고하도록 함(안 제12조의2 신설).4. 가동중인 원자력발전소에 대하여 주기적으로 종합적인 안전성을 평가하도록 함으로써 시정·보완한 사항을수시로 점검할 수 있도록 하고, 원자력발전소 및 핵연료주기시설의 해체시에도 건설허가에 있어서와 마찬가지로 품질보증에 관한 계획을 수립하도록 함으로써 안전성을 확보함(안 제23조의3·제31조제2항제6호 및 제55조제2항제6호 신설).5. 원자력발전소, 핵연료물질사용시설 및 폐기시설에 대한 안전관리를 위하여 발전용 원자로운영자로 하여금필요한 원자력 관련 면허자를 확보하도록 하는 등 안전조치와 관련한 의무를 강화함(안 제29조제4항·제58조제5호 및 제77조제4호 신설).6. 방사성동위원소 및 방사선발생장치에 대한 생산허가제도를 도입함으로써 품질보증 및 안전성을 확보함(안제65조제1항 등).7. 국제원자력기구(IAEA)와의 핵무기 비확산을 위한 안전조치추가의정서에 따라 핵주기관련 연구개발활동 및특정 원자력 관련 품목의 생산에 대한 정보제공 의무 등 국제협약의 내용을 이행하기 위한 규정을 마련함(안 제103조).■ 위원회 수정사항□ 수정이유 및 주요골자改正案 第9條의3의 原子力硏究開發事業費用 부담규모 規定을 他 法律의 立法例와 통일하기 위하여 ""킬로와트시간당(kWh) 1.2원을 곱한 금액의 범위 이내에서""를 ""킬로와트시간당 1.2원을 곱한 금액을 초과하지 아니하는 범위안에서""로 修正하고, 第11條第6項중 建築法을 引用한 조문은 建築法의 改正(\'99.2.8)으로 조항이 變更되었으므로 ""同法 第8條第2項""을 ""同法 第8條第3項""으로 하여 인용조문을 정정하도록 함.改正案 第31條第2項第6號의 ""관계시설을 解體함에 있어서의""를 ""관계시설의 解體에 관한""으로 하고, 改正案 第55條第2項第6號의 ""核燃料週期施設을 解體함에 있어서의""를 ""核燃料週期施設의 解體에 관한""으로 하는 등표현의 정확성을 위해 字句를 일부 修正함.']",과학기술정보통신위원회,[]
160172,  산업기술연구조합육성법중개정법률안,2000-10-02,정부,2000-12-15,수정가결,제16대 (2000~2004) 제215회,"['■ 제안이유행정규제기본법에 의한 규제정비계획에 따라 불필요하거나 과도한 규제를 폐지 또는 완화하고 기타 현행 제도의 운영상 나타난 일부 미비점을 보완하려는 것임.■ 주요골자1. 산업기술연구조합이 아닌 자는 연구조합이라는 명칭을 사용하지 못하도록 하고 이를 위반하는 경우 과태료를 부과하던 것을 폐지하고, 조합이 업무나 회계에 관하여 허위보고를 하는 경우 벌금을 부과하도록 하던것을 과태료로 전환하여 다른 법률의 유사한 위반행위에 대한 처벌과 형평을 도모함(현행 제4조제2항 및 제20조 삭제, 안 제19조).2. 산업기술연구조합은 핵심전략연구개발사업 등 기술개발촉진법에 의한 특정연구개발사업에 우선하여 참여할수 있도록 하던 것을 앞으로는 국방관련 연구개발사업을 제외한 국가가 추진하는 모든 연구개발사업에 우선하여 참여할 수 있도록 함(안 제14조).■ 위원회 수정사항□ 수정이유 및 주요골자改正案 第14條의 國家硏究開發事業에의 우선 참여 規定중 ""국가가 추진하는 연구개발사업에""를 國家라는 槪念이 너무 포괄적으로 解釋될 소지가 있고 國民에게 혼란을 줄 수 있으므로 ""政府가 國家硏究開發事業을 추진하는 때에는""으로 修正함.']",과학기술정보통신위원회,[]
160171,  엔지니어링기술진흥법중개정법률안,2000-10-02,정부,2000-12-15,원안가결,제16대 (2000~2004) 제215회,['■ 제안이유 및 주요골자행정규제기본법에 의한 규제정비계획에 따라 엔지니어링진흥협회의 수익사업 및 공제조합의 공제규정에 대한과학기술부장관의 승인 또는 인가제도를 폐지하고 하나의 협회 또는 공제조합의 설립만을 인정하던 것을 앞으로는 복수로 설립할 수 있도록 하는 등 현행 제도의 운영상 나타난 일부 미비점을 개선·보완하려는 것임.'],과학기술정보통신위원회,[]
160170,  한국해운조합법중개정법률안,2000-10-02,정부,2000-12-21,수정가결,제16대 (2000~2004) 제215회,"['■ 제안이유조합의 사업범위를 현실에 맞게 합리적으로 조정하고 공제사업의 재정적 독립을 통하여 조합의 건전한 발전을 유도함으로써 조합원의 복리 및 경제적 지위향상을 도모하며 기타 임원의 대의원 겸직을 금지하는 등 현행제도의 운영상 나타난 일부 미비점을 개선·보완하려는 것임.■ 주요골자1. 조합의 사업범위에 선박안전관리체제에 관한 사항을 추가하고 조합의 사업목적을 달성하기 위하여 필요한경우에는 다른 기업에 출자할 수 있도록 함(안 제6조제1항제14호 및 동조제4항 신설).2. 조합은 재해 발생시 충분한 지급능력을 확보함으로써 공제사업을 원활하게 수행할 수 있도록 결산기마다 책임준비금 및 비상위험준비금을 적립하도록 하고, 공제사업은 다른 사업과 구분하여 계리하도록 함(안 제6조의2제3항 신설 및 안 제34조).3. 조합정관으로 임원의 자격을 정할 수 있도록 하고, 임원은 대의원을 겸직할 수 없도록 함(안 제10조제8호및 제26조제2항 신설).4. 조합원은 정관이 정하는 바에 따라 출자하되 조합원 1인의 출자좌수는 총출자좌수의 100분의 10을 초과할수 없도록 함(안 제11조의2 신설).5. 조합의 임원이 직무를 수행함에 있어 고의 또는 과실(비상임 임원의 경우에는 중대한 과실)로 조합에 손해를 끼친 때에는 당해 임원은 그 손해에 대하여 연대하여 책임을 지도록 함(안 제23조의2제2항 신설).6. 조합의 회장은 특정업종에 영향을 미치는 사항에 대하여는 이사회 또는 총회에 부의하기 전에 당해 업종별협의체의 의견을 들을 수 있도록 함(안 제29조제2항 신설).■ 위원회 수정사항□ 수정이유개정안에서 한국해운조합에 출자제도가 도입됨에 따라, 출자지분의 양도, 임의적립금의 적립 및 이익금 배당 조항을 신설하고 있는 바, 동 조항의 신설로 인해 현재 비영리법인인 한국해운조합의 성격이 영리법인으로오해될 소지가 있으므로, 해운조합의 비영리법인 성격을 명확히 하기 위하여 해당 신설조항을 수정(삭제)하려는 것임.□ 수정주요골자안 제11조의3(출자지분의 양도), 제34조의2(임의적립금의 적립) 및 제34조의3(이익금의 처분)을 삭제함.']",농림해양수산위원회,[]
160169,  과학교육진흥법개정법률안,2000-10-02,정부,2001-02-28,수정가결,제16대 (2000~2004) 제215회,"['■ 제안이유21세기 지식정보화사회에 효율적으로 대처하기 위하여 과학교육진흥에 관한 국가와 지방자치단체의 임무를 확대하고, 교육연구기관 지정제도를 신설하여 과학교육에 필요한 연구·개발을 강화하는 등 과학교육진흥정책을종합적·체계적으로 추진할 수 있도록 필요한 법적·제도적 장치를 마련하려는 것임.■ 주요골자1. 과학교육의 진흥을 위하여 국가 및 지방자치단체의 임무에 원격과학교육을 위한 기반구축 등을 추가하고,국가는 과학교육진흥에 관한 예산조치등이 부족한 지방자치단체에 대하여 예산을 늘리는 등의 필요한 조치를 권고할 수 있도록 함(안 제3조).2. 과학교육진흥의 세부계획 및 집행에 관한 사항을 심의하기 위하여 교육감 소속하에 지방과학교육심의회를두도록 함(안 제5조).3. 과학교육의 내용·방법 및 평가, 과학우수학생의 발굴과 교육에 관한 연구 등 과학교육 진흥에 필요한 연구·개발 업무를 수행하도록 하기 위하여 과학교육관련 연구기관 또는 단체를 과학교육연구기관으로 지정할수 있도록 함(안 제6조).4. 국가 및 지방자치단체는 외국의 과학교육기관 및 연구기관 등과의 국제협력을 증진시킬 수 있는 계획을 수립·시행하도록 함(안 제9조).■ 위원회 수정사항□ 수정이유과학연구기관이 수행할 수 있는 연구·개발 등의 업무범위를 보다 포괄적으로 규정하고, 반복적으로 사용되는일부 용어들을 정리하려는 것임.□ 수정주요골자1. 반복적으로 사용되는 중앙과학교육심의회와 지방과학교육심의회의 용어를 정리함(안 제6조 및 제9조).2. 과학연구기관이 수행할 수 있는 업무의 범위를 포괄적으로 규정할 수 있도록 함(안 제6조제1항제7호).3. 하위법령의 준비를 위한 충분한 기간의 확보를 위해 이 법의 시행시기를 조정함(안 부칙).']",교육위원회,[]
160167,  국경일에관한법률중개정법률안(신기남의원등 33인),2000-10-02,의원,2004-05-29,임기만료폐기,제16대 (2000~2004) 제215회,['■ 제안이유1. 문자 창제는 국가 건립일과 같은 상징성을 가지고 있으며 말과 글은 민족문화의 요체로서「한글」은 우리문화를 담는 그릇이기 때문에「한글날」을 국경일로 승격시켜 민족문화를 개화시키는데 이바지 하고자 함.2. 21세기는 정보화시대이고 정보의 질과 양 그리고 속도가 국가 경쟁력을 좌우하게 되므로 정보화에 가장 편리한 한글의 중요성을 드높여 정보화 시대에 대응하고자 함.3. 한글은 현존하는 수천의 문자 가운데 창제 연월일과 창제자를 알고 있는 유일한 문자로서 우리 민족사에 가장 빛나는 문화유산을 기리는 날로 승화시킴으로써 국민의 자긍심을 드높이고자 함.■ 주요골자현재 기념일로 되어 있는「한글날」을 국경일로 승격시킴(안 제2조).'],행정자치위원회,"['신기남', '강성구', '권오을', '김경천', '김근태', '김명섭', '김성순', '김성호', '김영환', '김원웅', '김일윤', '김희선', '문석호', '배기선', '심재권', '오세훈', '유재건', '윤철상', '이미경', '이성헌', '이종걸', '임종석', '임채정', '장성민', '정동영', '정동채', '정범구', '정세균', '천정배', '최용규', '추미애', '허운나', '현경대']"
160166,  관세법개정법률안,2000-10-02,정부,2000-12-21,수정가결,제16대 (2000~2004) 제215회,"['■ 제안이유복잡하게 되어 있는 관세법의 체계를 일반국민이 알기 쉽게 정비하고, 납세자권리헌장의 제정근거를 마련하며,관세액의 경정청구기간을 연장하는 등 납세자의 권익보호를 위한 제도를 신설 또는 보완하고, 육상운송수단의국경출입절차를 보완하며 각종 허가제를 신고제로 전환하는 등 세관절차를 간소화하고 기타 현행 제도의 운영상 나타난 일부 미비점을 개선·보완하려는 것임.■ 주요골자1. 1967년 전문개정된 후 30여회의 부분개정에 의하여 생겨난 가지번호로 되어 있는 105개 조문과 그 동안 삭제된 62개 조문을 정리하는 한편, 납세자의 권리에 관한 장을 신설하는 등 법령체계를 국민이 쉽게 이해할수 있도록 정비함.2. 관세법에 의한 심사청구·심판청구에 대한 결정, 감사원법에 의한 심사청구에 대한 결정, 행정소송법에 의한 소송에 대한 판결이나 압수물품의 환부결정이 있는 경우에는 제척기간이 경과된 경우에도 결정 또는 판결이 있은 날부터 1년간 관세를 부과할 수 있도록 함(안 제21조제2항).3. 신고납부한 세액이 과다한 경우 경정청구를 할 수 있는 기간을 최초납세신고일부터 1년 이내에서 2년 이내로 연장함(안 제38조제4항).4. 세액계산을 할 능력을 갖추지 못한 영세기업을 보호하기 위하여 납세자가 과세가격이나 관세율을 정하기 곤란하여 부과고지를 요청하는 경우에는 신고납부가 아닌 부과고지에 의하여 관세를 징수할 수 있도록 함(안제39조).5. 수입물품이 계약위반 등으로 반송되는 경우 종전에는 보세구역에 반입하여야 관세를 환급받을 수 있었으나,앞으로는 세관장이 허가한 보세구역외의 장소에 반입하여도 관세를 환급받을 수 있도록 함(안 제106조).6. 관세청장은 납세자권리헌장을 제정하여 고시하도록 하고, 세관공무원이 관세포탈·부정감면 및 부정환급에관한 범칙사건을 조사하거나 관세부과처분을 위하여 납세자를 방문하여 조사하는 때에는 납세자권리헌장을납세자에게 교부하도록 함(안 제110조).7. 납세자가 납세자의 권리행사에 필요한 정보를 요구하는 경우 세관공무원은 이를 신속하게 제공하도록 함과아울러 납세자가 반드시 알아야 한다고 판단되는 정보를 납세자가 요구한 정보와 함께 제공하도록 함으로써홍보부족 등으로 인하여 납세자가 불이익을 받지 아니하도록 함(안 제117조).8. 선박 또는 항공기에 적재한 외국물품의 일시양륙과 운송수단간의 물품의 환적 등에 관한 허가제를 신고제로, 국경출입차량에 대한 물품의 하역과 외국무역선 또는 외국무역기에 의한 내국물품의 운송에 대한 승인제를 신고제로 전환함(안 제141조·제151조 및 제221조).9. 육상운송수단에 의하여 입국하는 때에는 차량용품목록·여객명부·승무원명부 등을 제출하도록 하고, 육상운송수단에 의하여 출국하는 때에는 적재물품의 목록을 제출하도록 하는 등 육상운송수단에 의한 세관절차를 보완함(안 제149조 및 제150조).10. 특허보세구역중 보세장치장제도와 보세창고제도를 보세창고제도로 통합하고, 종류별로 다르게 정하여져 있던 특허보세구역의 장치기간 및 특허기간을 일원화하는 등 보세구역제도를 개선함(안 제176조·제177조 및제183조).11. 수입통관후 보세공장에서 사용하게 될 물품은 통관전에 보세공장에 직접 반입할 수 있도록 하고, 가공무역또는 국내산업진흥에 필요한 경우에는 보세공장외에서 보세작업을 할 수 있도록 하는 등 물류의 흐름이 원활히 되도록 지원함(안 제185조제4항 및 제187조제1항).12. 전자상거래에 의한 물품의 신속통관제도를 도입하고, 장치기간이 경과된 물품을 사이버몰(Cybermall)에서매각할 수 있도록 함(안 제208조제4항 및 제254조).□ 수정이유 및 주요골자가산금과 가산세의 적용제외물품의 위임범위를 한정하도록 수정하고, 원산지증명서의 확인요청이 통관을 지체하는 빌미가 되지 않도록 보완절차를 신설하며, 특허보세구역의 승계가 사망뿐 아니라 합병·분할 등에도 적용됨을 명확히 하고 승계신고시에도 승계당시의 특허요건을 갖추도록 수정하려는 것 등임.']",재정경제위원회,[]
160165,  국제조세조정에관한법률중개정법률안,2000-10-02,정부,2000-12-21,수정가결,제16대 (2000~2004) 제215회,"['■ 제안이유1995년 12월 이 법률이 제정된 이후의 국제거래환경 및 국제과세규범의 변화를 반영하여 국제거래에 대한 과세제도를 국제적 기준에 부합하도록 개선함으로써 자본 및 상품 등의 국제거래에 대한 과세의 효율성을 제고하는한편, 현행 제도의 운영과정에서 나타난 일부 미비점을 보완하여 납세자의 편의를 도모하려는 것임.■ 주요골자1. 특수관계에 있는 자간의 국제거래에 있어서 그 과세표준 및 세액의 결정기준이 되는 정상가격의 산출방법에대한 사전승인의 신청기한을 종전에는 그 정상가격을 적용하고자 하는 일정기간의 과세연도중 최초 과세연도의 개시일전까지로 하였으나, 앞으로는 최초 과세연도의 종료일까지로 연장함으로써 납세자의 편의를 도모함(안 제6조제1항).2. 납세자가 국제거래명세서를 부득이한 사유로 법인세 신고기한내에 제출할 수 없는 경우에는 그 제출기한을6월까지 연장할 수 있도록 함으로써 제출되는 과세자료의 정확성을 제고함과 동시에 납세자의 자료작성 부담을 완화함(안 제11조제1항 단서 신설).3. 국제거래에 대한 과세에 관하여 국가간의 상호합의절차가 개시된 경우에는 상호합의절차가 종료될 때까지의기간은 이를 행정소송청구기간에 산입하지 아니하도록 함으로써 납세자의 권리구제 기회를 확대하도록 함(안 제24조제1항).4. 국제거래에 대한 과세에 관하여 국가간의 상호합의절차가 개시됨에 따라 상호합의의 대상인 소득세액 또는법인세액에 대하여 징수유예가 된 경우에는 당해 조세에 부가하여 과세되는 지방세액에 대하여도 별도의 징수유예절차를 거치지 아니하고 자동적으로 징수유예가 되도록 함(안 제24조제7항 신설).□ 수정이유 및 주요골자국제거래명세서의 제출기한을 6월의 범위안에서 연장할 수 있도록 한 것을 납세편의를 위하여 1년의 범위안으로 수정하고자 하는 것임.']",재정경제위원회,[]
160164,  국세기본법중개정법률안,2000-10-02,정부,2000-12-21,수정가결,제16대 (2000~2004) 제215회,"['■ 제안이유납세자가 과소신고한 내용 등을 보정하는 수정신고요건을 완화하고 납세자가 세액을 과다하게 신고한 경우의경정청구기간을 연장하는 등 신고납부에 오류가 있는 경우 납세자가 이를 보정할 수 있는 기회를 확대하며, 국세환급금 관련제도를 개선하여 납세자의 권익과 징세효율을 제고하는 등 현행 제도의 운영상 나타난 일부 미비점을 개선·보완하려는 것임.■ 주요골자1. 종전에는 과세표준 및 세액의 변화가 있어야만 수정신고를 할 수 있었으나, 앞으로는 과세표준 및 세액에변화가 없는 불완전한 신고의 경우에도 수정신고를 할 수 있도록 함(안 제45조제1항제3호 신설).2. 납세자가 신고한 과세표준 및 세액이 과다하거나 결손금액 및 환급세액이 과소하게 신고된 때 그 오류를 정정하기 위한 경정청구기간을 1년에서 2년으로 연장함으로써 납세자의 권익보호를 강화함(안 제45조의2제1항).3. 납세자의 동의없이도 국세환급금을 납부고지에 의하여 납부하는 국세에 충당할 수 있도록 하던 것을 앞으로는 반드시 납세자의 동의를 받도록 함으로써 납세자의 이익을 보호함(안 제51조제2항).□ 수정이유 및 주요골자심사청구를 하는 납세자도 심판청구를 하는 납세자와의 형평을 고려하여 청구인의 지위승계 등에 관한 행정심판법의 규정을 동일하게 준용하도록 하고, 동규정과 심사·심판청구결정서의 오류정정규정이 현재 진행중인 이의신청·심사청구 또는 심판청구분부터 적용됨을 명확히 하기 위하여 이를 부칙에서 규정함.']",재정경제위원회,[]
160163,  증권거래세법중개정법률안,2000-10-02,정부,2000-12-21,수정가결,제16대 (2000~2004) 제215회,"['■ 제안이유증권거래세의 과세표준을 합리적으로 조정하고, 과오납된 증권거래세의 환급절차를 간소화하는 등 증권거래세의 과세체계를 정비함으로써 납세자의 편의와 과세행정의 효율성을 제고하는 한편, 그동안 변화된 증권거래 환경에 맞추어 관련 규정을 개선·보완하려는 것임.■ 주요골자1. 종전에는 증권거래세의 납세의무자가 다수의 사업장을 가지고 있는 경우 각각의 사업장소재지별로 증권거래세를 따로 납부하도록 하던 것을, 앞으로는 일정한 경우에는 본점 또는 주사무소의 소재지에서 일괄하여 증권거래세를 납부할 수 있도록 함으로써 납세자의 편의를 도모함(안 제4조제1항제1호 단서 신설).2. 비상장주권의 양도에 대하여 증권거래세를 징수함에 있어서 종전에는 양도가액과 대통령령이 정하는 방법에의한 평가액을 비교하여 그 중 높은 가액을 과세표준으로 하였으나, 앞으로는 상장주권을 양도하는 경우와동일하게 양도가액을 과세표준으로 하되, 양도가액을 알 수 없는 경우에만 평가액을 과세표준으로 하도록하는 등 증권거래세의 과세표준을 합리적으로 조정함(안 제7조).3. 납세의무자인 증권예탁원이 과오납된 증권거래세를 주권을 양도한 자에게 환급하는 경우 종전에는 먼저 관할세무서로부터 환급받은 후 이를 다시 주권의 양도자에게 환급하는 절차를 거쳤으나, 앞으로는 증권예탁원이 관할세무서에 납부할 세액에서 환급세액을 조정하여 환급할 수 있도록 함으로써 증권거래세의 환급절차를 간소화함(안 제10조제3항 신설).□ 수정이유 및 주요골자증권거래세의 과세표준을 정할 때 시가의 산정에 관하여 대통령령으로 위임할 수 있는 근거규정을 마련함.']",재정경제위원회,[]
160162,  상속세및증여세법중개정법률안,2000-10-02,정부,2000-12-21,수정가결,제16대 (2000~2004) 제215회,"['■ 제안이유합병·분할·증자·감자 등을 통한 조세회피목적의 변칙증여에 사전적으로 대처하기 위하여 자본거래에 관한증여세 과세체계를 보강하는 한편, 성실 공익법인의 주식보유제한을 완화하는 등 공익법인의 사후관리제도를보완하고, 일정금액이상의 세액에 대하여는 분납을 허용하여 납세의 편의를 제고하는 등 현행 제도의 운영상나타난 일부 미비점을 개선·보완하려는 것임.■ 주요골자1. 합병·분할·증자·감자 등의 자본거래를 이용하여 특수관계에 있는 자가 이익을 얻은 경우로서 그 이익이이 법에서 열거하고 있는 증여의제조항에서 정하고 있는 이익과 유사한 경우에는 증여세를 과세할 수 있도록 하는 등 새로운 금융기법을 이용한 변칙증여에 사전적으로 대처할 수 있도록 자본거래에 관한 증여세 과세체계를 개선·보완함.(안 제39조·제40조 및 제42조)2. 대규모기업집단에 속하지 아니하는 성실 공익법인이 출연자와 특수관계에 있지 아니한 법인의 주식을 취득·보유하는 경우에는 그 법인의 발행주식총수의 5퍼센트이상을 취득·보유하여도 증여세를 과세하지 아니하도록 주식보유제한을 완화하여 공익사업수행을 위한 재원확보를 원활하게 할 수 있도록 함.(안 제16조제2항및 제48조제1항·제2항)3. 공익법인이 운용소득의 일정금액 이상을 공익목적사업에 사용하지 아니한 경우 그 미사용금액에 대하여 증여세를 과세하도록 하였으나 앞으로는 미사용금액에 대하여 10퍼센트의 가산세를 부과하고 그 미사용금액을다음 연도에 이월하여 공익목적에 계속 사용할 수 있도록 함.(안 제48조제2항, 안 제78조 제9항 신설)4. 상속세 또는 증여세의 납부세액이 1천만원을 초과하는 경우에는 그 납부세액의 일부를 납부기한이 경과한날부터 45일이내에 납부할 수 있는 분납제도를 도입하여 납세의 편의를 제고함.(안 제70조제2항 신설)5. 비거주자인 상속인이 상속받은 예금 등을 금융기관으로부터 인출하고자 하는 때에는 관할세무서장에게 납세관리인을 선정 ·신고하고 이에 대한 세무서장의 확인서를 교부받아 금융기관에 제출하도록 하여 비거주자에 대한 상속세 과세가 원활하게 이루어지도록 함.(안 제81조제3항 신설)□ 수정이유 및 주요골자정범구의원발의의 상속세및증여세법중개정법률안의 취지를 일부 반영하여 공익법인이 정당한 대가를 받지 아니하고 광고·홍보 등을 한 경우에 한하여 가산세를 부과하도록 수정하고, 공익법인의 동일법인 주식보유한도(5%) 초과시 상속세 또는 증여세과세의 예외를 신설함에 있어 주무부장관이 재정경제부장관과 협의하여 필요하다고 인정하는 경우를 대통령령으로 정하는 경우로 수정하며, 매각대금 등 사용제한의 대통령령 위임범위를 한정하고, 합병·증자 등이 있는 경우의 주식 및 출자지분의 평가방법을 명확히 하도록 수정하려는 것 등임.']",재정경제위원회,[]
160161,  국세와지방세의조정등에관한법률중개정법률안,2000-10-02,정부,2000-12-21,원안가결,제16대 (2000~2004) 제215회,"['■ 제안이유지방양여금의 재원으로 그 전액이 지방자치단체에 양여되던 전화세가 폐지되어 부가가치세로 통합됨에 따라 교통세의 일부를 지방양여금으로 충당할 수 있도록 하고, 교육환경개선특별회계가 2001년 1월 1일부터 폐지됨에따라 교육세 전액을 지방교육양여금관리특별회계로 전입하며, 기타 지방세법의 개정으로 지방교육세가 신설되고 농지세가 농업소득세로 전환됨에 따라 관련사항을 정비하려는 것임.■ 주요골자1. 지방양여금의 재원으로 그 전액이 지방자치단체에 양여되던 전화세가 2001년 9월 1일부터 폐지되어 부가가치세로 통합됨에 따라, 지방양여금의 부족액을 충당하기 위하여 2001년 9월 1일부터 12월 31일까지는 교통세의 2.4퍼센트를, 2002년부터는 매년 교통세의 14.2퍼센트를 지방자치단체에 양여하도록 함.(안 제5조제1 항제3호 및 부칙 제1조·제3조제1항)2. 종전에는 교육세중 교육환경개선특별회계의 세입으로 귀속되는 금액을 제외한 나머지 금액의 전부를 지방교육양여금관리특별회계로 전입하도록 하였으나, 교육환경개선특별회계가 2001년 1월 1일부터 폐지됨에 따라앞으로는 교육세 전액을 지방교육양여금관리특별회계로 전입하도록 함.(안 제5조제2항)']",재정경제위원회,[]
160160,  전화세법폐지법률안,2000-10-02,정부,2000-12-21,원안가결,제16대 (2000~2004) 제215회,"['■ 제안이유 및 주요골자전화세법은 1974년부터 시행되어 왔으나, 현재 기간통신사업자가 제공하는 전화서비스에 대하여만 전화세가 과세되고 기타 다른 통신사업자가 제공하는 통신서비스에 대하여는 부가가치세가 과세되는 등 유사한 통신서비스에 대하여 서로 다른 세법이 적용됨으로 인하여 과세형평에 맞지 아니하고, 또한 최근 복합기능을 가진 다양한형태의 통신서비스가 출현함에 따라 전화세와 부가가치세의 과세대상을 구분하는데 어려움을 겪는 등 전화세법의 운용에 많은 문제점이 있어, 전화세법에 의한 전화세를 폐지하되 이를 부가가치세에 통합함으로써 전화 및기타 통신서비스에 대한 과세체계를 일원화하고 유사 사업자간의 과세형평을 도모하려는 것임.']",재정경제위원회,[]
160159,  법인세법중개정법률안,2000-10-02,정부,2000-12-21,수정가결,제16대 (2000~2004) 제215회,"['■ 제안이유내국법인이 다른 내국법인으로부터 받는 배당금에 대한 이중과세조정제도를 도입하고 지급이자가 손금에 산입되지 아니하는 과다차입의 범위를 확대하여 기업의 재무구조개선을 유도하며, 이자소득에 대한 원천징수세율을인하하고 채권의 보유기간별 이자에 대한 원천징수제도를 폐지하여 채권시장의 활성화를 도모하고, 특별부가세의 양도차익 산정방법을 정비하는 등 현행 제도의 운영상 나타난 일부 미비점을 개선·보완하려는 것임.■ 주요골자1. 지주회사가 100퍼센트 출자한 자회사로부터 배당금을 받는 경우에는 배당금 전액을 익금에 산입하지 아니하도록 하고, 배당금의 90퍼센트를 익금에 산입하지 아니하는 경우를 자회사출자비율이 30퍼센트를 초과하는경우에서 40퍼센트를 초과하는 경우로 조정함(안 제18조의2제1항제1호).2. 지주회사가 아닌 내국법인이 다른 내국법인으로부터 받는 배당금에 대하여도 그 출자비율에 따라 배당금의일부를 익금에 산입하지 아니하도록 함(안 제18조의3 신설).3. 지금까지는 상장법인과 대규모기업집단에 소속된 법인의 차입금이 자기자본의 5배를 초과하는 경우에는 그이자를 손금에 산입하지 아니하도록 하고 있는 바, 앞으로는 협회등록법인의 경우에도 차입금이 자기자본의 5배를 초과하는 때에는 그 이자를 손금에 산입하지 아니하도록 하되, 중소기업의 경우에는 차입금의규모에 관계없이 그 이자 전액을 손금에 산입할 수 있도록 하는 한편, 2002년부터는 상장법인 등의 차입금이 자기자본의 4배를 초과하는 때에는 그 이자를 손금에 산입하지 아니하도록 함(안 제28조제2항 및 부칙제1조 단서).4. 2001년 7월 1일부터 내국법인이 지급받는 이자소득에 대한 원천징수세율을 100분의 20에서 100분의 15로 인하하는 한편, 채권이자소득에 대한 법인세를 채권거래시마다 그 보유기간에 따라 원천징수하던 것을 실제로이자를 지급할 때에 원천징수하도록 함(안 제73조 및 부칙 제1조 단서).5. 외국법인이 내국법인의 주식 또는 출자증권을 양도하는 경우 그 양도차익을 계산함에 있어서 종전에는 양도가액에서 취득가액만을 차감하도록 하였으나, 앞으로는 취득가액 및 양도비용을 차감하도록 함으로써 내국법인과의 형평을 도모함(안 제92조제2항제2호 및 제98조제1항제4호).6. 내국법인이 양도한 토지·건물 등의 양도차익을 계산함에 있어서 양도가액과 취득가액이 불분명한 경우 종전에는 기준시가를 기준으로 양도차익을 계산하도록 하였으나, 앞으로는 매매사례가액·감정가액 등에 의하여 양도차익을 계산하도록 함(안 제99조제3항 및 제4항).□ 수정이유 및 주요골자외국법인에게 지급하는 채권이자에 대한 원천징수방법 등을 신설하고, 인용조문을 법에 명시하는 등 일부 자구수정을 하려는 것임.']",재정경제위원회,[]
160158,  소득세법중개정법률안,2000-10-02,정부,2000-12-21,수정가결,제16대 (2000~2004) 제215회,"['■ 제안이유중산·서민층의 세부담을 경감하기 위하여 국민연금 등 각종 연금의 불입액과 장애인을 위한 보장성보험료에대한 소득공제제도를 신설하고, 현재 비과세되고 있는 연금소득은 이를 점진적으로 과세대상으로 전환하여 과세기반을 확충하는 한편, 양도소득세의 세액계산을 보다 쉽게 할 수 있도록 하기 위하여 양도소득세 기본공제제도를 개선하는 등 현행 제도의 운영상 나타난 일부 미비점을 개선·보완하려는 것임.■ 주요골자1. 현재 금융기관 등이 국세청장의 승인을 얻은 경우에는 이자소득 및 배당소득에 대한 원천징수세액을 본점에서 일괄하여 납부할 수 있도록 하고 있는데, 앞으로는 근로소득 및 퇴직소득의 경우에도 그 원천징수세액을본점에서 일괄하여 납부할 수 있도록 함으로써 납세자의 편의를 도모함(안 제7조제1항제4호).2. 새로이 종합소득세의 과세대상에 포함되는 국민연금 등 각종 연금소득에 대하여는 2002년 1월 1일 이후에불입하는 연금기여금 등을 기초로 하여 지급되는 연금소득분에 대하여만 과세하도록 하고, 연금소득에 대하여는 연간 250만원 내지 600만원의 소득공제를 하도록 함(안 제20조의3 및 제47조의2 신설).3. 채권의 거래시마다 보유기간분에 해당하는 이자소득세를 채권매수법인이 원천징수하도록 하던 것을, 실제채권이자를 지급하는 자가 이자를 지급할 때 이자소득세를 원천징수하도록 하여 납세절차를 간소화함(안 제46조).4. 현재 500만원 이내의 근로소득에 대하여는 소득 전액을 공제하고, 500만원 초과 4천500만원 이하의 소득에대하여는 소득액의 40퍼센트 내지 10퍼센트에 해당하는 금액을 공제 하고 있으나, 앞으로는 4천500만원을초과하는 근로소득에 대하여도 5퍼센트에 해당하는 금액을 소득공제하도록 함(안 제47조).5. 명예퇴직수당 등에 대하여 현재는 지급액의 75퍼센트에 해당하는 금액을 공제하고 있으나, 앞으로는 일반퇴직소득과 동일하게 공제율을 50퍼센트로 하향 조정하되, 2003년부터는 50퍼센트에서 25퍼센트로 축소하고2005년에는 이를 완전히 폐지함으로써 퇴직금을 연금형태로 수령하는 자와의 과세형평을 도모함(안 제48조·제59조의2 및 부칙 제17조).6. 현재는 국민연금·공무원연금 등 각종 공적연금의 불입액 에 대한 소득금액에서의 공제를 인정하지 아니하고 있으나, 앞으로는 이를 인정하되, 2001년에는 불입액의 50퍼센트에 해당하는 금액을 공제하고 2002년부터는 전액을 공제하도록 함 (안 제51조의3 신설 및 부칙 제9조).7. 의료비에 대한 소득공제한도를 현행 연 200만원에서 300만원으로 인상하고, 장애인을 위한 보장성보험의 보험료를 연 100만원의 한도내에서 소득금액에서 공제하도록 함(안 제52조).8. 종전에는 양도소득과세표준 계산시 개인별로 부동산 및 유가증권의 양도소득을 모두 합쳐서 연 250만원을공제하던 것을, 앞으로는 부동산 등의 자산과 유가증권 등의 자산으로 나누어 각 자산별로 각각 250만원을공제하도록 함(안 제103조).9. 부동산양도신고대상자가 부동산양도신고를 하지 아니하였더라도 양도소득의 예정신고기한내 신고납부시에는10퍼센트의 세액공제를 적용받을 수 있도록 함(안 제108조제1항).10. 현재 비거주자에게 국내원천소득을 지급하는 경우에만 지급조서를 제출하도록 하고 있는 바, 앞으로는 국내원천소득인지 여부에 관계없이 비거주자에게 지급하는 모든 소득에 대하여 지급조서를 제출하도록 함(안제164조의2 신설).□ 수정이유 및 주요골자정세균의원 대표발의 소득세법중개정법률안의 내용을 반영하여 서화·골동품에 대한 과세를 3년간 유예하고,강숙자의원 대표발의의 소득세법중개정법률안의 취지를 일부 반영하여 부동산 양도신고시 거래대금이 대통령령이 정하는 금액이하인 경우에는 양도신고를 하지 않아도 되도록 수정하며, 국외자산의 양도소득기본공제를 연간 250만원에서 자산별로 각각 250만원으로 수정하고, 명예퇴직수당에 대한 소득공제를 75%에서 50%로 축소하는 것을 1년 연기하도록 수정하며, 대통령령에의 위임범위를 구체적이고 명확히 하기 위하여 위임범위를 한정하도록 하고, 일부자구 수정을 하려는 것임.']",재정경제위원회,[]
160157,  조세특례제한법중개정법률안,2000-10-02,정부,2000-12-21,대안반영폐기,제16대 (2000~2004) 제215회,"['제안이유？？？？경제여건의 변화로 조세지원의 목적이 달성되었거나 조세지원의 실효성이 낮은 분야에 대한 지원제도, 특정분야에 대한 지원으로 조세불형평을 초래하는 제도 등을 정비하거나 축소함으로써 국가재정의 균형을 조기에 이룩할 수 있도록 하는 동시에 조세부담의 형평성도 높이는 한편,연구 및 인력개발과 전자상거래 등 정보화투자에 대한 조세지원을 강화하여 지식기반경제 및 디지털경제로의 전환을 지원하고, 중소기업 및 벤처기업에 대한 조세지원을 확대하며, 중산층의 재산형성 및 주거안정 등에 대한 조세지원을 확대함으로써 국가의 경쟁력을 강화하고 중산층 및 서민층의 생활안정을 도모하려는 것임.주요골자？？？？가. 중소기업이 전자상거래설비 등을 취득하기 위하여 투자준비금을 적립하는 경우에는 전자상거래설비 등을 포함한 사업용자산가액의 20퍼센트 한도내에서 손금산입하도록 하고, 업종이나 규모에 관계없이 모든 기업이 동설비에 투자하는 경우에는 그 투자금액의 3퍼센트(중소기업의 경우에는 5퍼센트)를 소득세 또는 법인세에서 공제하도록 함(안 제4조 및 제24조제1항).나. 종전에는 제조업·부가통신업 등을 영위하는 중소기업에 대하여는 2003년 12월 31일 이전에 종료하는 과세연도까지 소득세 또는 법인세의 20퍼센트를 감면하도록 하였으나, 앞으로는 기장능력이 부족한 영세소기업에 한하여 소득세 또는 법인세의 10퍼센트를 감면하도록 함(안 제7조제1항).다. 종전에는 한국증권업협회(코스닥)에 등록된 중소기업에 한하여 사업손실준비금의 손금산입을 인정하였으나, 앞으로는 한국증권거래소에 상장된 중소기업도 사업손실준비금을 손금에 산입할 수 있도록 하되, 사업손실준비금의 손금산입한도를 당해 연도 소득금액의 50퍼센트에서 30퍼센트로 축소함(안 제8조의2).라. 연구개발준비금을 적립하는 경우 손금산입 및 세액공제 혜택을 받을 수 있는 업종을 제조업 등 일부 업종에서 소비성 서비스업 및 부동산업을 제외한 전업종으로 확대하고, 기업 등이 연구개발한 기술을 한국기술거래소 등을 통하여 양도·대여 또는 제공함으로써 발생하는 소득에 대하여는 소득세 또는 법인세의 50퍼센트를 감면하도록 하는 등 연구개발활동에 대한 세제지원을 확대함(안 제9조·제10조 및 제12조).마. 조세지원목적이 이미 달성된 중고설비투자에 대한 세액공제, 과잉생산설비폐기에 대한 세액공제, 대규모점포사업자의 판매시점정보관리시스템설비투자에 대한 세액공제 등의 조세지원 적용시한이 금년말로 종료됨에 따라 동지원제도를 폐지함(현행 제27조·제27조의2 및 제126조 삭제).바. 수도권안의 공장 또는 본사의 지방이전에 대한 법인세·양도소득세 등의 감면요건을 완화하고, 세금감면이 적용되는 개발촉진지구중에서 폐광지역진흥지구의 경우에는 제조업 등 중소기업 업종외에 관광숙박업 및 축산업도 세제지원을 받을 수 있도록 하여 지역간 균형발전 및 낙후지역의 경제활성화를 지원함(안 제63조의2 및 제64조).사. 금년말로 적용시한이 만료되는 근로자우대저축에 대한 비과세제도를 2002년 12월 31일까지 2년간 연장하는 한편, 우리사주조합의 조합원이 소속법인의 주식을 2년 이상 장기보유하는 경우 그 배당소득에 대하여는 소득세를 부과하지 아니하도록 함으로써 중산층 및 서민층의 재산형성을 지원함(안 제88조, 제88조의2 신설).아. 거주자가 농업협동조합·산림조합·신용협동조합·새마을금고 등에 1천만원 이하로 출자하여 당해 조합 등으로부터 배당을 받는 경우에는 소득세를 부과하지 아니하도록 함(안 제88조의3 신설).자. 2000년 9월 1일부터 2001년 12월 31일까지의 기간중 1년 이상 보유한 주택을 양도하고 주택건설업자로부터 신축주택을 취득하는 경우에는 기존주택의 양도차익에 대한 양도소득세를 10퍼센트로 낮게 부과하여 건설경기 활성화를 지원함(안 제99조의2 신설).차. 금년말로 적용시한이 만료되는 농·어업용 및 연안여객선박용 석유류에 대한 조세지원제도를 2003년 12월 31일까지 3년간 연장하되, 석유류에 대한 특별소비세 및 교통세가 인상되어 면세이익이 대폭 커짐에 따라 면세유가 용도외로 사용되는 등 그 부작용이 확대되지 아니하도록 부가가치세·특별소비세 및 교통세의 감면율을 100퍼센트에서 75퍼센트로 축소함(안 제106조제1항제7호·제8호 삭제, 제106조의2 신설 및 제111조제3호·제4호 삭제).']",재정경제위원회,[]
160156,  교육세법중개정법률안,2000-10-02,정부,2000-12-21,수정가결,제16대 (2000~2004) 제215회,"['■ 제안이유 및 주요골자열악한 교육여건을 선진화하는 등 공교육(公敎育)의 내실화를 위한 교육재정을 확충하기 위하여 교통세액에 부과되는 교육세 등 일부 교육세의 과세기간을 2000년말까지에서 2005년말까지로 5년간 연장하고, 2005년말까지한시적으로 석유가스중 부탄 및 중유등에 부과되는 특별소비세액에 대하여도 교육세를 부과하도록 하며, 등록세·재산세 등 지방세에 부과되는 교육세를 지방교육세로 전환하려는 것임.□ 수정이유 및 주요골자교통세법이 2003년 12월 31일까지만 효력을 가지므로 교통세액에 부과되는 교육세의 적용시한도 2005년 12월31일까지에서 2003년 12월 31일까지로 수정함.']",재정경제위원회,[]
160155,  품질경영촉진법개정법률안,2000-10-02,정부,2000-12-08,원안가결,제16대 (2000~2004) 제215회,"['■ 제안이유기업·공공기관 등이 고객이 만족할 수 있는 품질목표를 설정하고 이를 달성할 수 있는 체제를 갖추었는지 여부에 대하여 인증을 하는 품질경영체제 인증제도를 종전에는 정부주도로 하였으나 앞으로는 국제기준에 맞게민간이 자율적으로 운영하도록 하고, 소비자의 생명·신체상의 위해, 재산상의 손해 또는 자연환경훼손의 우려가 있는 공산품중 안전검사기준에 적합하지 아니한 것으로서 위해방지의 필요가 있는 경우에는 언론매체를 통하여 위해사실을 공표하고 당해 공산품을 교환·환불하도록 하는 등 공산품의 안전검사제도를 보다 강화하여소비자의 안전을 도모하려는 것임.■ 주요골자1. 이 법은 기업의 품질경영에 관한 사항외에 공산품의 안전관리에 관한 사항을 규정하고 있으므로 제명을 ""품질경영촉진및공산품안전관리법""으로 개정함(안 제명).2. 기업등의 품질경영 개선 및 이를 위한 환경 조성을 위하여 품질경영관련 단체를 품질경영중앙추진본부 및품질경영지원기관으로 지정하고 동 기관으로 하여금 품질경영에 관한 각종 사업을 효율적으로 추진하도록함(안 제4조 및 제5조).3. 종전에는 산업자원부장관이 지정하는 인증기관이 기업 등의 품질보증체제의 인증을 하도록 하였으나, 앞으로는 산업자원부장관이 지정하는 인정기관으로부터 인정을 받은 인증기관이 하도록 함(안 제7조).4. 소비자가 성분·성능 또는 규격을 식별하기 곤란한 공산품에 대하여는 산업자원부장관이 품질표시기준을 정하여 당해 공산품을 제조 또는 판매하는 자에게 품질표시를 할 것을 권고할 수 있도록 함(안 제8조).5. 안전검사대상 공산품이 안전검사기준에 적합하지 아니하는 경우로서 그 위해의 방지를 위하여 필요한 경우에는 산업자원부장관이 당해 공산품의 제조업자나 판매업자 등에 대하여 언론매체를 통하여 위해사실을 공표하고 당해 공산품의 교환·환불·수리 등을 명할 수 있도록 함으로써 소비자에 대한 보호를 강화함(안 제15조).']",산업자원위원회,[]
160154,  토양환경보전법중개정법률안,2000-10-02,정부,2001-02-28,대안반영폐기,제16대 (2000~2004) 제215회,"['제안이유？？？？공장부지, 폐광지역 등 토양오염이 심각하게 우려되는 지역을 적극적으로 조사·정화하기 위하여 오염원인자로 하여금 토양오염지역을 조사하게 하고, 토지거래시 부지의 토양환경평가를 자율적으로 실시할 수 있도록 하는 등 현행 제도의 운영상 나타난 일부 미비점을 개선·보완하려는 것임.주요골자？？？？가. 시·도지사는 측정망(測定網)을 설치하여 동일 지점의 토양오염도를 상시측정하도록 하던 것을 토양오염 우려지역을 선정하여 오염실태를 조사하도록 함(안 제5조제2항).나. 토양오염유발시설이 설치된 부지를 양도·양수하는 경우에는 부지의 토양오염을 사전에 조사하여 토양오염에 대한 법적 책임관계를 명확히 하기 위하여 양도인 또는 양수인 등이 토양환경평가를 자율적으로 실시할 수 있도록 함(안 제10조의2 신설).다. 토양오염유발시설의 신고 및 토양오염유발시설의 설치자에 대한 개선명령 등의 업무를 시·도지사에서 시장·군수·구청장으로 이양함(안 제11조·제12조 및 제26조의2제1항).라. 시·도지사는 일정 기준 이상으로 토양이 오염되었다고 인정되는 지역에 대하여 그 오염을 발생시킨 자로 하여금 토양정밀조사를 받게 할 수 있도록 함(안 제15조제1항 신설).마. 토양오염에 대한 확실한 피해배상 및 정화를 위하여 토양오염유발시설을 인수한 자도 토양오염에 대한 책임을 지도록 함(안 제23조제3항 신설).바. 토양관련전문기관에 의한 토양오염검사 및 토양정밀조사의 부당행위를 방지하기 위하여 토양관련전문기관에 대한 업무정지 및 지정취소의 근거규정을 마련함(안 제23조의4 신설).']",환경노동위원회,[]
160153,  기금관리기본법중개정법률안(이훈평의원등 3인 외 25인),2000-10-02,의원,2001-12-21,대안반영폐기,제16대 (2000~2004) 제215회,"['■ 제안이유 및 주요내용기금관리기본법 제9조는 기금관리주체가 공공기금결산에 대하여 국회상임위원회에 보고하고, 그 운용에 있어 국회의견을 반영하도록 노력하여야 한다고만 되어 있어, 공공기금운용의 문제점을 시정하는데 한계가 있으므로 공공기금결산도 국회 소관상임위원회의 예비심사와 예산결산특별위원회의 의결을 얻도록 하려는 것임(안 제9조제6항).']",국회운영위원회,"['이훈평', '고진부', '김경재', '김영배', '김옥두', '김원길', '김충조', '김희선', '박상규', '박용호', '박주선', '송석찬', '송영길', '신기남', '윤철상', '이인제', '장태완', '전갑길', '정동채', '정세균', '조재환', '천정배', '최선영', '추미애', '함승희']"
160152,  교통세법중개정법률안,2000-09-30,정부,2000-12-21,원안가결,제16대 (2000~2004) 제215회,"['■ 제안이유 및 주요골자에너지 소비절약과 환경오염 축소를 위하여 경유에 부과되는 교통세율을 2001년부터 2003년까지 단계적으로 상향조정하고, 휘발유의 유통과정에서의 증발 등으로 인한 자연감소분을 감안하여 과세표준을 조정할 수 있도록하는 한편, 과세표준을 신고기한내에 신고하지 아니하거나 미달하게 신고한 경우 가산세를 부과할 수 있도록하는 등 현행 제도의 운영상 나타난 일부 미비점을 개선·보완하려는 것임.']",재정경제위원회,[]
160151,  특별소비세법중개정법률안,2000-09-30,정부,2000-12-21,수정가결,제16대 (2000~2004) 제215회,"['■ 제안이유 및 주요골자에너지 소비절약과 환경오염 축소를 위하여 경유·등유 및 석유가스중 부탄에 부과되는 특별소비세율을 2001년부터 2006년까지 6년간에 걸쳐 단계적으로 상향조정하고, 중유 및 석유제품외의 물품을 제조하는 과정에서 부산물로 생산되는 유류에 대하여도 특별소비세를 부과하되, 그 세율은 경유 등의 경우와 마찬가지로 단계적으로상향조정하려는 것임.□ 수정이유 및 주요골자교통세법이 2003년 12월 31일까지만 유효함에 따라 경유에 대한 교통세분 교육세는 2004년 1월 1일부터 특별소비세에 포함되도록 부칙 제4항의 표를 수정함.']",재정경제위원회,[]
160143,  국정감사및조사에관한법률중개정법률안(송석찬의원등 24인),2000-09-26,의원,2002-02-28,대안반영폐기,제16대 (2000~2004) 제215회,"['■ 제안이유 및 주요골자국회의정활동에 정보통신기술을 활용함으로써 국회에 제출하는 각종자료에 대한 행정부의 부담을 경감시키고,의원의 의정활동을 효과적으로 지원하기 위하여 국정감사및조사에관한법률상 서류의 의미에 디스켓·디스크 등전자문서를 포함시키며, 위원회가 서류제출을 요구할 때에는 정보통신망을 통하여 제출할 것을 요구할 수 있도록 하려는 것임(안 제4조제4항 및 제10조제4항).']",국회운영위원회,"['송석찬', '강현욱', '김경천', '김근태', '김덕규', '김명섭', '김민석', '김부겸', '김성순', '김영환', '김운용', '김택기', '문희상', '박병석', '박용호', '배기운', '송훈석', '신기남', '이강래', '이근진', '이창복', '장정언', '정장선', '한명숙']"
160142,  국회법중개정법률안(송석찬의원등 25인),2000-09-26,의원,2002-02-28,대안반영폐기,제16대 (2000~2004) 제215회,"['■ 제안이유 및 주요골자국회의정활동에 정보통신기술을 활용함으로써 국회에 제출하는 각종자료에 대한 행정부의 부담을 경감시키고,의원의 의정활동을 효과적으로 지원하기 위하여 국회법상 서류의 의미에 디스켓·디스크 등 전자문서를 포함시키며, 위원회가 서류제출을 요구할 때에는 정보통신망을 통하여 제출할 것을 요구할 수 있도록 하려는 것임(안제57조제6항·제7항 및 제128조제5항).']",국회운영위원회,"['송석찬', '강현욱', '김경천', '김근태', '김덕규', '김명섭', '김민석', '김부겸', '김성순', '김영환', '김운용', '김택기', '문희상', '박병석', '박용호', '배기운', '송훈석', '신기남', '이강래', '이근진', '이창복', '장정언', '전용학', '정장선', '한명숙']"
160141,  선박직원법중개정법률안,2000-09-25,정부,2000-12-21,수정가결,제16대 (2000~2004) 제215회,"['■ 제안이유국제해사기구에서 1995년 7월 개정한 선원의 훈련·자격증명 및 당직근무의 기준에 관한 국제협약의 내용을 국내법에 수용함으로써 국제항행과 관련한 국제적 추세에 부응하고 선박직원의 해기능력(海技能力)을 향상시키며 그밖에 현행 규정의 운영상 나타난 일부 미비점을 개선·보완하려는 것임.■ 주요골자1. 해기사면허발급을 위한 승무경력에 육상에서 근무한 경력일부를 포함하도록 하던 것을 국제협약의 내용에따라 선박에 승선하여 근무한 경력만을 인정하도록 함(안 제2조제6호 신설).2. 외국으로부터 해기사면허를 받은 자가 국내에서 해기사면허를 받고자 하는 경우 면허요건일부를 면제할 수있도록 하고, 외국에서 받은 면허가 취소·철회 또는 정지되는 경우에는 그에 근거하여 발급한 국내면허도취소 또는 정지할 수 있도록 함(안 제5조제1항 단서 및 안 제9조제1항제2호 신설).3. 해양수산부장관은 면허의 발급·갱신 등 면허에 관한 자료를 유지·관리하고 국제협약당사국 및 선박소유자등이 이용할 수 있도록 필요한 조치를 하도록 함(안 제5조의2 신설).4. 국제항해에 승무하는 동안 해기사면허의 유효기간이 만료되는 경우 6월의 범위안에서 이를 연장할 수 있도록 하던 것을 국제협약의 내용에 따라 폐지함(안 제8조제2항 단서 및 제3항 삭제).■ 위원회 수정사항□ 수정이유""승무경력"" 개념의 도입으로 현행법에서 인정되고 있는 해양관련분야 육상근무경력이 승무경력 산정에서 제외됨에 따라 기존의 해기사시험 합격자에 대해서는 기득권보호차원에서 종전의 규정에 따른 경력인정을 받을수 있도록 경과조치규정을 두고, 국제항해에 취항하는 선박에 승무하는 자의 해기사면허 유효기간 자동연장제가 폐지됨에 따라 선의의 피해자가 발생치 않도록 이 조항의 시행시기를 연기하고자 하는 것임.□ 수정주요골자1. 제8조제2항 단서 및 제3항의 개정규정은 공포후 1년이 경과한 날부터 시행하도록 함(수정안 부칙 제1항단서 신설).2. 이미 海技士試驗에 합격한 자가 免許를 받고자 하는 경우는 종전의 규정에 의하도록 함(수정안 부칙 제2항신설).']",농림해양수산위원회,[]
160140,  정보통신망이용촉진등에관한법률중개정법률안(조웅규의원등 20인),2000-09-23,의원,2000-12-15,대안반영폐기,제16대 (2000~2004) 제215회,['■ 제안이유 및 주요내용합병？영업양수？상속 등으로 권리의무의 주체가 변동되는 경우 정보통신서비스이용자가 정보통신서비스제공자에게 정보이용에 대한 동의？철회？열람 등의 요구를 할 수 있도록 하기 위하여 정보통신서비스제공자의 이용자에 대한 고지의무규정을 신설하려는 것임.'],과학기술정보통신위원회,"['조웅규', '강신성일', '강재섭', '고흥길', '김덕룡', '김영춘', '박원홍', '박재욱', '신현태', '안경률', '안영근', '윤두환', '윤한도', '이연숙', '이원형', '이주영', '임진출', '임태희', '정병국', '현승일']"
160139,  축산법중개정법률안(장정언의원등 25인),2000-09-23,의원,2000-12-21,대안반영폐기,제16대 (2000~2004) 제215회,['■ 제안이유쇠고기 시장의 전면개방과 대형화？표준화되어 가는 유통여건 변화에 능동적으로 대응하고 한우사육기반의 안정을 위해 송아지생산안정사업 추진을 의무화하는 등 한우산업의 건전한 발전을 도모하는 것을 목적으로 함.■ 주요내용가. 종전 농림부장관이 육용송아지생산안정사업 시행여부를 결정할 수 있도록 하던 규정을 의무적으로 시행토록 함으로써 육용송아지 생산안정사업에 대한 농가의 신뢰를 높이고자 함(안 제26조제1항).나. 사업재원 확보방법에 대한 법적 근거를 명확히 함(안 제39조제7호).'],농림해양수산위원회,"['장정언', '김경재', '김경천', '김근태', '김덕규', '김덕배', '김영배', '김영진', '김홍일', '문석호', '박용호', '박인상', '배기운', '유재건', '윤철상', '이낙연', '장성원', '전갑길', '정동채', '정범구', '정철기', '조재환', '최선영', '함석재', '허운나']"
160138,  폐기물의국가간이동및그처리에관한법률중개정법률안,2000-09-23,정부,2000-12-15,원안가결,제16대 (2000~2004) 제215회,"['■ 제안이유유해폐기물의국가간이동및그처리의통제에관한바젤협약(1994. 5. 29, 조약 제1221호)에 의한 폐기물 품목의조정으로 종래 수출입물량이 많았던 폐고무 등이 수출입 허가대상에서 제외되어 폐기물수출입에 있어서 산업정책적 측면을 고려할 필요성이 적어짐에 따라 지금까지 산업자원부장관이 담당하던 폐기물수출입 허가업무를 환경부장관으로 이관하고 기타 동 협약의 이행에 필요한 사항을 보완하려는 것임.■ 주요골자1. 폐기물의 수출입에 있어서 원자재의 수급 등 산업정책적 측면보다 환경에 대한 유해성 여부가 우선적으로고려될 수 있도록 지금까지 산업자원부장관이 담당하던 폐기물수출입 허가업무를 환경부장관이 담당하도록함(안 제6조 등).2. 수입폐기물의 처리를 완료한 자에 대하여 당해 폐기물의 처리결과 등을 기재한 서류를 수출국의 주무관청과수출한 자에게 통보하고 그 사본을 환경부장관에게 제출하도록 하며, 이를 위반한 자에 대하여는 100만원이하의 과태료에 처하도록 함(안 제14조 및 제32조제1항).3. 종전에는 대통령령이 정하는 폐기물과 국가에 대하여는 수출·수입할 수 없도록 하던 것을 사람의 건강과환경에 위해를 줄 우려가 있는 폐기물은 수출·수입할 수 없도록 하고 폐기물의 적정한 처리능력이 없는 국가에 대하여는 폐기물을 수출할 수 없도록 함(안 제19조제2항 및 제3항).']",환경노동위원회,[]
160137,  인삼산업법중개정법률안,2000-09-23,정부,2000-12-22,수정가결,제16대 (2000~2004) 제215회,"['■ 제안이유 및 주요골자인삼류제조업자(人蔘類製造業者)가 인삼류를 제조하고 남은 부산물을 원료로 하여 인삼분말류(人蔘粉末類)등과 같은 인삼제품을 제조·가공하는 경우에는 식품위생법에 의한 허가 등을 따로 받지 아니하도록 하여 국민의 불편을 완화하고,""고려인삼"" 등 인삼류에 대한 지리적표시(地理的表示)는 이 법에 의한 지리적표시의 등록을 한 후 사용할 수있도록 하던 것을 앞으로는 농수산물품질관리법에 의한 지리적표시의 등록을 한 후에 사용하도록 하여 농수산물의 지리적표시제도를 일원화함.■ 위원회 수정사항□ 수정이유人蔘類와 人蔘製品類를 함께 製造·加工하고자 하는 人蔘類製造業者의 편의를 도모하고자 濃縮人蔘類 등 일부 人蔘製品類의 製造를 이 法에 의하여 申告할 수 있도록 하고 있으나, 申告主體에서 제외되고 있는 인삼제조업과 함께 인삼제품류의 제조를 신고하고자 하는 자를 포함시키는 등 일부 法체계상의 문제점을 보완하려는 것임.□ 수정주요골자1. 人蔘製品類 申告主體와 관련하여 「人蔘類製造業과 함께 人蔘製品類를 製造·加工하고자 하는 者」도 이 법에 의한 신고대상으로 포함시키고자 해당규정을 정비함(안 제12조제1항)2. 人蔘類製造業을 승계받고자 하는 者가 人蔘製品類 製造를 포함한 營業權을 承繼받을 경우, 人蔘製品類의 製造 承繼를 함께 이 법에 의하여 申告할 수 있도록 함(안 제14조제2항)3. 「人蔘製品類」와 관련한 위법행위 등에 대해서는 식품위생법에 따라 조치될 수 있도록 하는 입법취지에 맞게 이 법에 의한 營業閉鎖 등의 조치대상을 「人蔘類」 製造와 관련된 위법행위 등으로 한정함(안 제16조제1항)4. 중국산 미삼·잡삼 등의 수입증가로 국내산과 혼합판매 등의 우려가 제기되고 있어 그 동안 검사대상에서제외시켜오던 국내산 미삼·잡삼 등을 검사대상에 포함시켜 차별화하여야 할 필요가 있는 바, 이를 위한 공청회 등 충분한 의견수렴 과정을 거치기 위하여 이 법 시행일을 2001년 3월 1일에서 2001년 7월 1일로 연기함(안 부칙 제1조)']",농림해양수산위원회,[]
160136,  축산법중개정법률안,2000-09-23,정부,2000-12-21,대안반영폐기,제16대 (2000~2004) 제215회,"['提案理由？？？？畜産物等級判定業務의 공정성을 확보하기 위하여 農業協同組合中央會소속의 等級判定所를 獨立法人化하고, 畜産發展基金의 효율적인 運用·管理를 위하여 同基金을 農林部長官이 관리하는 公共基金으로 전환하는 등 현행 제도의 운영상 나타난 일부 미비점을 개선·보완하려는 것임.主要骨子？？？？가. 肉用송아지의 안정적인 供給을 위한 肉用송아지生産安定事業을 실효성있게 추진하기 위하여 事業施行主體를 農業協同組合中央會에서 農林部長官으로 변경함(안 제26조).나. 畜産物等級判定業務의 공정성을 확보하기 위하여 畜産物等級判定所를 農業協同組合中央會로부터 분리하여 별도의 法人으로 설립함(안 제29조).다. 畜産發展基金의 효율적인 운용·관리를 위하여 同基金의 管理主體를 農業協同組合中央會에서 農林部長官으로 변경함(안 제40조).']",농림해양수산위원회,[]
160135,  국제회의산업육성에관한법률중개정법률안,2000-09-23,정부,2001-02-28,원안가결,제16대 (2000~2004) 제215회,"['■ 제안이유 및 주요골자관광기본법이 개정(2000. 1. 12, 법률 제6129호)되어 관광진흥에 관한 정부정책을 심의하기 위한 목적으로 설치된 관광정책심의위원회가 폐지됨에 따라, 문화관광부장관이 국제회의산업의 육성을 위한 기본계획을 수립 또는 변경하거나 국제회의 도시를 지정 또는 지정취소 하는 경우에 동 위원회의 심의를 거치도록 한 관련규정을정비하려는 것임.']",문화관광위원회,[]
160134,  오지개발촉진법중개정법률안,2000-09-23,정부,2000-12-15,원안가결,제16대 (2000~2004) 제215회,"['■ 제안이유 및 주요골자중앙행정권한의지방이양촉진등에관한법률(中央行政權限의地方移讓促進등에관한法律)에 의하여 오지개발지구의 지정을 위한 기초조사실시권이 지방이양대상사무로 확정됨에 따라 종전에 행정자치부장관이 가지고 있던 동권한을 관계시·도지사에게 이양하여 지방자치단체의 자율성을 제고하고, 정부의 위원회정비계획에 따라 정비대상으로 결정된 오지개발심의위원회를 폐지하며, 기타 현행 제도의 운영상 나타난 일부 미비점을 개선·보완하려는 것임.']",행정자치위원회,[]
160133,  상훈법중개정법률안,2000-09-23,정부,2000-12-15,원안가결,제16대 (2000~2004) 제215회,"['■ 제안이유새천년 과학기술의 시대적 중요성에 대한 정부의 의지를 표명하고, 과학기술자들의 사기앙양을 통하여 우리나라 과학기술의 진흥을 촉진시키고자 과학기술훈장 및 과학기술포장을 신설하려는 것임.■ 주요골자1. 과학기술훈장은 과학기술발전에 기여한 공적이 뚜렷한 자에게 수여하며, 과학기술포장은 과학기술의 연구개발활동 등을 통하여 과학기술발전에 기여한 공적이 뚜렷한 자 및 과학기술의 연구개발활동 등을 통하여국위를 선양한 자에게 수여하도록 함(안 제17조의5 및 제26조의5 신설).2. 과학기술의 특성을 훈장에 반영하기 위하여 과학기술훈장 및 포장의 제식과 규격은 대통령령으로 따로 정할수 있도록 함(안 제27조제8항 신설).']",행정자치위원회,[]
160122,  재외동포의출입국과법적지위에관한법률중개정법률안(강재섭의원등 13인 외 12인),2000-09-20,의원,2000-12-08,수정가결,제16대 (2000~2004) 제215회,"['■ 제안이유 및 주요골자현행 국가유공자등예우및지원에관한법률상의 국가유공자등이 국적을 상실할 경우, 동법상의 보상금을 받지 못하게 됨. 그런데 재외동포의출입국과법적지위에관한법률의 제정으로 이법의 시행일인 1999년 12월 3일 이후에국적을 상실한 국가유공자 등에게는 국가유공자등예우및지원에관한법률상의 보상금 수급혜택이 주어짐. 그러나1999년 12월 3일 이전에 국적을 상실한 자는 여전히 보상금을 받지 못하게 되는 형평상의 문제가 발생하여, 그혜택을 동법률 시행일 이전에 국적을 상실한 자에게까지 확대하려는 것임.□ 수정이유 및 주요골자在外同胞의出入國과法的地位에관한法律中改正法律案의 시행으로 기존에 보상금을 받고 있는 자가 보상금수급권을 상실하지 아니한다는 사실을 명확히 하기 위하여 부칙 제2조를 ""보상금을 받고 있는 자에 대하여 이 법 시행에도 불구하고 보상금을 계속 지급한다""에서 ""보상금을 받고 있는 자는 제16조의 개정규정에 불구하고 보상을 받을 권리가 있는자로 본다""로 수정함.']",법제사법위원회,"['강재섭', '강신성일', '고흥길', '권오을', '김방림', '김부겸', '김원웅', '배기운', '이상배', '이원형', '이인기', '이해봉', '조웅규']"
160121,  형의실효등에관한법률중개정법률안(김홍신의원등 21인),2000-09-19,의원,2004-05-29,임기만료폐기,제16대 (2000~2004) 제215회,"['■ 제안이유민주화운동관련자명예회복및보상등에관한법률은 민주화운동과 관련하여 희생된 자와 그 유족에 대한 명예회복및 보상에 관해 규정하고 있으나 전과기록 말소에 관해서는 아무런 규정이 없어 실질적인 명예회복이 이루어지지 않고 있음.한편 형의실효등에관한법률은 제7조 및 제8조에 형의 실효요건과 형이 실효된 자의 전과기록의 정리에 관해 규정하고 있으며, 동법 시행령 부칙에는 경과조치로 광주민주화운동과 관련되어 작성된 수형인 명부와 수사자료의 정리에 관해 특별규정을 두고 있으나 그 외의 민주화운동 희생자에 관한 전과기록정리에 관해서는 언급을하지 않고 있음. 따라서 형의실효등에관한법률 제7조 및 제8조의 규정에 불구하고 광주민주화운동을 포함한 모든 민주화운동관련 희생자의 전과기록을 말소하여 명예를 회복시켜주기 위하여 형의실효등에관한법률에 전과기록정리에 관한 특별규정을 마련하고자 함.■ 주요골자수형인명부 및 수사자료표의 관리청은 민주화운동 관련자의 전과기록을 말소하기 위하여 광주민주화운동관련자보상등에관한법률 제1조의 규정에 의한 관련자 및 민주화운동관련자명예회복및보상등에관한법률 제2조 제2호에의한 관련자의 수형인명부와 수사자료표의 해당란을 삭제하고 수형인명표를 폐기하여야 함(안 제8조의 2).']",법제사법위원회,"['김홍신', '권오을', '김근태', '김문수', '김부겸', '김성호', '김영춘', '김영환', '김찬우', '김태홍', '서상섭', '설훈', '심재철', '안영근', '원희룡', '이미경', '이부영', '이성헌', '이재오', '이호웅', '장영달']"
160119,  미용사법안(조성준의원등 29인),2000-09-07,의원,2004-05-29,임기만료폐기,제16대 (2000~2004) 제215회,"['■ 제안이유과거의 이·미용사법(1961년 제정)과 공중위생법(1986년 제정), 그리고 현재의 공중위생관리법(1999년 제정)은모든 미용업무 영역을 공중위생의 면에서만 파악하고 이에 따른 규제만을 목적으로 하고 있었음.그러나 미용은 개인의 개성과 미를 표현하는 창작예술적 측면을 가지고있을 뿐만 아니라, 패션산업의 기초인동시에 최종적인 지위를 점하고 있음. 따라서 미용의 특수성을 인정하여 미용이 관련산업의 기초로서 고유하고도 독자적인 발전을 도모할 수 있게 하는 동시에 미용과 관련된 공중위생의 확보를 도모하고자 함.■ 주요골자1. 미용사의 업무에 모발관리, 얼굴관리, 손발관리 뿐만 아니라, 피부관리를 포함시킴(안 제3조).2. 일정한 학력이상의 자 또는 일정한 시험에 합격한 자에 대해서만 미용사 면허를 부여하고 따로 소정의 교육을 받은 자만이 피부미용전문업을 할 수 있게 함(안 제4조).3. 미용실 영업에 관해서는 신고제를 함(안 제8조).4. 시장·군수·구청장은 미용감시원을 두고 미용감시원으로 하여금 미용실개설자의 법령준수를 감시하도록 함(안 제15조).5. 미용실 개설자가 법령을 위반하는 경우에는 시장·군수·구청장은 미용실 개설자에 대하여 면허취소·정지,영업정지, 개선명령 및 미용실의 폐쇄조치 등을 할 수 있도록 함(안 제16조 내지 19조).6. 전국적인 미용사회를 설립하고, 이에 대하여 미용감시업무와 보수교육업무 등을 위탁할 수 있게 함(안 제22조 내지 26조).7. 무면허업자, 업무정지 기간중의 업무수행자, 영업정지 기간중의 업무수행자 등에 대하여는 1년이하의 징역또는 500만원 이하의 벌금에 처함(안 제27조).8. 신고 의무를 해태한 미용사에 대하여는 300만원이하의 과태료에 처함(안 제28조).']",보건복지위원회,"['조성준', '강재섭', '김경천', '김기춘', '김성호', '김영구', '김영배', '김용갑', '김태호', '김호일', '박관용', '박종근', '박희태', '백승홍', '송석찬', '원철희', '유재건', '유흥수', '윤두환', '이강두', '이원형', '이해봉', '전갑길', '전용원', '전용학', '정문화', '정의화', '조한천', '황우여']"
160118,  일제하강제동원에의한징용자생활안정지원법안(김원웅의원등 25인 외 2인),2000-09-07,의원,2004-05-29,임기만료폐기,제16대 (2000~2004) 제215회,"['■ 제안이유태평양전쟁 당시 일제에 의하여 우리 청장년들이 군인·군속 또는 노무자 등으로 강제징용되어 격전장에 투입되기도 하고 혹은 혹사당하기도 하였으나 이에 대한 적절한 보상을 받지 못하였음.반면에 정부에서는 1993년 6월 「일제하일본군위안부에대한생활안정지원법」을 제정하여 일군 위안부생활을 강요당했던 이들에게 일시보상금 4,300만원과 지원금 월50만원 및 기타 지원금을 지급하고 있음.따라서 똑같은 피해자인 강제징용자들이 국가로부터 지원을 받고 있지 못하고 있다는 것은 형평성의 원칙에 어긋나는 것이므로 이들에 대하여도 인도주의에 따라 지원할 필요가 있어 이 법을 제정하고자 함.■ 주요골자1. 이 법은 일제에 의하여 강제동원되어 군인·군속 또는 노무자 등으로 생활을 강요당한 자에 대하여 국가가인도주의정신에 입각하여 이들을 보호하고 지원함을 목적으로 함(안 제1조).2. 이 법은 강제징용자 중 생존자로서 보건복지부장관에게 등록을 신청하고 일제하강제동원에의한징용자생활지원심의위원회의 심의를 거쳐 결정된 자를 적용대상자로 함(안 제2조 및 제3조).3. 이 법의 적용대상자로 결정·등록된 자에게는 국민기초생활보장법에 의한 생계급여와 의료보호법에 의한 의료보호를 하는 외에 생활안정지원금을 지급하도록 함(안 제4조).4. 국가·지방자치단체 등은 이 법의 적용대상자 중 무주택자에게 주택건설촉진법에 의하여 임대주택을 우선임대하도록 함(안 제5조).5. 이 법의 적용대상자의 보호와 지원에 관하여 필요한 사항 등을 심의하기 위하여 보건복지부에 일제하강제동원에의한징용자생활안정지원심의위원회를 둠(안 제6조).6. 생활안정지원금의 지급에 소요되는 비용은 국가가 부담하도록 함(안 제10조).']",보건복지위원회,"['김원웅', '김근태', '김덕룡', '김영진', '김홍신', '문석호', '박병석', '송석찬', '송영길', '신계륜', '심재권', '오세훈', '이부영', '이연숙', '이인제', '이창복', '이호웅', '임종석', '장영달', '정세균', '정의화', '정인봉', '정장선', '조웅규', '조정무']"
160117,  호적법중개정법률안,2000-09-07,정부,2000-12-08,수정가결,제16대 (2000~2004) 제215회,"['■ 제안이유개인의 프라이버시를 보호하기 위하여 戶籍謄·抄本의 발급 및 戶籍簿의 閱覽을 제한하고, 裁判에 의하여 戶籍申告를 하여야 할 경우에 있어서 그 申告期間의 起算點을 명백히 하는 등 現行制度의 미비점을 개선·보완하는한편, 電算情報處理組織에 의하여 戶籍事務를 처리하기 위하여 그에 관한 근거를 마련하려는 것임.■ 주요골자1. 戶籍謄·抄本의 발급 및 戶籍簿의 열람을 하고자 할 때 일정한 경우에는 그 사유를 밝히도록 하고, 戶籍官署의 長은 戶籍에 등재된 자에 대한 私生活의 秘密侵害 등 부당한 목적임이 분명한 때에는 이를 거부할 수있도록 함(안 제12조제1항).2. 裁判에 의하여 戶籍申告를 하여야 할 경우 判決確定日 또는 裁判의 謄本을 받은 날부터 1月 이내에 신고를하도록 하여 申告期間의 起算點을 명백히 함(안 제111조·제113조제1항·제116조·제119조 및 제122조).3. 電算情報處理組織에 의한 戶籍事務處理에 관한 근거를 정함(안 제5장의2 신설).가. 監督法院의 長이 지정·고시하는 市·邑·面의 長은 大法院規則이 정하는 바에 따라 戶籍事務를 電算情報處理組織에 의하여 처리할 수 있도록 함(안 제124조의2 신설).나. 電算情報處理組織에 의한 戶籍 등의 작성 방법을 정함(안 제124조의3 신설).다. 戶籍事務를 電算情報處理組織에 의하여 처리하는 경우 戶籍(除籍)謄本·抄本의 교부와 戶籍簿 열람의방법을 정함(안 제124조의4 신설).라. 戶籍事務의 電算處理支援 및 戶籍電算情報의 효율적인 활용을 위하여 法院行政處에 戶籍電算情報中央管理所를 두도록 함(안 제124조의5 신설).마. 戶籍電算情報資料를 이용할 수 있는 根據規定 및 절차를 정함(안 제124조의6 신설).□ 수정이유 및 주요골자""새로 호적을 편제한 때 등에는""을 ""새로 호적을 편제한 경우 등 대법원규칙이 정하는 사유가 있는 경우에는""으로 하여 표현을 정확히 하고, 호적의 열람·교부 및 증명의 청구에 제한을 받지 아니하는 자에 대하여 대법원규칙으로 백지위임하고 있는 것을 호주 및 그 가족등 대법원규칙으로 정하는 자로 하여 그 위임의 범위를 정하고, 미성년자의 성년시 후견인의 후견종료신고의무를 면제하면서 이미 과태료를 납부한 자에 대하여는 종전의 규정에 의한 효력을 받지 아니하도록 함.']",법제사법위원회,[]
160116,  사방사업법중개정법률안,2000-09-06,정부,2001-06-28,수정가결,제16대 (2000~2004) 제215회,"['■ 제안이유砂防事業에 관한 山林廳長의 일부 권한을 市·道知事에게 이양하고, 山林組合 또는 山林組合中央會외에 砂防事業을 목적으로 설립된 法人에게도 國家砂防事業을 위탁할 수 있도록 하여 砂防事業에 관한 進入規制를 완화하며, 기타 현행 제도의 운영상 나타난 일부 미비점을 개선·보완하려는 것임.■ 주요골자1. 中央行政機關과 地方自治團體間의 합리적인 事務配分을 위하여 公有林 및 私有林에 대한 砂防事業의 시행·관리에 관한 山林廳長의 권한을 市·道知事의 권한으로 이양하는 등 일부 砂防事業에 관한 업무의 권한자를조정함(안 제9조 내지 제11조 등).2. 砂防地안에서 市·道知事 또는 地方山林管理廳長의 伐採許可 등을 받은 때에는 山林法에 의한 伐採許可 등을 따로 받지 아니하도록 하여 국민의 불편을 완화함(안 제14조).3. 市·道知事 또는 地方山林管理廳長이 시행하는 國家砂防事業을 위탁받을 수 있는 자를 종전에는 山林組合또는 山林組合中央會로 한정하던 것을 砂防事業을 목적으로 설립된 民間法人에게도 위탁할 수 있도록 하여砂防事業에 관한 進入規制를 완화함(안 제26조).■ 위원회 수정사항□ 수정이유 및 주요골자개정안에서 국가 또는 지방자치단체가 시행하는 사방사업에 대하여 사방사업을 목적으로 설립된 법인에게 국가사방사업을 대행하거나 위탁할 수 있도록 하는 것은 현행 사방사업 집행체계에 혼란을 초래할 우려가 있으므로, 이를 현행법 조문대로 존치하여 국가 또는 지방자치단체가 시행하는 사방사업은 산림조합 및 그 중앙회에위탁하려는 것임.다만, 안 제5조제2항에서 사방사업의 시행자중“山林廳長”을 제외하고 있으므로 이와 체계를 맞추어 제26조의사방사업의 위탁주체에도 “山林廳長”을 제외토록 함(안 제26조).']",농림해양수산위원회,[]
160115,  한국보훈복지공단법중개정법률안,2000-09-06,정부,2000-12-15,대안반영폐기,제16대 (2000~2004) 제215회,"['提案理由？？？？韓國報勳福祉公團의 主된 기능인 國家有功者 등에 대한 醫療事業 기능을 강화하기 위하여 韓國報勳福祉公團의 명칭을 이에 맞게 변경하고, 지금까지 서울特別市 소재 報勳病院長이 地方 報勳病院을 관장하였으나 앞으로는 公團이 모든 報勳病院을 직접 관장하는 독립된 地域別 報勳病院 體制로 개편하는 등 현행 제도 운영상의 일부 미비점을 개선·보완하려는 것임.主要骨子？？？？가. 韓國報勳福祉公團의 主된 기능인 國家有功者 등에 대한 醫療事業의 역량을 강화하기 위하여 公團의 명칭을 韓國報勳福祉醫療公團으로 변경하고, 이에 따라 法의 제명을 변경함(안 제명 및 제1조).나. 公團은 國家有功者 등에 대한 加療·保護 등의 사업을 수행하기 위하여 特別市와 公團의 정관이 정하는 지역에 報勳病院을 두도록 함(안 제7조).다. 자율·책임 경영체제를 확립하기 위하여 公團에 4人 이내의 常任理事를 두되, 常任理事는 公團의 정관이 정하는 바에 의하여 업무를 分掌하도록 함(안 제8조제1항 및 제9조제3항).라. 公團의 理事長은 종전에는 國家報勳處次長이 이를 겸직하였으나 앞으로는 國家報勳處長의 제청으로 大統領이 임명하도록 하고, 公團의 社長制를 폐지하여 公團의 理事長이 公團을 대표하고 업무를 총괄하도록 함으로써 公團의 자율·책임경영이 이루어지도록 함(안 제8조제2항 및 제9조제2항).마. 公團의 任員으로 하여금 담당업무를 보다 책임있게 수행하도록 하기 위하여 직무상의 의무를 위반하는 등의 사유가 있는 때에는 解任할 수 있도록 함(안 제10조의2 신설).']",정무위원회,[]
160114,  한국과학재단법중개정법률안,2000-09-06,정부,2000-12-15,원안가결,제16대 (2000~2004) 제215회,"['■ 제안이유韓國科學財團의 사업범위를 조정하여 科學技術硏究能力을 배양하고 知識情報化 사회에 적극 대응할 수 있도록 하는 한편 財團의 운영체계를 理事長 중심으로 개편하는 등 현행 제도의 운영상 나타난 일부 미비점을 개선보완하려는 것임.■ 주요골자1. 韓國科學財團의 사업범위에 硏究奬勵金 지원사업, 硏究人力活用 지원사업 및 科學技術情報化 지원사업을 추가함(안 제5조).2. 産業界 등 관련 분야의 전문가가 理事會에 참여함으로써 産·學協力硏究 지원사업을 강화할 수 있도록 理事의 數를 11人 이내에서 15人 이내로 증원함(안 제7조).3. 종전에는 理事長과 事務總長을 두고 事務總長이 韓國科學財團을 대표하도록 하던 것을 事務總長 制度를 폐지하고 理事長이 財團을 대표하도록 함으로써 소관 사업을 책임 있게 수행할 수 있도록 함(안 제9조 및 제10조).']",과학기술정보통신위원회,[]
160113,  회계관계직원등의책임에관한법률개정법률안,2000-09-06,정부,2001-03-08,수정가결,제16대 (2000~2004) 제215회,"['■ 제안이유회계관계직원이 국가·지방자치단체 등에 손해를 끼친 때에는 변상책임을 지는 바, 그 변상금액을 정함에 있어서 정상참작을 할 수 있도록 하고, 위법한 회계관계행위를 지시한 상급자의 책임을 강화하는 등 현행 제도의운영상 나타난 일부 미비점을 개선·보완하려는 것임.■ 주요골자1. 종전에는 현금 또는 물품을 출납·보관하는 자는 그가 보관하는 현금 또는 물품이 망실되거나 훼손된 경우선량한 관리자로서의 주의를 게을리하지 아니하였음을 입증하지 못하면 변상책임을 지게 되는 바, 이는 일반 회계관계직원의 경우 고의 또는 중과실에 대한 입증책임을 지지 아니하는 것과 형평이 맞지 아니하므로현금 또는 물품을 출납·보관하는 자의 입증책임을 면제함(안 제4조제2항).2. 회계관계직원의 과실로 인하여 손해가 발생한 경우 당해 과실이 손해발생에 미친 정도, 회계관계직원이 평소 회계질서의 확립에 기여한 정도, 손해의 발생 및 확대를 방지하지 못한 데 대한 국가 등의 책임의 정도등을 감안하여 변상금액을 감면할 수 있도록 함으로써 변상책임에 있어서의 형평을 도모함(안 제5조).3. 중앙관서의 장 등이 감사원의 판정이 있기 전에 회계관계직원에 대하여 변상명령을 한 경우 이 변상명령에대하여 이의가 있는 때에는 감사원에 판정을 청구할 수 있도록 함(안 제6조제3항).4. 상급자의 위법한 지시에 대하여 회계관계직원이 소속기관의 장에게 그 이유를 명시하여 당해 지시를 거부하였음에도 불구하고 상급자가 다시 지시를 한 경우 상급자는 회계관계직원과의 연대책임이 아닌 단독책임을지도록 함으로써 상급자의 책임을 강화함(안 제8조제2항 및 제3항).5. 회계관계직원의 책임과 제3자의 책임이 경합하는 경우 회계관계직원이 변상책임을 이행한 때에는 국가·지방자치단체 기타 감사원의 감사를 받는 단체 등이 제3자에 대하여 가지는 권리를 그 회계관계직원이 대위하여 행사할 수 있도록 함으로써 회계관계직원의 법적 지위를 명백히 함(안 제9조).■ 위원회 수정사항□ 수정이유 및 주요골자1. 감사원이 회계관계직원의 변상책임에 대한 변상금액을 정함에 있어서 그 근거법을 명시함(안 제5조)2. 감사원의 판정전 중앙관서의 장 등으로부터 변상명령을 받은 회계관계직원이 감사원에 이의 신청을 할 때판정청구서에 대한 법적근거를 명확히 함(안 제6조제3항).']",재정경제위원회,[]
160112,  보건의료기술진흥법중개정법률안,2000-09-05,정부,2001-04-26,대안반영폐기,제16대 (2000~2004) 제215회,"['提案理由 및 主要骨子？？？？？？？？？？行政規制基本法에 의한 規制整備計劃에 따라 韓國保健産業振興院 등 연구개발사업관리기관이 보건의료기술 관계기관에 대하여 정보의 제공을 요청하는 경우 이에 협조하도록 하는 규정을 삭제하고,保健福祉部長官과 협약을 맺어 보건의료기술 연구개발사업의 연구과제를 수행하는 法人인 硏究機關의 범위를 非營利 法人으로서 연구업무를 주된 목적사업으로 하는 專門硏究機關으로 한정하는 등 현행 규정의 운영상 나타난 일부 미비점을 개선·보완하려는 것임.']",보건복지위원회,[]
160111,  한국수자원공사법중개정법률안,2000-09-05,정부,2000-12-15,수정가결,제16대 (2000~2004) 제215회,"['■ 제안이유多目的댐 및 廣域上水道施設의 확충으로 2001년에는 한국수자원공사의 納入資本金이 현재의 法定資本金 5兆원을 상회할 것으로 예상되어 이를 증액하고, 환경변화에 대응하여 한국수자원공사의 기능을 조정하는 등 현행 제도의 운영과정에서 나타난 일부 미비점을 개선·보완하려는 것임.■ 주요골자1. 산업의 발전 및 국민생활수준의 향상으로 인한 用水需要의 증대에 따라 多目的댐 및 水道施設의 확충을위하여 국가 또는 지방자치단체가 지속적으로 한국수자원공사에 出資할 것으로 예상되므로 한국수자원공사의 法定資本金을 5兆원 에서 10兆원으로 증액함(안 제4조제1항).2. 한국수자원공사의 사업범위에 水資源의 개발·이용 및 관리를 위한 기초조사 및 정보관리, 技術開發 및 技術診斷機能을 추가하는 등 한국수자원공사의 기능을 補强하여 업무의 효율적 추진을 도모함(안 제9조제1항).3. 건설교통부장관 등이 한국수자원공사가 시행하는 건설사업 의 實施計劃을 승인하면서 관계기관과 협의하여 일괄처리할 필요가 있는 관련 認·許可 擬制範圍에 地下水法에 의한 地下水의 개발·이용의 許可 및 申告 등 8개 法律의 인·허가를 추가함(안 제18조).4. 한국수자원공사가 시행하는 多目的댐 등의 건설사업과 관 련된 지방자치단체장의 土地收用法上 代執行權限을 한국수자원공사가 위탁받아 직접 행사할 수 있도록 함으로써 多目的댐 등의 건설사업의 원활한 추진을도모함(안 제24조제4항).■ 위원회 수정사항□ 수정이유국가가 한국수자원공사에 현물출자하는 경우 국유재산의현물출자에관한법률이 직접 적용되므로 지방자치단체나 한국산업은행이 출자하는 경우에만 동법 제4조를 준용하도록 하는 등 개정안의 일부 미비점을 개선·보완하려는 것임□ 수정주요골자1. 지방자치단체 또는 한국산업은행이 출자하는 경우에만 국유재산의현물출자에관한법률 제4조를 준용하도록함(안 제4조제6항)2. 다목적댐의 부대시설을 현물로 출자하는 경우 그 출자가액을 대통령령으로 정하도록 함(안 제4조제8항 신설)3. 한국수자원공사가 하수종말처리시설을 건설 및 운영·관리할 수 있는 경우를 국가 또는 공사가 전액투자하거나 지방자치단체의 장으로부터 위탁받은 경우로 명확히 함(안 제9조제1항제4호)4. 지방자치단체의 장이 토지수용법상 대집행권한을 한국수자원공사에 위탁하는 경우 위탁방법 등을 대통령령으로 정하도록 함(안 제24조제6항 신설)5. 이 법의 시행일을 공포후 3월이 경과한 날부터로 함(안 부칙)']",건설교통위원회,[]
160108,  정보통신망이용촉진등에관한법률중개정법률안(조웅규의원등 20인),2000-08-29,의원,2000-12-15,대안반영폐기,제16대 (2000~2004) 제214회,"['■ 제안이유정보화시대에 개인정보의 남용이 우려됨에 따라 개인정보보호의 의무가 있는 정보통신서비스제공자의 범위를 확대하고 정보통신서비스제공자가 정보통신서비스의 제공을 무기로 삼아 이용자가 그 수집에 동의하지 아니하는 사상ㆍ신조등 이용자의 권리와 이익을 현저하게 침해할 우려가 있다고 판단하는 개인정보까지도 수집하는 것을 방지하고자 하는 것임.■ 주요내용가. ""정보통신서비스제공자""를 전기통신사업법 제2조제1항제1호의 규정에 의한 전기통신사업자와 전기통신사업자의 정보통신망을 이용하여 정보를 제공하거나 정보의 제공을 매개하는 자로 함(안 제2조제3항).나. 정보통신서비스제공자는 이용자가 사상ㆍ신조등 이용자의 권리와 이익을 현저하게 침해할 우려가 있다고 판단하여 그 수집에 동의하지 아니하는 개인정보를 제공하지 아니한다는 이유로 정보통신서비스의 제공을 거부하여서는 아니되도록 함(안 제16조제5항).']",과학기술정보통신위원회,"['조웅규', '강재섭', '김덕룡', '김만제', '김효석', '박원홍', '박재욱', '신현태', '심재권', '안경률', '안영근', '윤두환', '윤한도', '이연숙', '이원형', '이주영', '임진출', '임태희', '장정언', '허태열']"
160107,  비상대비자원관리법중개정법률안,2000-08-28,정부,2000-12-15,원안가결,제16대 (2000~2004) 제214회,"['■ 제안이유최근 國家基幹産業體 등 주요 업체에 대한 外國人의 투자가 확대됨에 따라 이들 업체들을 國家非常時에 대비한 管理對象資源으로 관리하는데 어려움이 있어 對象資源의 범위를 조정하고, 각종 義務違反者에 대한 罰則을강화하려는 것임.■ 주요골자1. 종전에는 國家非常時에 대비한 物的管理對象資源의 범위에 外國人의 財産 및 投資企業은 제외하였으나 앞으로는 이를 폐지하여 管理對象資源의 범위를 확대함(현행 제2조제3항 삭제).2. 非常對備業務 從事者의 秘密嚴守義務 위반시의 刑罰중 罰金額을 200萬원 이하에서 300萬원 이하로 조정하는등 경제여건의 변동에 따라 각종 義務違反者에 대한 罰金額을 인상함(안 제29조, 안 제30조 내지 제32조 신설).']",정무위원회,[]
160106,  국민연금법중개정법률안(최영희의원등 20인 외 5인),2000-08-28,의원,2000-12-08,대안반영폐기,제16대 (2000~2004) 제214회,"['■ 제안이유 및 주요내용수급권자에게 여러 종류의 연금수급권이 발생한 경우에 병급(중복)하여 지급할 수 없도록 한 규정을 유족연금급여에 대하여는 일정액을 가산하여 지급받을 수 있도록 하여 맞벌이 부부의 증가 등 여성의 경제활동 증가와 지역의 주부가입자가 늘어나는 추세를 반영, 여성의 연금수급권을 보호하고, 노령연금 분할수급권자가 재혼시에도 분할연금을 계속하여 받을 수 있도록 하는 등 수급권자의 연금수급권을 충실하게 보호하고자 하는 것임.']",보건복지위원회,"['최영희', '고진부', '김근태', '김성순', '김성호', '김영진', '김옥두', '김윤식', '김태홍', '김희선', '송석찬', '송훈석', '심재권', '이근진', '이미경', '이재정', '이협', '장영신', '조재환', '한명숙']"
160105,  농어촌전화촉진법중개정법률안,2000-08-28,정부,2000-12-08,원안가결,제16대 (2000~2004) 제214회,"['■ 제안이유 및 주요골자地方自治團體가 운영하는 島嶼地域의 自家發電施設중 電氣事業者가 引受하여 운영할 수 있는 施設의 범위를 종전에는 500戶 이상의 集團居住地域에 있는 施設로 제한하였으나, 앞으로는 50戶 이상으로 확대하고, 50戶 이상500戶 미만의 集團居住地域에 있는 自家發電施設로서 電氣事業者가 引受하지 아니한 것에 대하여도 그 運營費用의 전액을 電氣事業者가 지원하도록 함으로써 島嶼地域 電氣施設의 운영의 효율성을 높이고 地方自治團體의財政負擔을 경감하려는 것임.']",산업자원위원회,[]
160100,  한국도로공사법중개정법률안,2000-08-16,정부,2000-12-15,수정가결,제16대 (2000~2004) 제214회,"['■ 제안이유 및 주요골자高速道路를 건설하기 위하여 政府가 韓國道路公社에 資本金을 지속적으로 납입한 결과 2001年에는 同 公社의納入資本金이 현재의 法定資本金인 13兆원을 초과하게 될 것으로 예상됨에 따라 法定資本金을 20兆원으로 증액하고, 同 公社가 행하는 社債發行 및 借款의 적정한 운용을 도모하기 위하여 同 公社로 하여금 당해연도의 社債發行 및 借款의 운용계획을 수립하여 建設交通部長官의 승인을 얻도록 하려는 것임.□ 수정이유 및 주요골자韓國道路公社의 納入資本金이 2001년에 13兆원을 상회할 것으로 예상되어 法定資本金의 增額은 불가피하나2003년 내지 2004년까지의 적정 高速道路 建設投資所要를 반영하여 法定資本金을 20兆원에서 18兆원으로 縮小함.']",건설교통위원회,[]
160099,  표준시에관한법률중개정법률안(조순형의원등 2인 외 20인),2000-08-12,의원,2004-05-29,임기만료폐기,제16대 (2000~2004) 제214회,"['■ 제안이유현재 표준자오선으로 정하고 있는 동경 135도의 자오선은 우리나라를 통과하지 않고 울릉도 동쪽 350km를 남북으로 통과하는 자오선으로서 일본의 표준시를 정한 자오선임에도 우리나라는 이를 사용하고 있음.그러나 동자오선은 우리나라와의 지리적 차이가 커서 우리나라 중심부의 경우 표준시가 실제시간인 태양시와비교하여 볼 때 30분이나 빠르게 되어 있어 불합리함.또한 역사적으로 볼 때 우리나라는 대한제국 이전에 태양시를 쓸 때에는 시간이 당연히 동경 127도 30분에 가까웠고, 표준시를 정해 쓴 대한제국 때는 우리나라 실정에 맞는 동경 127도 30분을 표준자오선으로 하였으나,1912년 일제가 식민지통치의 편의를 위해 일본 표준시인 동경 135도를 표준자오선으로 쓰도록 변경한 역사적사실이 있음.따라서 8.15해방 이후 당연히 표준시를 회복했어야 하나 한·일 양국에 주둔한 미군의 작전편의상 그대로 쓰다가 1954년에 이르러 동경 127도 30분의 표준자오선을 회복하였으나 5.16쿠데타 이후 1961년 국민의 대표기관도아닌 국가재건최고회의에서 다시 동경 135도로 표준시를 변경하여 오늘에까지 사용하고 있으므로 민족주체성회복의 차원에서도 동경 127도 30분으로 표준자오선을 바로 잡아야 함.■ 주요골자표준시는 동경 127도 30분의 자오선을 표준자오선으로 하여 정함.']",과학기술정보통신위원회,"['조순형', '송훈석', '김원길', '김윤식', '박상규', '박상희', '박용호', '서정화', '신기남', '유재건', '유재규', '윤여준', '이훈평', '장영달', '전재희', '조재환', '조정무', '최연희', '함승희', '현승일']"
160098,  건설기술관리법중개정법률안(임인배의원등 33인),2000-08-11,의원,2000-12-15,대안반영폐기,제16대 (2000~2004) 제214회,"['■ 제안이유설계등 용역업자 및 감리전문회사에 적용하는 손해보증제도를 손해보험제도로 전환함으로써 설계 및 감리에 관한 손해배상제도를 선진화하는 한편, 설계등 용역업자와 감리전문회사의 보증가입에 따르는 부담을 덜어 주려는 것임.■ 주요내용가. 종전에는 설계등 용역업자가 용역업무를 수행함에 있어 고의 또는 과실로 발주청에 재산상의 손해를 발생하게 한 경우 그 배상을 담보하기 위하여 설계등 용역업자로 하여금 손해배상보증에 가입하도록 하고 그 보증료를 설계등 용역업자가 부담하도록 하였으나, 앞으로는 설계등 용역업자가 용역목적물 및 제3자에게 손해를 발생하게 한 경우 그 배상을 담보하기 위하여 설계등 용역업자로 하여금 보험 또는 공제에 가입하도록 하고 그 가입에 필요한 비용을 발주청이 부담하도록 함(안 제21조제3항).나. 종전에는 감리원이 책임감리를 함에 있어 고의 또는 과실로 발주청에 재산상의 손해를 발생하게 한 경우 그 배상을 담보하기 위하여 그 감리원이 속하는 감리전문회사로 하여금 손해배상보증에 가입하도록 하고 그 보증료를 감리전문회사가 부담하도록 하였으나, 앞으로는 감리원이 용역목적물 및 제3자에게 손해를 발생하게 한 경우 그 배상을 담보하기 위하여 감리원이 속하는 감리전문회사로 하여금 보험 또는 공제에 가입하도록 하고 그 가입에 필요한 비용을 발주청이 부담하도록 함(안 제33조제5항).']",건설교통위원회,"['임인배', '강신성일', '강재섭', '김성조', '김영구', '김일윤', '김정숙', '김태호', '김형오', '남경필', '맹형규', '박근혜', '박상희', '박세환', '박승국', '박시균', '박창달', '백승홍', '서정화', '손희정', '신영국', '신영균', '안영근', '오세훈', '유흥수', '윤영탁', '윤한도', '이상배', '이원창', '이원형', '이윤성', '조웅규', '허태열']"
160097,  지방세법중개정법률안(송석찬의원등 26인),2000-08-07,의원,2004-05-29,임기만료폐기,제16대 (2000~2004) 제214회,['■ 제안이유 및 주요골자소규모 단독주택 및 상가의 경우 주차장이 상업적 목적으로 크게 활용되지 않는다는 것을 고려해 볼 때 취득세과세 시에 주차장도 동등하게 포함하여 과세한다는 것이 현저하게 불합리하다고 생각됨. 현행 제도상으로 주택의 차고부분에 대하여 시가표준액의 100분의 50을 감산하여 취득세를 부과하도록 하고 있긴 하지만 이것을더욱 확대하여 국민주택규모 이하의 단독주택 및 상업용 건물에 부설된 주차장부분에 대해서는 취득세를 부과하지 않도록 하여 과세의 형평성·합리성을 제고하고자 함.'],행정자치위원회,"['송석찬', '강현욱', '고진부', '김근태', '김덕규', '김명섭', '김방림', '김옥두', '김운용', '박용호', '설훈', '송훈석', '심재권', '유재규', '이강래', '이근진', '이재정', '이창복', '이호웅', '이훈평', '장성원', '장정언', '장태완', '정대철', '정장선', '조성준']"
160096,  함평사건진상규명및희생자명예회복에관한특별법안(이낙연의원 외 31인),2000-08-04,의원,2004-03-02,대안반영폐기,제16대 (2000~2004) 제214회,"['■ 제안이유 및 주요골자함평사건이라 함은 1950. 12. 6.부터 1951. 1. 14.사이에 전남 함평군에서 공비토벌중 500여명의 주민이 살해되고 1450여채의 가옥이 소실하게 된 사건을 말함.정부는 함평사건의 진상을 규명하고 이 사건과 관련된 희생자와 그 유족들의 명예를 회복시켜 주기 위하여, 국무총리소속하에 함평사건진상규명 및 희생자명예회복위원회 를 설치하고 위령사업을 지원하며 희생자에게의료지원금 및 생활지원금을 지급할 수 있음을 주요내용으로 하는 법을 제정하고자 함.']",행정자치위원회,"['이낙연', '강숙자', '김경재', '김방림', '김영배', '김옥두', '김원기', '김충조', '김택기', '김한길', '박상규', '박상천', '배기선', '배기운', '설훈', '유재건', '유재규', '윤철상', '이강래', '이미경', '이성헌', '이인제', '이훈평', '임채정', '장성원', '장영달', '장정언', '전갑길', '정대철', '최선영', '한화갑']"
160095,  자전거이용활성화에관한법률중개정법률안,2000-07-29,정부,2000-12-15,원안가결,제16대 (2000~2004) 제214회,['■ 제안이유 및 주요골자中央行政權限의地方移讓促進등에관한法律에 의하여 市長·郡守가 수립한 자전거利用施設 整備計劃의 承認權이 地方移讓對象事務로 확정됨에 따라 종전에 行政自治部長官이 가지고 있던 承認權을 道知事에게 이양하려는것임.'],행정자치위원회,[]
160093,  농업·농촌기본법중개정법률안(정장선의원등 30인),2000-07-28,의원,2001-02-28,수정가결,제16대 (2000~2004) 제214회,"['■ 제안이유 및 주요골자1999년 2월 5일 제정된 농업·농촌기본법은 제6조에서 국민식량의 안정적 공급을 규정한 바 있으나, 국민식량의 안정적 공급에 대한 구체적인 내용이 없을 뿐만 아니라 식량자급률에 대한 언급이 없음. 따라서 정부는 식량안보를 위한 기본방침, 주요 품목별 식량자급율 목표의 제시, 이러한 목표달성을 위한 구체적인 시책 등을포함한 식량안전보장계획을 수립하여야 하며, 이러한 식량안전보장계획이 수립되면 지체없이 중앙농정심의회의심의를 거쳐 국회에 제출하도록 함.■ 위원회 수정사항□ 수정이유農業·農村基本法 第6條에서는 食糧自給水準의 目標設定 및 유지, 食糧在庫量 확보 노력을 明示하고 있으나,그 규정이 선언적으로 명시하고 있어 개정안의 식량자급률 목표와 제반시책 강구 등 구체적 집행사항을 규정하기에는 다소 부적절하다고 보아 개정안의 취지를 살리면서 식량자급목표 설정의무 등 개정안의 내용을 [農業·農村發展基本計劃]을 규정하고 있는 第42條로 이관하고자 하는 것임.□ 수정주요골자1. 食糧 및 農産物의 건전한 消費生活 향상을 위하여 노력하도록 消費者 責務를 명시함(案 第4條第3項)2. 農林部長官은 農業·農村發展基本計劃 수립시 ""食糧의 적정 自給目標""를 포함도록 함(案 第42條第1項第2號)3. 農林部長官은 農業·農村發展基本計劃을 수립하면 지체없이 國會에 제출하도록 함(案 第42條第2項)']",농림해양수산위원회,"['정장선', '권오을', '김문수', '김용학', '김원웅', '김택기', '문석호', '박승국', '박시균', '박용호', '박재욱', '박희태', '손태인', '신영국', '심규섭', '오장섭', '원유철', '원철희', '윤철상', '이강두', '이방호', '이상배', '장성원', '장정언', '정동영', '정의화', '정진석', '정철기', '최선영', '함석재']"
160092,  지방양여금법중개정법률안(전갑길의원 외 45인),2000-07-25,의원,2000-12-01,철회,제16대 (2000~2004) 제213회,['■ 제안이유 및 주요골자현행 지방양여금법에 의하면 양여금의 배분대상이 되는 사업 중 농어촌지역개발사업의 경우 양여의 대상이 시또는 군 관할지역으로 되어 있음. 이에 따라 광역시 자치구 관할 농어촌지역의 경우 시·군의 농어촌지역과 실질적인 여건은 동일하지만 양여금 지원대상에서 제외되고 있음.열악한 지방재정을 해소하고 양여금지원의 실질적 형평성을 도모하려는 차원에서 광역시 자치구 관할 농어촌지역에 대해서도 지방양여금이 지원될 수 있도록 관련법규정을 개정하려는 것임.'],행정자치위원회,"['전갑길', '강현욱', '고진부', '김경천', '김근태', '김덕규', '김명섭', '김방림', '김성순', '김성호', '김영환', '김원웅', '김희선', '박근혜', '박상규', '박용호', '박인상', '박주선', '송석찬', '송영길', '송영진', '송훈석', '신기남', '심재권', '원유철', '윤두환', '윤철상', '이강래', '이근진', '이낙연', '이정일', '이창복', '이호웅', '이훈평', '이희규', '임채정', '장영달', '장영신', '장태완', '정철기', '정형근', '조재환', '조한천', '함승희', '홍재형']"
160091,  교육기본법중개정법률안(정인봉의원 외 34인),2000-07-25,의원,2002-07-31,폐기,제16대 (2000~2004) 제213회,"[""■ 제안이유 및 주요골자국민의 '교육을 받을 권리'는 국가가 모든 국민에게 저마다의 능력에 따라 교육을 받을 수 있는 필요한 설비와제도를 마련하고, 아울러 사회적·경제적 약자도 그 능력에 따라 실질적으로 평등교육을 받을 수 있도록 적극적인 정책을 실현할 때만 보장될 수 있음을 감안할 때 의무교육의 전면적 확대실시가 요구됨.그러나, 현행 교육기본법 제8조제1항에서 의무교육은 6년의 초등교육 및 3년의 중등교육으로 하고 다만, 3년의중등교육에 대한 의무교육은 국가의 재정여건을 고려하여 대통령령이 정하는 바에 의하여 순차적으로 실시하도록 한 규정에 의하여, 중학교 의무교육은 1985학년도 이래 도서·벽지에서 우선 실시하다가 1994학년도부터는읍·면까지 확대 실시되고 있으나, 시 지역에서는 실시하지 못하고 있는 실정임.따라서 동법 제8조제1항의 단서를 삭제하여 중학교 과정에 대한 의무교육을 2002년부터 전국적으로 확대 실시하고자 함.""]",교육위원회,"['정인봉', '강창성', '고흥길', '권태망', '김락기', '김용균', '김용학', '박세환', '박승국', '박원홍', '박주천', '박창달', '박혁규', '신영국', '신현태', '심규철', '안상수', '오세훈', '윤경식', '윤한도', '이강두', '이병석', '이원창', '이원형', '이인기', '이재오', '이주영', '정문화', '정병국', '정형근', '조희욱', '최병국', '최연희', '홍사덕']"
160090,  지방세법중개정법률안(안경률의원등 3인 외 25인),2000-07-24,의원,2004-05-29,임기만료폐기,제16대 (2000~2004) 제213회,"['■ 제안이유 및 주요골자원자력발전소는 방사능사고위험 등 혐오시설로 인식되고 있으므로 원전 주변지역 주민들의 희생에 대한 보상차원과 지역균형개발차원에서 지역개발세를 부과하여 지방자치단체의 세수를 증대시킴으로써 지방자치단체가 원전유치 및 홍보를 담당하여 민원을 적극적으로 해소하도록 하려는 것임(안 제29조제1항, 제253조, 제254조, 제256조 및 제257조).']",행정자치위원회,"['안경률', '김광원', '김일윤', '김진재', '김찬우', '김형오', '도종이', '박관용', '박시균', '박재욱', '손태인', '신영국', '엄호성', '유흥수', '이방호', '이상득', '이상배', '이상희', '이인기', '정문화', '정의화', '정재문', '정형근', '최병국', '허태열']"
160088,  지뢰등특정재래식무기사용및이전의규제에관한법률안,2000-07-24,정부,2001-04-26,수정가결,제16대 (2000~2004) 제213회,"['■ 제안이유국제적인 대인지뢰(對人地雷) 금지활동에 동참하기 위하여 과도한상해또는무차별적효과를초래할수있는특정재래식무기의사용금지및제한에관한협약에 가입하기로 한 정부의 방침에 따라 동 협약에 부속된 개정제2의정서(改正第2議定書)의 국내 이행을 위하여 필요한 사항을 법률로 정하려는 것임.■ 주요골자1. 사람을 살상하는 지뢰·부비트랩(booby trap) 등 그 사용 및 이전이 금지되는 특정 재래식 무기의 범위를정하고, 이러한 무기로 인하여 민간인 등이 예측하지 못한 피해를 입지 아니하도록 그 사용방법 및 사용장소 등을 제한함(안 제3조 및 제4조).2. 지뢰 등의 무기를 설치하는 군부대의 장은 그 사용지역의 주변에 사전경고 등 필요한 조치를 하도록 하고,지뢰를 설치한 지역 등에 대한 민간인의 접근을 막기 위하여 경계표지를 설치하는 등 민간인을 보호하기 위하여 필요한 조치를 하도록 함(안 제6조 및 제7조).3. 지뢰 등의 무기를 설치한 군부대의 장은 그 설치지역의 구체적인 위치와 설치된 지뢰 등의 종류·수량·설치방법 등에 관한 정보를 기록·유지하도록 함(안 제8조).4. 이 법의 규정에 위반하여 지뢰 등의 무기를 사용하여 사람을 살상한 자 등에 대한 처벌규정을 둠(안 제10조).■ 위원회 수정사항□ 수정이유 및 주요골자안 제4조 각호는 어떠한 경우에도 특정한 사용방법을 금지하고 있는 개정제2의정서 제7조의 규정을 인용한 것으로서 안 제4조제2호에서만 ""무력충돌이 있는 경우""를 상정해서 규정할 필요가 없으며, 또한 동 법률안이 국내이행 법률인 점을 감안하여 이를 삭제하고, 안 제4조 각호의 순서도 개정제2의정서의 순서대로 수정코자 하는 것이며, 기타 법률용어상 일부 자구를 수정하려는 것임.']",국방위원회,[]
160087,  의료보호법개정법률안,2000-07-24,정부,2001-04-26,대안반영폐기,제16대 (2000~2004) 제213회,"['提案理由？？？？생활이 어려운 저소득 국민의 건강을 증진하기 위하여 의료급여(醫療給與) 수급기간의 제한을 폐지하여 연중 기간제한 없이 의료급여를 받을 수 있도록 하고, 재활 등에 대하여도 의료급여를 행하는 등 저소득 국민의 의료급여를 받을 권리를 강화하며, 수급권자의 진료편의를 도모하기 위하여 의료급여기관에 대한 업무정지 처분에 갈음하여 과징금을 부과할 수 있도록 하는 등 현행 제도의 운영상 나타난 미비점을 전반적으로 개선·보완하려는 것임.主要骨子？？？？가. 이 법의 근거법인 국민기초생활보장법에서 종전의 「의료보호」를 「의료급여」로 변경함에 따라 이 법의 제명을 의료급여법으로 변경함(안 제명).나. 의료급여의 내용에 예방·재활을 추가하여 생활이 어려운 저소득 국민의 의료에 대한 권리를 강화함(안 제7조제1항제4호).다. 의료급여를 받을 수 있는 기간의 제한을 폐지하여 수급권자가 연중 상시적으로 의료급여를 받을 수 있도록 함(현행 제9조 삭제).라. 긴급하거나 부득이한 사유로 의료급여기관과 동일한 기능을 수행하는 기관에서 의료급여를 받은 경우 또는 의료급여기관외의 장소에서 출산을 한 경우에는 그 급여에 상당하는 비용을 요양비로 지급하도록 함(안 제12조).마. 종전에는 수급권자 자신의 범죄행위로 인한 사고의 경우에는 의료급여를 하지 아니하였으나, 앞으로는 수급권자 자신의 고의 또는 중대한 과실로 인한 범죄행위로 인한 사고에만 의료급여를 하지 아니하도록 하여 의료급여 제한의 범위를 축소함(안 제14조제1항제1호).바. 급여비용을 부당하게 청구하는 의료급여기관에 대하여 업무정지처분을 하여야 하는 경우 그 업무정지가 수급권자에게 심한 불편을 주는 경우 등에는 업무정지처분에 갈음하여 부당한 방법으로 부담하게 한 금액의 5배 이하의 금액을 과징금으로 부과·징수할 수 있도록 함(안 제28조).']",보건복지위원회,[]
160085,  병역법중개정법률안(조웅규의원등 21인),2000-07-24,의원,2000-12-08,대안반영폐기,제16대 (2000~2004) 제213회,"[""■ 제안이유'95년부터 시행 되어온 국제협력분야 공익근무요원 제도는 소수의 우수인력을 개발도상국에 파견？복무하게 함으로써 우리나라의 이미지 제고와 상대국과의 우호관계 증진 및 지역전문가를 양성하는 등 국익에 도움이 되는 역할을 수행하고 있음에도 불구하고 동 제도는 병역특례제도 축소의 일환으로 2001년 1월 1일부터 폐지하기로 한 바, 이는 병역특례 축소효과는 극히 미미한 반면 국익상실은 크다고 평가되므로 , 동 제도를 계속 존치하려는 것임.■ 주요내용가. 공익근무요원에 국제협력분야를 추가하고 그 업무는 개발도상국의 경제？사회？문화발전 등의 지원업무로 함(안 제2조제1항제9호 및 안 제26조제1항제4호).나. 국제협력분야의 공익근무요원은 보충역 또는 현역입영대상자 중에서 국제협력요원에관한법률에 의하여 외교통상부장관의 추천을 받은 자로 함(안 제26조제2항).다. 국제협력요원은 국제협력요원에관한법률이 정하는 바에 따라 외교통상부장관의 지휘？통솔을 받도록 하고, 보수 및 직무수행에 필요한 여비등을 지급함(안 제31조제7항).라. 국제협력요원에관한법률 제9조의 규정에 의하여 소환된 자 등에 대하여는 공익근무요원의 소집을 취소하고, 현역병으로 입영하게 하거나 제26조제1항제1호에 의한 공익근무요원으로 소집토록 함(안 제33조제5항).""]",국방위원회,"['조웅규', '강삼재', '김덕룡', '김성호', '김용갑', '김원웅', '김종하', '김태호', '문희상', '박관용', '박근혜', '박상천', '박원홍', '서청원', '유재건', '유흥수', '이원형', '이창복', '임채정', '장성민', '한승수']"
160084,  청소년보호법중개정법률안(정형근의원 외 132인),2000-07-22,의원,2004-05-29,임기만료폐기,제16대 (2000~2004) 제213회,"['■ 제안이유현재 청소년관련 업무는 정부 각 중앙부처에 산재해 있어 청소년정책의 종합적이고 일관성 있는 수립과 추진에어려움이 있어왔으며, 청소년업무의 특성상 청소년정책은 보호업무와 육성업무가 동시에 상호보완적으로 추진되어야 하나, 청소년보호위원회의 보호업무와 문화관광부의 청소년육성업무가 이원화되어 있어 정부의 종합적이고 실효성 있는 청소년정책 수립과 집행에 어려움이 있어왔는 바, 이러한 문제점을 인식하고 해결하기 위하여 이원화된 정부내 청소년정책기구를 통합하여 일원화하고, 각 부처에 산재해있는 청소년관련 업무를 효율적·체계적으로 총괄·조정할 수 있는 청소년정책 추진의 기반을 구축하고자 함.■ 주요골자1. 청소년정책의 수립·총괄·조정을 위한 청소년위원회를 국무총리소속하에 두어 중앙행정기관 지위를 부여함(안 제27조제1항·제2항).2. 청소년위원회의 소관업무로 청소년의 보호정책기능과 육성정책기능을 신설함(안 제28조제1항).3. 청소년업무를 효율적으로 수행할 수 있도록 청소년위원회에 상임위원을 두며, 위원장의 직급을 정무직으로상향 조정함(안 제29조 제1항 및 제3항).4. 위원장과 사무처장을 정부위원으로 하고, 상임위원중 1인이 사무처장을 겸직하도록 함(안 제30조제2항, 제33조제2항).']",정무위원회,"['정형근', '강신성일', '강인섭', '강재섭', '강창성', '고흥길', '권기술', '권오을', '권철현', '권태망', '김광원', '김기배', '김기춘', '김덕룡', '김동욱', '김락기', '김만제', '김무성', '김문수', '김부겸', '김성조', '김영구', '김영일', '김영춘', '김용갑', '김용균', '김용학', '김원웅', '김일윤', '김정숙', '김종하', '김진재', '김찬우', '김태호', '김학송', '김형오', '김호일', '김홍신', '나오연', '남경필', '도종이', '맹형규', '목요상', '민봉기', '박관용', '박근혜', '박명환', '박세환', '박승국', '박시균', '박원홍', '박재욱', '박종근', '박종웅', '박종희', '박주천', '박창달', '박헌기', '박혁규', '박희태', '백승홍', '서상섭', '서정화', '서청원', '손태인', '손학규', '손희정', '신경식', '신영국', '신영균', '신현태', '심규철', '심재철', '안경률', '안상수', '안영근', '안택수', '엄호성', '오세훈', '원희룡', '유성근', '유흥수', '윤경식', '윤두환', '윤여준', '윤영탁', '윤한도', '이강두', '이규택', '이방호', '이병석', '이부영', '이상득', '이상배', '이상희', '이성헌', '이연숙', '이원창', '이원형', '이윤성', '이인기', '이재오', '이재창', '이주영', '이한구', '이해봉', '이회창', '임인배', '임진출', '임태희', '전용원', '전재희', '정문화', '정병국', '정의화', '정인봉', '정재문', '정창화', '조웅규', '조정무', '주진우', '최돈웅', '최병국', '최병렬', '최연희', '하순봉', '허태열', '현경대', '현승일', '홍사덕', '황승민', '황우여']"
160083,  학원의설립·운영에관한법률중개정법률안(이재정의원등 13인 외 106인),2000-07-22,의원,2001-03-08,수정가결,제16대 (2000~2004) 제213회,"['■ 제안이유헌법재판소에서 2000년 4월 27일 과외교습을 원칙적으로 금지하고 있는 조항 및 그 위반행위에 대한 처벌조항이 위헌이라고 결정함에 따라 관련조문을 정리하고 전면적으로 허용된 개인과외교습의 투명성을 높여 과외교습으로 인한 사회적 폐해를 최소화할 수 있도록 신고제를 도입하려는 것임.■ 주요골자1. 개인과외교습을 하고자 하는 자는 교육감에게 신고하도록 하되, 대학 또는 대학원에 재학중인 학생은 제외하도록 함(안 제14조의2).2. 개인과외교습을 신고하지 아니하거나 허위로 신고한 경우에는 100만원 이하의 과태료에 처하도록 하고(안제23조제1항제7호), 과태료 처분을 받고도 신고를 하지 아니하거나 허위신고를 시정하지 아니하고 30일이상과외교습을 계속한 경우에는 200만원 이하의 벌금에 처하도록 함(안 제22조제2항제3호).3. 교습소를 설립·운영하는 자 및 개인과외교습자는 과외교습을 함에 있어서 학습자에 대한 편의제공·부담경감 및 교육기회의 균등한 부여 등에 노력하는 등 교습을 담당하는 자로서의 책무를 다하도록 함(안 제4조제2항).4. 교육감은 개인과외교습자의 신고사항을 학습자 또는 그 학부모의 요청이 있는 경우 이를 제공할 수 있도록함(안 제4조의2제2항).5. 헌법재판소의 위헌결정에 따라 실효된 조문을 정리함(안 제3조 및 제22조제1항제1호).■ 위원회 수정사항□ 수정이유개인과외교습의 투명성을 높이기 위해 교육감이 과외교습 신고를 받은 경우 개인과외교습자에게 신고필증을 교부하도록 하고, 개인과외교습자는 신고필증을 교습장소에 게시하거나 학습자 또는 그 학부모의 요청이 있는 경우 이를 제시하도록 하였으며, 위법적인 과외교습을 방지하기 위하여 과외교습을 한 현직 교원, 교육감의 과외교습 중지명령에 위반하여 신고하지 아니하고 계속 과외교습을 한 자 및 과외교습 중지명령에 위반하여 벌금형을 받고도 신고하지 아니하고 계속 과외교습을 한 자에 대하여 벌칙을 신설하고, 시행령 등 하위법령의 준비를위하여 시행일을 조정하는 등 일부 내용을 현실에 맞게 수정하려는 것임.□ 수정주요골자1. 이 법은 학원의 설립·운영에 관한 사항뿐만 아니라 교습소 및 개인과외교습자에 관한 사항 등도 규정하고있는 바, 법의 제명을 ""학원의설립·운영및과외교습에관한법률""로 변경하고, 목적규정도 이에 맞추어 정리함(제명 및 안 제1조).2. 사회교육법이 평생교육법으로 개정됨에 따라 그 내용에 맞추어 용어를 정리함(안 제2조·제4조 및 제9조).3. 개인과외교습의 투명성을 높이기 위해 교육감이 과외교습 신고를 받은 경우 개인과외교습자에게 신고필증을교부하도록 하고, 개인과외교습자는 신고필증을 교습장소에 게시하거나 학습자 또는 그 학부모의 요청이 있는 경우 이를 제시하도록 함(안 제14조의2제2항 및 제3항).4. 위법적인 과외교습을 방지하기 위하여 교육감은 신고의무에 위반하여 과태료처분을 받은 자가 신고하지 아니하고 과외교습을 계속하는 경우 그 교습의 중지를 명하고, 이에 위반하는 경우 200만원 이하의 벌금에 처하도록 함(안 제19조제2항 및 제22조제4항제3호 신설).5. 현직 교원이 과외교습을 한 경우 1년 이하의 금고 또는 300만원 이하의 벌금에 처하고, 개인과외교습자가벌금형을 받고도 신고를 하지 아니하고 계속 과외교습을 하는 경우에는 1년 이하의 금고 또는 200만원 이하의 벌금에 처하도록 함(안 제22조제2항 및 제3항 신설).6. 개인과외교습자가 신고필증의 게시 또는 제시의무에 위반한 경우 100만원 이하의 과태료에 처하도록 하여동 의무의 실효성을 확보함(안 제23조제1항제4호 신설).7. 시행령 등 하위법령의 준비를 위한 충분한 시간의 확보를 위하여 이 법의 시행일을 공포후 1월에서 공포후3월로 변경함(안 부칙 제1항).8. 기존에 개인과외교습을 하고 있는 자에 대하여 일정한 유예기간을 두어 신고하도록 경과조치를 둠으로써 이법 시행당시 개인과외교습자의 위법상태를 해소함(안 부칙 제2항 신설).']",교육위원회,"['이재정', '김경천', '김덕규', '서영훈', '설훈', '송훈석', '신기남', '이해찬', '이호웅', '임종석', '전용학', '정균환', '허운나', '김성호', '김영배', '김영진', '김영환', '김옥두', '김운용', '김원기', '김원길', '김윤식', '김충조', '김태식', '김태홍', '김택기', '김한길', '김홍일', '김효석', '김희선', '남궁석', '문석호', '문희상', '박광태', '박병석', '박병윤', '박상규', '박상천', '박상희', '박용호', '박인상', '박종우', '박주선', '배기선', '배기운', '설송웅', '송석찬', '송영길', '송영진', '송훈석', '신계륜', '심규섭', '심재권', '안동선', '원유철', '유삼남', '유용태', '유재건', '유재규', '윤철상', '이강래', '이근진', '이낙연', '이미경', '이상수', '이용삼', '이원성', '이윤수', '이인제', '이정일', '이종걸', '이창복', '이협', '이훈평', '이희규', '임채정', '장성민', '장성원', '장영달', '장영신', '장재식', '장정언', '장태완', '전갑길', '정대철', '정동영', '정동채', '정범구', '정세균', '정장선', '정철기', '조성준', '조순형', '조재환', '조한천', '천용택', '천정배', '최선영', '최영희', '최용규', '최재승', '추미애', '한명숙', '한화갑', '함승희', '홍재형']"
160082,  약사법중개정법률안,2000-07-21,위원장,2000-07-31,원안가결,제16대 (2000~2004) 제213회,"['■ 제안경위1. 제212회국회(임시회) 제1차 보건복지위원회(2000. 6. 20.)에서는 의약분업시행과 관련하여 의료계의 폐업사태등 문제점을 해결하기 위한 대책을 강구하기 위해 의약분업대책소위원회 구성을 의결함.2. 박시균의원외 1인의 소개로 제출된 약사법개정에관한청원(대한의사협회)과 김명섭의원의 소개로 제출된 대한의사협회의약사법개정의견에대한반대에관한청원(대한약사회)이 각각 2000년 6월 27일과 7월 7일 우리 위원회에 회부되어 옴.3. 우리 위원회에 회부된 이상 2건의 청원에 대하여 제213회국회(임시회) 제1차 보건복지위원회(2000. 7. 10.)에서는 이를 각각 의약분업대책소위원회에 회부하여 심사보고토록 의결함.4. 의약분업대책소위원회는 2000년 6월 22일부터 7월 18일까지 총 10차례에 걸친 회의를 개최하여 우리 위원회에 회부된 약사법개정 관련 2건의 청원과 정부가 제출한 약사법개정관련 의견을 함께 심사한 결과 약사법중개정법률안을 성안하여 이를 우리 위원회안으로 제안하기로 함.5. 제213회국회(임시회) 제3차 보건복지위원회(2000. 7. 18.)에서는 의약분업대책소위원회의 제안설명을 듣고2건의 청원은 그 취지가 일부 반영되었으므로 본회의에 부의하지 아니하기로 하고, 정부안을 근거로 한 위원회안을 제안하기로 의결함.■ 제안이유의약분업의 시행과 관련하여 의약품의 개봉판매 및 대체조제에 관한 일부 미비점을 개선·보완하고자 함.■ 주요골자1. 의사 및 치과의사와 약사간의 협력으로 의약분업을 원활하게 시행하고 국민의 편익을 증진하기 위하여 중앙및 시·군·구에 의약협력위원회를 둠(안 제22조의2제1항).2. 지역의약협력위원회는 의사회·치과의사회 및 약사회의 협조를 얻어 의사 및 치과의사가 처방할 상용처방의약품목록을 정하고, 지역내 의사 및 치과의사는 상용처방의약품목록 범위내에서 처방함(안 제22조의2제4항·제5항).3. 약사는 의사 또는 치과의사가 상용처방의약품목록의 의약품을 처방한 경우에는 의사 또는 치과의사의 사전동의없이 대체조제할 수 없으나, 의사 또는 치과의사가 상용처방의약품목록 외의 의약품을 처방한 경우에는대체조제할 수 있되, 의사 또는 치과의사가 처방전에 특별한 소견을 기재한 경우 이를 존중하여 조제함(안제23조의2제1항·제2항).4. 약사가 대체조제할 때에는 의사 또는 치과의사가 처방전에 기재한 의약품과 그 성분·함량 및 제형이 동일한 의약품으로서 식품의약품안전청장이 약효동등성을 인정한 의약품으로 대체조제하여야 하며, 그 처방전을소지한 환자에게 대체조제한 내용을 알리고, 그 처방전을 발행한 의사 또는 치과의사에게 대체조제한 내용을 통보하여야 함(안 제23조의2제3항).5. 약사는 일반의약품 판매시 제조업자가 봉함한 포장을 개봉하여 판매할 수 없도록 함(안 제39조제2호).']",보건복지위원회,[]
160081,  국가채무축소와재정적자감축을위한특별조치법안(박종근의원등 6인 외 127인),2000-07-21,의원,2004-05-29,임기만료폐기,제16대 (2000~2004) 제213회,"['■ 제안이유최근 재정적자 규모의 확대와 국가채무의 엄청난 증가로 국민의 조세부담이 증가되고 경제활동이 위축되며 국가의 대외신인도 하락등 심각한 부작용의 초래가 예상되는 바, 정부의 예산운용과 관련하여 국가채무와 재정적자의 감축목표를 설정하여 재정지출의 증가를 억제하고 국가채무를 집중적으로 관리하도록 함으로써 재정수지의 균형 및 국가채무의 조기 감축을 통해 재정운용 효율성과 건전성을 제고하고자 함.■ 주요골자1. 국가재정의 건전화를 위한 3개년의 재정적자 감축목표를 설정하고, 중기재정운용계획을 수립하여 국회에 보고하도록 함(안 제4조 및 제5조).2. 예산편성시 재정규모 증가율 한도를 잠재성장율 이내로 하되 최초 3개년간은 연5% 이내로 하여 예산총액의한도를 설정하도록 함(안 제5조).3. 세계잉여금을 재정적자의 축소 및 국가채무의 상환에 우선적으로 사용하도록 함(안 제7조).4. 보조금사업실적보고서와 교부금 및 양여금의 분기별 집행결과를 국회와 감사원장에게 통보하도록 하여 국가의 재정지원사업에 대한 관리기능을 강화함(안 제8조).5. 추가경정예산의 편성을 천재지변 또는 심각한 경기심체와 대량실업 등의 경우로 제한함(안 제9조).6. 세출의 신규소요와 조세감면이 수반되는 법령을 제 개정코자 할 경우에는 재원조달 방안의 수립을 의무화하고 국회에 보고토록 함(안 제11조).7. 국가채무를 집중관리하기 위하여 기획예산처에 국가채무관리위원회를 설치하도록 하고 국회의 동의를 받아국가채무감축목표를 설정하도록 함(안 제13조).8. 재정정보의 투명성을 확보하기 위하여 정부회계의 복식부기제도도입 의무화와 발생주의 원칙 채택 및 기업회계원칙을 준수토록함(안 제15호).9. 국가채무백서 및 재정적자백서 발간을 의무화하고 준국가채무도 분기별 변동상황을 공표하도록 함(안 제16조).10. 이 법의 적용시한을 재정균형이 달성될 때까지와 국가채무가 국내총생산의 5퍼센트 이내로 되는 시점까지로 함(안 부칙 제2조)']",국회운영위원회,"['박종근', '나오연', '안택수', '이강두', '이상득', '이한구', '권기술', '권오을', '권철현', '권태망', '김광원', '김기배', '김기춘', '김덕룡', '김동욱', '김락기', '김만제', '김무성', '김문수', '김부겸', '김성조', '김영구', '김영일', '김영춘', '김용갑', '김용균', '김용학', '김원웅', '김일윤', '김정숙', '김종하', '김진재', '김찬우', '김태호', '김학송', '김형오', '김호일', '김홍신', '남경필', '도종이', '맹형규', '목요상', '민봉기', '박관용', '박근혜', '박명환', '박세환', '박승국', '박시균', '박원홍', '박재욱', '박종웅', '박종희', '박주천', '박창달', '박헌기', '박혁규', '박희태', '백승홍', '서상섭', '서정화', '서청원', '손태인', '손학규', '손희정', '신경식', '신영국', '신영균', '신현태', '심규철', '심재철', '안경률', '안상수', '안영근', '엄호성', '오세훈', '원희룡', '유성근', '유흥수', '윤경식', '윤두환', '윤여준', '윤영탁', '윤한도', '이규택', '이방호', '이병석', '이부영', '이상배', '이상희', '이성헌', '이연숙', '이원창', '이원형', '이윤성', '이인기', '이재오', '이재창', '이주영', '이해봉', '이회창', '임인배', '임진출', '임태희', '전용원', '전재희', '정문화', '정병국', '정의화', '정인봉', '정재문', '정창화', '정형근', '조웅규', '조정무', '주진우', '최돈웅', '최병국', '최병렬', '최연희', '하순봉', '허태열', '현경대', '현승일', '홍사덕', '황승민', '황우여']"
160079,  정부조직법중개정법률안(정문화의원 외 132인),2000-07-20,의원,2000-12-27,폐기,제16대 (2000~2004) 제213회,"['■ 제안이유급변하는 행정수요에 발맞추고 여성 및 청소년 등 사회적으로 약한 계층에 대한 보호와 활동역량 강화를 위해여성특별위원회를 여성부로 확대·개편하여 여성관련 기능을 강화, 여성의 지위향상과 사회참여 확대 및 권익신장을 도모하며, 종합적이고 일관성 있는 청소년 정책의 수립과 추진을 위하여 청소년 정책기구를 통합 구축,현행 이원화되어 있는 청소년 정책의 보호업무와 육성업무를 일원화하고자 하는 것임.■ 주요골자1. 여성특별위원회를 폐지하고 여성부를 신설하되, 여성부는 보건복지부로부터 가정폭력·성폭력 피해자의 보호, 윤락행위 등의 방지 및 영유아보육에 관한 업무를 각각 이관 받아 여성정책의 기획·종합, 남녀차별의금지·구제 등 여성의 지위향상에 관한 사무를 담당하도록 함(안 제42조 신설 및 부칙 제3조제1항 내지 제6항).2. 청소년 정책기구를 ""청소년위원회""로 일원화하기 위해 문화관광부 소관사무중 ""청소년""을 삭제함(안 제35조제1항).']",행정자치위원회,"['정문화', '강신성일', '강인섭', '강재섭', '강창성', '고흥길', '권기술', '권오을', '권철현', '권태망', '김광원', '김기배', '김기춘', '김덕룡', '김동욱', '김락기', '김만제', '김무성', '김문수', '김부겸', '김성조', '김영구', '김영일', '김영춘', '김용갑', '김용균', '김용학', '김원웅', '김일윤', '김정숙', '김종하', '김진재', '김찬우', '김태호', '김학송', '김형오', '김호일', '김홍신', '나오연', '남경필', '도종이', '맹형규', '목요상', '민봉기', '박관용', '박근혜', '박명환', '박세환', '박승국', '박시균', '박원홍', '박재욱', '박종근', '박종웅', '박종희', '박주천', '박창달', '박헌기', '박혁규', '박희태', '백승홍', '서상섭', '서정화', '서청원', '손태인', '손학규', '손희정', '신경식', '신영국', '신영균', '신현태', '심규철', '심재철', '안경률', '안상수', '안영근', '안택수', '엄호성', '오세훈', '원희룡', '유성근', '유흥수', '윤경식', '윤두환', '윤여준', '윤영탁', '윤한도', '이강두', '이규택', '이방호', '이병석', '이부영', '이상득', '이상배', '이상희', '이성헌', '이연숙', '이원창', '이원형', '이윤성', '이인기', '이재오', '이재창', '이주영', '이한구', '이해봉', '이회창', '임인배', '임진출', '임태희', '전용원', '전재희', '정병국', '정의화', '정인봉', '정재문', '정창화', '정형근', '조웅규', '조정무', '주진우', '최돈웅', '최병국', '최병렬', '최연희', '하순봉', '허태열', '현경대', '현승일', '홍사덕', '황승민', '황우여']"
160078,  아동난치성질환자지원에관한법률안(김명섭의원등 20인),2000-07-20,의원,2004-05-29,임기만료폐기,제16대 (2000~2004) 제213회,"['■ 제안이유아동난치성질환은 그 치료기간이 길고 치료비가 많이 소요되므로 저소득층뿐만 아니라 중산층 가정에서도 경제적 어려움을 겪고 있음. 또한 아동난치성질환의 경우 치료에 사용되는 희귀약품 또는 특수식품을 구입하거나수입하는 과정에서 제도적 장애가 있음. 따라서 이러한 어려움을 해소하기 위하여 아동난치성질환에 대한 재정상·행정상의 조치 기타 필요한 지원의 근거를 마련하려는 것임.■ 주요골자1. 아동난치성질환자의 치료에 대한 지원을 통하여 아동의 건강을 회복하고 그 가정을 보호함.(안 제1조)2. 아동난치성질환을 아동의 질환 중 치료가 용이하지 아니하고, 치료비가 많이 들며, 단기간의 치료로 회복되기 어려운 질환으로 선천성대사질환중 페닐케톤요증 단풍당뇨증 유기산증 요소회로이상증 당원병 갈락토즈혈증 고셔병 윌슨병, 만성신부전, 백혈병, 난치성간질, 간경화 전격성감염 등 간이식이 필요한 질환, 미숙아, 기타 대통령령으로 정하는 질환으로 정의함.(안 제2조 제2항)3. 아동난치성질환자의 적격여부를 판정하기 위하여 중앙 및 지방아동난치성질환자판정위원회를 설치함.(안 제3조 제1항)4. 국가는 아동난치성질환자의 치료에 소요되는 비용의 일부를 지원함.(안 제5조)']",보건복지위원회,"['김명섭', '김방림', '김성순', '김홍신', '박상희', '배기선', '서정화', '송훈석', '심재철', '원희룡', '유용태', '유재건', '이재오', '이호웅', '이훈평', '정문화', '조정무', '최영희', '함승희', '황우여']"
160077,  사회복지공동모금회법중개정법률안(김명섭의원등 20인),2000-07-20,의원,2001-04-26,수정가결,제16대 (2000~2004) 제213회,"[""■ 제안이유사회복지공동모금회는 국민의 자발적인 성금으로 공동모금된 재원을 효율적으로 관리·운용함으로써 사회복지사업을 지원하고, 사회복지증진에 이바지하기 위해 설립된 민간사회복지법인임.사회복지공동모금회는 설립이후 '98/99년 210억원, '99/2000년 303억원을 모금해 1,800여 곳 이상의 민간사회복지 시설·단체 및 프로그램에 지원하는 등 대표적인 민간사회복지 지원체계로 정착되고 있음.그러나 우리 나라의 경우 기부문화의 미성숙 등으로 인해 민간의 자발적인 성금이 일회성에 그치는 것은 물론, 연말 이웃돕기기간에만 집중되는 등 안정적인 공동모금 재원확보에 어려움을 겪고 있음.미국이나 일본 등 기부문화가 정착된 선진국의 경우 급여공제, 주식기부, 복권 발행 등 정기적이고 다양한 공동모금 재원을 확보해 민간복지 사업에 대한 안정적 지원체계를 구축하고 있음.따라서 기부문화의 활성화 및 공동모금 재원의 안정적 확보를 통한 민간복지 지원 체계의 발전을 도모하기 위해 이 법(1999. 4. 13. 개정)에서 규정된 '복권 발행 및 운영 등'의 규정을 신설하고자 하는 것임.■ 주요골자1. 사회복지사업 기타 사회복지활동 등을 지원하기 위한 재원의 조성을 위하여 복권(가칭 이웃돕기복권 또는자선복권)을 발행하고자 함(안 제18조의2 제1항)2. 복권을 발행하고자할 때에는 그 종류·조건·금액 및 방법 등에 대하여 미리 보건복지부장관의 승인을 얻도록 함.(안 제18조의2 제2항)3. 복권의 당첨금을 받을 권리는 그 지급일부터 3월간 행사하지 아니하면 소멸시효가 완성하며, 소멸시효가 완성된 당첨금은 기금에 귀속토록 정함.(안 제18조의2 제3항)4. 복권의 발행에 관하여는 사행행위등규제및처벌특례법을 적용하지 아니하도록 정함.(안 제18조의2 제4항)■ 위원회 수정사항□ 수정이유 및 주요골자사회복지공동모금회의 복권발행으로 조성되는 자금을 공동모금 재원으로 명시하고, 기타 자구를 수정하기 위한 것임.""]",보건복지위원회,"['김명섭', '강운태', '김방림', '김성순', '김영배', '김찬우', '김한길', '박상희', '배기선', '서정화', '송훈석', '심재철', '유용태', '유재건', '이재오', '이훈평', '임인배', '장영신', '조정무', '최영희']"
160076,  의료기사등에관한법률중개정법률안,2000-07-20,정부,2001-11-22,수정가결,제16대 (2000~2004) 제213회,['■ 제안이유 및 주요골자行政規制基本法에 의한 規制整備計劃에 따라 保健機關·醫療機關·眼境業所 등에서 각각 그 업무에 종사하는醫療技士 등은 補修敎育을 의무적으로 받도록 하던 것을 앞으로는 保健福祉部長官이 保健醫療政策상 필요하다고 인정하는 경우에 한하여 醫療技士 등에 대하여 敎育을 실시할 수 있도록 하려는 것임.■ 위원회 수정사항□ 수정이유 및 주요골자의료기사 등의 의무적 보수교육을 보건복지부장관이 필요할 때 실시하도록 하는 개정은 의료기술의 학습기회를확대하여야 하는 시대요청에 반함으로 수정하여 현행대로 함.'],보건복지위원회,[]
160075,  관치금융청산을위한임시조치법안(이상득의원등 11인 외 122인),2000-07-20,의원,2003-12-04,폐기,제16대 (2000~2004) 제213회,"['■ 제안이유1997년말 외환위기이래 정부는 금융산업구조조정이라는 명목하에 국민에게 약속했던 공적자금 64조원을 훨씬초과하는 100조원이 넘는 막대한 자금을 투입했음에도 불구하고, 관치금융의 심화로 인하여 금융시장은 본연의기능인 자원의 분배나 중개기능을 상실할 위기에 처해 있으며, 금융기관은 점점 더 경쟁력을 상실하여 국민에게 커다란 부담을 가중시키는 등 관치금융의 폐해가 심각한 상태에 있음.많은 경제전문가와 국민들이 금융시장을 정상화시키고 금융기관이 경쟁력을 갖추기 위해서는 무엇보다도 관치금융이 청산되고 금융시장의 자율성이 제고되어야 한다는 데 공감하고 있음.그러나 관치금융이 청산되야 한다는 데는 동의하면서도 구체적 실천이 안되고 있으며, 국민경제는 날로 악화되어 가는 상황하에서 더 이상 정부, 금융계의 자발적인 실천만을 기다릴 수 없는 지경에 이르게 되어 법에 의해서라도 관치금융을 청산하여 금융시장의 순기능을 회복시켜야 하는 화급한 상황에 있음.이러한 이유로 인하여 금융시장이 제대로 조성되고 안정을 찾을 때까지 한국은행, 금감위, 예금보험공사 등금융시장의 기반을 이루는 기관들의 고유 기능이 제대로 발휘될 수 있도록 금융감독 및 재량권을 한시적으로축소하여 개방경제하에서 금융산업의 경쟁력을 제고시키고 국민경제의 발전에 이바지하려는 것임.■ 주요골자1. 정부와 금융감독기관은 금융기관 및 금융사업자단체의 임 직원 인사에 개입하거나 영향을 미치는 행위를 할수 없도록 함(안 제4조).2. 금융정책 및 감독에 관련된 정부부처 공무원 및 금융감독기관에 종사한 자는 퇴직일로부터 3년 이내에 금융기관 금융사업자단체의 임원에 취임할 수 없도록 함, 단 개방형임용제도에 의해 임용된 자는 예외로 함(제5조).3. 정부와 금융감독기관은 법률에 명백히 규정된 경우를 제외하고는 금융기관의 자산운용 등 경영에 개입하거나 영향을 미치는 행위를 할 수 없도록 하고, 이에 위반하여 금융기관에 손해를 끼친 경우 정부가 그 손해를 배상토록 하였으며, 금융기관 임직원이 제17조의 고발의무를 해태하여 금융기관에 손해를 끼친 경우에당해 금융기관의 임직원도 손해를 배상토록 함(안 제6조).4. 정부와 금융감독기관이 금융기관에 지시·감독을 할 때에는 반드시 지시목적·배경 및 실명을 표시한 문서에 의하도록 함(안 제7조).5. 금융감독기관의 장과 한국자산관리공사 사장은 국회의 동의를 거쳐 대통령이 임면하도록 함(안 제8조).6. 금융감독기관이 금융기관에 대해 업무개선명령등의 규제조치를 하는 경우와 금융기관에 대한 공적자금 투입은 반드시 사전에 공표한 기준에 의하도록 함(안 제9조).7. 정부 및 예금보험공사는 은행의 의결권 있는 발행주식총수의 100분의 4(지방은행은 100분의 15)를 초과하는주식을 소유하거나 사실상 지배하지 못하며, 공적자금투입 등 부득이한 사정에 의하여 일시적으로 한도를초과하여 보유하게 된 경우 1년이 지나면 초과보유 주식에 대하여는 의결권을 행사할 수 없도록 함(안 제10조).8. 정부는 1997년의 외환위기 이후에 금융 기업구조조정 과정에서 정부가 소유하게된 금융기관주식을 조속히매각하여야 하며 그 매각계획을 매년 국회에 보고하고 승인을 받도록 함(안 제11조).9. 한국은행의 통화신용정책은 정부가 간섭하지 않도록 하고, 한은예산에 대한 재경부의 승인권을 폐지하는 대신에 국회가 정부의 의견을 들어 한은예산에 대한 승인권을 행사하도록 함(안 제12조).10. 금융감독위원장의 임기를 보장하고, 금융감독위원회 위원을 국회 및 사법부에서 각각 1인씩 추가로 추천하도록 함 (안 제13조).11. 예금보험공사와 한국자산관리공사가 부실금융기관의 ""예금등 채권""과 ""부실채권""의 매입가격과 매입대상자를 결정할 때에는 관계법령에 따라 자율적으로 결정하도록 하고 정부가 관여할 수 없도록 함(안 제14조및 제15조).12. 국회는 정부 및 금융감독기관이 이 법에 위배되는 관치금융행위를 행하는 경우 이를 조사하여 그 시정을요구하기 위하여 금융민원조사관을 임명할 수 있도록 하고, 금융기관의 임직원이 관치금융행위를 알게 된때에는 고발 또는 국회금융민원조사관에게 신고토록 의무화 함(안 제16조 및 제17조).13. 법의 실효성 확보를 위해 이 법에 규정하고 있는 주요 의무위반행위에 대하여 관련자를 형사처벌 할 수 있도록 함 (안 제18조).14. 이 법의 효력이 미치는 2010년 12월 31일까지 국회와 정부의 금융규제개혁 의무, 정부의 정책금융 축소의무, 국회의 관치금융청산을 위한 노력의무(예:상시감시체계) 등을 부칙에 명시함(안 부칙 제2조 내지 제6조).']",재정경제위원회,"['이상득', '김동욱', '김만제', '나오연', '박종근', '서정화', '손학규', '안택수', '이한구', '정의화', '최돈웅', '김기배', '김기춘', '김덕룡', '김락기', '김무성', '김문수', '김부겸', '김성조', '김영구', '김영일', '김영춘', '김용갑', '김용균', '김용학', '김원웅', '김일윤', '김정숙', '김종하', '김진재', '김찬우', '김태호', '김학송', '김형오', '김호일', '김홍신', '남경필', '도종이', '맹형규', '목요상', '민봉기', '박관용', '박근혜', '박명환', '박세환', '박승국', '박시균', '박원홍', '박재욱', '박종웅', '박종희', '박주천', '박창달', '박헌기', '박혁규', '박희태', '백승홍', '서상섭', '서청원', '손태인', '손희정', '신경식', '신영국', '신영균', '신현태', '심규철', '심재철', '안경률', '안상수', '안영근', '엄호성', '오세훈', '원희룡', '유성근', '유흥수', '윤경식', '윤두환', '윤여준', '윤영탁', '윤한도', '이강두', '이규택', '이방호', '이병석', '이부영', '이상배', '이상희', '이성헌', '이연숙', '이원창', '이원형', '이윤성', '이인기', '이재오', '이재창', '이주영', '이해봉', '이회창', '임인배', '임진출', '임태희', '전용원', '전재희', '정문화', '정병국', '정인봉', '정재문', '정창화', '정형근', '조웅규', '조정무', '주진우', '최병국', '최병렬', '최연희', '하순봉', '허태열', '현경대', '현승일', '홍사덕', '황승민', '황우여']"
160074,  공인노무사법중개정법률안,2000-07-20,정부,2000-12-15,수정가결,제16대 (2000~2004) 제213회,"['■ 제안이유일정한 經歷을 가진 公務員에 대하여 公認勞務士 자격을 自動으로 부여하는 제도를 폐지하기로 함에 따라 동경력을 가진 자에 대하여는 公認勞務士 자격시험의 일부를 면제하도록 하고, 기타 현행 제도의 운영상 나타난 일부 미비점을 개선·보완하려는 것임.■ 주요골자1. 종전에는 勞動行政에 종사한 通算經歷이 10년 이상이고, 그중 5급 이상 公務員으로 在職한 經歷이 5년 이상인 자에 대하여 公認勞務士 자격을 부여하였으나, 앞으로는 同經歷者에 대하여 公認勞務士 資格試驗의 1次試驗科目의 전부와 2次試驗科目의 일부를 면제하도록 함(안 제3조 및 제3조의3제1항제1호 신설).2. 公認勞務士 자격의 취득과 관련된 사항을 심의하기 위하여 勞動部에 公認勞務士資格審議委員會를 둘 수 있도록 함(안 제3조의4 신설).3. 종전에는 公認勞務士의 懲戒事由 발생일부터 3년이 경과한 때에는 懲戒를 할 수 없도록 하였으나, 앞으로는懲戒事由 발생일부터 3년이 경과한 때에는 懲戒委員會에 대한 懲戒議決의 요구를 할 수 없도록 함(안 제20조제5항).□ 수정이유현행 공인노무사법 제2조 규정에 의한 공인노무사의 직무범위중 사업장 노무관리진단은 노사가 자율적으로 인사·노무관리의 문제점을 분석하고 합리적인 노사관계를 구축한다는 차원에서 상당한 전문성이 요구되는 업무이나 현행 규정상 명확한 개념 규정이 없어 공인노무사 전문 업무영역으로 제대로 정착되지 못하는 문제가 있어 개념 정의를 명확히 할 필요가 있음.□ 수정주요골자공인노무사 직무범위의 하나인 사업장 노무관리진단의 정의규정을 신설하고 노무관리진단의 시행에 필요한 사항은 대통령령으로 정하도록 함.(案 第2條 第2項내지 第3項)']",환경노동위원회,[]
160073,  자연공원법개정법률안,2000-07-20,정부,2001-02-28,대안반영폐기,제16대 (2000~2004) 제213회,"['提案理由？？？？국립공원 등 자연공원(自然公園)의 용도지구(用途地區)를 개편하고, 용도지구별로 허용되는 행위의 기준을 합리적으로 조정하여 자연공원을 더욱 잘 보전하도록 하되 지역주민의 생활불편을 줄일 수 있도록 하며, 아울러 자연공원의 보전·관리상 나타난 일부 미비점을 개선·보완하려는 것임.主要骨子？？？？가. 자연공원의 보전을 강화하고 공원사업의 효율성을 높이기 위하여 공원시설중 진입도로와 주차시설은 공원구역 밖의 지역에서도 공원계획에 포함하여 설치할 수 있도록 함(안 제2조제7호).나. 주민의 생활불편을 줄이고 동시에 자연공원을 더욱 잘 보전하기 위하여 자연공원의 용도지구중 현행 취락지구를 취락의 밀집 정도 등에 따라 자연취락지구(自然聚落地區)와 밀집취락지구(密集聚落地區)로 구분하여 허용행위를 다르게 하고, 자연공원중 가장 보전의 필요성이 높은 자연보존지구(自然保存地區)에서는 사찰(寺刹)의 복원절차를 엄격히 하고 임도(林道)의 설치를 제한하는 등 허용행위기준을 강화함(안 제17조).다. 대규모 개발사업으로 인한 자연공원의 훼손을 줄이기 위하여 일정한 규모 이상의 사업에 대하여는 공원위원회(公園委員會)의 심의를 거치도록 함(안 제22조제3항 및 제70조제3항).라. 자연공원의 관리에 지장을 주는 금지행위의 대상에 지정된 장소 밖에서의 주차행위 등을 추가함(안 제26조).마. 공원관리청은 자연공원의 보전·관리에 필요한 경우 자연공원 안에 있는 토지 등을 그 소유자와 협의하여 매수할 수 있도록 하고, 자연공원의 지정으로 인하여 종전의 용도로 사용할 수 없는 토지의 소유자는 공원관리청에 그 토지의 매수를 청구할 수 있도록 함(안 제75조 및 제76조).']",환경노동위원회,[]
160072,  교육공무원법중개정법률안(조웅규의원등 21인),2000-07-19,의원,2002-11-08,대안반영폐기,제16대 (2000~2004) 제213회,"['■ 제안이유 및 주요골자사외이사제도는 경영, 경제, 회계, 법률 등에 관한 전문지식과 경험이 풍부한 자를 비상근 이사로 선임, 그 전문성을 활용하여 기업경영의 투명성을 확보하고 나아가 기업지배구조를 개선하고자 도입된 제도로서, 전문경영인·변호사·공인회계사·세무사 및 언론인 뿐 만 아니라 대학의 교수·부교수·조교수 및 전임강사 등도 사외이사로 선임되어 활동할 수 있을 것임. 그러나 대학의 교수 등이 영리를 목적으로 하는 사기업체의 사외이사를겸임할 경우에는 국가공무원법 및 지방공무원법에서 규정하는 영리업무의 겸직금지 규정에 위반됨. 따라서 전문가 집단인 대학의 교수 등이 사외이사로 겸직할 수 있도록 관련규정을 개정하려는 것임.']",교육위원회,"['조웅규', '강신성일', '고흥길', '김동욱', '김성순', '김용균', '김택기', '박승국', '박원홍', '박재욱', '박창달', '원희룡', '윤한도', '이원형', '이인기', '이주영', '임인배', '임진출', '장정언', '최선영', '최영희']"
160071,  수도법중개정법률안(정동영의원등 8인 외 67인),2000-07-18,의원,2002-11-08,대안반영폐기,제16대 (2000~2004) 제213회,"['■ 제안이유 및 주요골자현행 수도법은 국가 또는 한국수자원공사가 설치하는 광역상수도중 정수시설의 설치비용을 물을 공급받는 수도사업자가 부담하도록 규정하고 있는 바, 이로 인해 물을 공급받는 지방자치단체는 지방재정이 취약한 상황에서비용부담에 많은 어려움을 겪고 있음. 이에 국가 또는 한국수자원공사가 설치하는 광역상수도의 경우에도 정수시설의 설치비용을 수도사업자인 국가 또는 한국수자원공사가 부담하도록 법을 개정하려는 것임.']",환경노동위원회,"['정동영', '김용갑', '이용삼', '이원성', '장영달', '정우택', '한화갑', '현경대', '김용학', '김일윤', '김진재', '김찬우', '김충조', '김태호', '김택기', '김홍일', '김효석', '나오연', '박관용', '박근혜', '박상천', '박세환', '박승국', '박시균', '박재욱', '박주선', '박주천', '박희태', '배기운', '서청원', '송광호', '송훈석', '신경식', '신영국', '심규철', '원철희', '유재규', '윤경식', '윤한도', '이강두', '이강래', '이낙연', '이병석', '이상득', '이인기', '이정일', '이창복', '이협', '임인배', '임진출', '장정언', '전용학', '정세균', '정재문', '정진석', '정철기', '정형근', '주진우', '천용택', '최돈웅', '최연희', '최재승', '하순봉', '한승수', '함석재', '홍재형', '황우여']"
160070,  6·25참전군인퇴직보상금지급에관한특별조치법안(조웅규의원등 23인),2000-07-15,의원,2004-05-29,임기만료폐기,제16대 (2000~2004) 제213회,"['■ 제안이유6·25전쟁에 참전하고 장기간 복무한 후 1959년 12월 31일 이전에 전역한 자는 참전군인으로서 그 명예는 선양되었지만 현재까지 아무런 보상도 받지 못하였는 바, 이들에게 퇴직급여에 상응한 보상금을 지급함으로써 노후생활안정과 국민의 애국정신을 고취하고자 함.■ 주요골자1. 이 법은 1959. 12. 31 이전에 퇴직한 6·25참전군인의 퇴직보상금지급에 관한 사항을 규정하기 위함(안 제1조).2. 이 법의 적용대상자는 6·25참전군인중 1959년 12월 31일 이전에 장교·준사관 또는 중사 이상의 하사관으로 전역한 자로서 다른 법률에 의하여 보상 또는 급여를 받지 못한 자로 함(안 제3조제1항).3. 퇴직보상금 산정기준은 중사 이상의 계급으로 복무한 기간만을 산입하고 퇴직당시의 계급, 호봉을 기준으로하되 2000년도의 봉급월액을 적용함(안 제3조제2항제1호 및 제2호).4. 퇴직보상금은 일시금 또는 연금형태로 지급함(안 제4조).5. 퇴직보상금을 지급받을 권리는 이를 양도하거나 압류 할 수 없으며, 담보로 제공 할 수 없도록 함(안 제6조).']",정무위원회,"['조웅규', '강창성', '강현욱', '고흥길', '곽치영', '김기배', '김덕규', '김덕배', '김부겸', '김성호', '민봉기', '박세환', '박종우', '박주천', '서청원', '신기남', '윤경식', '이희규', '임인배', '임태희', '함승희', '현승일', '황우여']"
160069,  민주화운동기념사업회법안(김옥두의원등 82인),2000-07-14,의원,2001-06-28,수정가결,제16대 (2000~2004) 제213회,"['■ 제안이유민주화운동기념사업회를 설립하여 민주화운동기념관의 건립, 민주화운동의 역사정리 및 유적보존 등 민주화운동을 기념하고 그 정신을 계승하기 위한 사업을 수행함으로써 그 역사적 교훈을 국민에게 바로 알리고 후대에올바르게 계승하여 민주주의의 발전에 이바지하려는 것임.■ 주요골자1. 이 법은 민주화운동기념사업회(이하 ""기념사업회"" 라 한다)를 설립하여 민주화운동을 기념하고 그 정신을계승하기 위한 사업을 수행함으로써 민주발전에 이바지함을 목적으로 함(안 제1조).2. 기념사업회(법인)는 민주화운동기념관의 건립 및 운영, 민주화운동의 역사정리·기념행사·기념사업 및 유적관리, 민주화운동 유공자에 대한 지원, 민주발전을 위한 지원사업, 기념사업회의 홍보, 기념사업회의 운영을 위한 수익사업 등 민주화운동기념사업을 수행함(안 제5조).3. 기념사업회에 대표이사장 1인, 공동이사장 4인, 부이사장 5인을 포함하여 15인 이내의 이사와 감사 2인을두며, 임원은 이사회에서 선임하되, 행정자치부장관의 승인을 얻어야 하며, 이사의 임기는 3년, 감사의 임기는 2년으로 하고 연임할 수 있음(안 제6조 및 제7조).4. 기념사업회의 업무에 관한 중요사항을 심의·의결하기 위하여 이사회를 두고, 기념사업회의 업무를 처리하기 위하여 기념사업회에 사무처를 둠(안 제10조 및 제12조).5. 국가와 지방자치단체는 예산의 범위안에서 기념사업회의 업무수행에 필요한 경비를 보조할 수 있으며, 개인·법인 또는 단체는 기념사업회를 지원하기 위한 금전 기타 재산을 출연하거나 기부할 수 있음(안 제13조).6. 국가 또는 지방자치단체는 기념사업회의 설립과 운영을 위하여 필요한 때에는 기념사업회에 국·공유재산을무상으로 대부할 수 있음(안 제14조).7. 기념사업회는 행정자치부장관에게 매 회계연도의 사업계획서및 예산서를 제출하여 그 승인을 얻어야 하며,매 회계연도 종료후에 수입·지출보고서를 제출하여야 함(안 제17조 및 제18조).8. 기념사업회는 민주화운동과 관련한 자료와 유적의 정리를 위하여 국가 및 공공단체 등에 대하여 자료의 열람·복사·대여등을 요청할 수 있고, 이 요청을 받은 자는 특별한 사유가 없는 한 이에 협조하여야 함(안제19조).■ 위원회 수정사항□ 수정이유민주화운동 기념사업회의 사업범위를 조정하고, 임원의 종류 및 선임방법 등 기타 관련규정을 법률에 의하여설립되는 특수법인의 입법례에 의하도록 하려는 것임.□ 수정주요골자1. 다의적이고 포괄적 개념인 민주화운동에 대하여 구체적으로 정의함(안 제2조 신설).2. 많은 예산이 소요되어 기념사업회가 추진하기 어려운 사업인 민주화운동 유공자 묘역조성사업을 삭제함(안제5조 제5호).3. 기념사업회에 임원으로서 이사회의 추천을 받아 행정자치부장관이 임명하는 이사장 1인과 이사회에서 선임하는 부이사장 5인 이내를 포함한 15인 이내의 이사를 두도록 함(안 제7조).4. 이사장이 사고가 있을 때에 그 직무대행자는 정관이 정하는 순서에 의하도록 함(안 제9조제2항).5. 기념사업회가 행정자치부 장관에게 제출·승인을 얻어야 하는 사업계획서 및 예산서에는 목표, 방침, 주요사업의 내용 및 소요예산을 구분하여 표시하도록 함(안 제18조제2항 신설).6. 행정자치부장관은 이 법 시행일로부터 30일 이내에 10인이내의 설립위원을 위촉하여 설립에 관한 사무를 담당하도록 함(안 부칙 제2조).']",행정자치위원회,"['김옥두', '강삼재', '강재섭', '권철현', '권태망', '김근태', '김덕규', '김덕룡', '김무성', '김문수', '김민석', '김부겸', '김영배', '김영진', '김영춘', '김찬우', '김충조', '김태홍', '김홍신', '김홍일', '김희선', '남경필', '목요상', '문희상', '민봉기', '박관용', '박인상', '박종우', '박종웅', '박종희', '배기운', '서상섭', '서영훈', '서청원', '설훈', '손학규', '송석찬', '송영길', '신기남', '심재권', '심재철', '안영근', '오세훈', '원유철', '원희룡', '유용태', '유재규', '윤두환', '윤철상', '이규택', '이미경', '이병석', '이부영', '이상수', '이성헌', '이원창', '이재오', '이재정', '이종걸', '이창복', '이한구', '이협', '이호웅', '임종석', '임채정', '장영달', '전갑길', '정대철', '정동영', '정동채', '정문화', '정범구', '정세균', '정의화', '정재문', '조성준', '천정배', '최재승', '하순봉', '한명숙', '한화갑', '홍사덕']"
160067,  인사청문회법중개정법률안(심재철의원등 6인 외 127인),2000-07-12,의원,2002-02-28,대안반영폐기,제16대 (2000~2004) 제213회,"['■ 제안이유국무총리 및 대법관임명동의에 관한 인사청문회를 실시한 결과 짧은 활동기간으로 자료수집의 한계가 있고, 청문회기간의 단기성으로 공직후보자를 충분하게 검증할 수 없는 등 제도상의 문제점이 나타나 이를 개선·보완하려는 것임■ 주요골자1. 국회의 임명동의안 처리기간을 연장하여 공직후보자의 충분한 검증이 가능하게 함(안 제6조제2항).2. 인사청문회의 서면질의 대상자를 확대하여 공직후보자뿐만 아니라 증인·참고인 등에 대하여도 서면질의를허용하여 다양하고 충분한 의견청취가 가능하도록 함(안 제7조제6항).3. 위원회의 활동기간 및 청문회의 기간을 각각 30일과 5일 이내로 연장하여 공직후보자에 대한 충분한 조사와사전검증이 가능하게 함(안 제9조제1항).']",정치개혁특별위원회,"['심재철', '안상수', '엄호성', '원희룡', '이병석', '이성헌', '권기술', '권오을', '권철현', '권태망', '김광원', '김기배', '김기춘', '김덕룡', '김동욱', '김락기', '김만제', '김무성', '김문수', '김부겸', '김성조', '김영구', '김영일', '김영춘', '김용갑', '김용균', '김용학', '김원웅', '김일윤', '김정숙', '김종하', '김진재', '김찬우', '김태호', '김학송', '김형오', '김호일', '김홍신', '나오연', '남경필', '도종이', '맹형규', '목요상', '민봉기', '박관용', '박근혜', '박명환', '박세환', '박승국', '박시균', '박원홍', '박재욱', '박종근', '박종웅', '박종희', '박주천', '박창달', '박헌기', '박혁규', '박희태', '백승홍', '서상섭', '서정화', '서청원', '손태인', '손학규', '손희정', '신경식', '신영국', '신영균', '신현태', '심규철', '안경률', '안영근', '안택수', '오세훈', '유성근', '유흥수', '윤경식', '윤두환', '윤여준', '윤영탁', '윤한도', '이강두', '이규택', '이방호', '이부영', '이상득', '이상배', '이상희', '이연숙', '이원창', '이원형', '이윤성', '이인기', '이재오', '이재창', '이주영', '이한구', '이해봉', '이회창', '임인배', '임진출', '임태희', '전용원', '전재희', '정문화', '정병국', '정의화', '정인봉', '정재문', '정창화', '정형근', '조웅규', '조정무', '주진우', '최돈웅', '최병국', '최연희', '하순봉', '허태열', '현경대', '현승일', '홍사덕', '황승민', '황우여']"
160066,  유네스코활동에관한법률중개정법률안,2000-07-10,정부,2001-02-28,수정가결,제16대 (2000~2004) 제213회,"['■ 제안이유 및 주요골자정부의 규제완화방침에 따라 종전에는 유네스코韓國委員會가 예산안을 마련하거나 운영에 관한 규칙을 제정하고자 하는 때에는 敎育部長官의 승인을 얻도록 하였으나 이를 報告事項으로 완화하고, 위원회의 사무집행 사항에 대하여 교육부장관에게 보고하도록 하는 규정을 삭제하여 위원회의 운영의 자율성을 높이고 기타 현행 제도의 운영상 나타난 일부 미비점을 개선·보완하려는 것임.■ 위원회 수정사항□ 수정이유 및 주요골자정부조직법의 개정으로 교육부가 교육인적자원부로 개편됨에 따라 관련용어를 정리하려는 것임.']",교육위원회,[]
160063,  농어업인부채경감및경영안정에관한특별조치법안(권오을의원등 24인),2000-07-06,의원,2000-12-20,대안반영폐기,제16대 (2000~2004) 제213회,"['제안이유？？？？작금의 농어업인들은 농어가부채로 인하여 연쇄도산의 위기에 처해 있는 등 파산 지경에 놓여 있는바 이에 농어업인에 대한 효과적인 지원대책을 강구함으로써 농어업인의 부채부담을 줄여 생활안정 및 복지향상에 기여하고 농수산업의 경영안정을 돕고자 하는 것임.주요골자？？？？가. 농업인등이 금융기관에 상환해야할 중장기정책자금의 상환기한을 연기함으로써 농어가의 금융부담을 완화함(안 제3조 제1항 및 제2항).나. 농업인등이 차입한 금융기관으로부터의 농수산업용 상호금융자금을 저리의 자금으로 대체지원하여 농어가의 금융부담을 경감함(안 제4조제1항).다. 적격심사결과 경영정상화가 가능한 경우에 금융기관으로부터 차입한 자금의 상환은 연체중인 농업인등에 대하여도 자금 등이 지원되도록 함(안 제5조).라. 지원대상자의 선정, 지원한도, 지원기준 등을 객관적이고 합리적으로 심사하기 위해 심사위원회를 설치함(안 제6조제1항).마. 정책자금의 상환연기 대상자와 경영정상화자금지원 대상자로 선정된 농업인등에게 금리인하시 발생되는 금융기관의 손실에 대해 정부가 이차(利差)를 보전하도록 하고, 농림수산업자신용보증기금에서 신용보증을 하도록 함(안 제7조 및 제8조).바. 농업인등의 연대보증 채무를 농림수산업자신용보증기금에서 인수하여 보증함으로써 연대보증 책임을 면제함(안 제9조제1항).사. 정부로 하여금 농수산물가격변동과 자연재해 등으로 인하여 일시적으로 경영위기에 처한 농업인등을 회생시키기 위한 필요한 조치를 강구토록 하고, 이러한 농업인등을 위해 농어업인경영안정기금을 설치하도록 함.(안 제10조 및 제11조).']",농림해양수산위원회,"['권오을', '김기춘', '김용갑', '김용학', '김호일', '목요상', '박승국', '박시균', '박재욱', '박헌기', '박희태', '손태인', '신경식', '윤한도', '이강두', '이규택', '이방호', '이상득', '이상배', '정창화', '주진우', '하순봉', '허태열', '현경대']"
160062,  남녀차별금지및구제에관한법률중개정법률안,2000-07-06,정부,2000-12-27,원안가결,제16대 (2000~2004) 제213회,"['■ 제안이유政府組織改編으로 女性特別委員會가 폐지되고 女性部가 신설될 예정이므로 男女差別禁止및救濟에관한法律에의하여 男女差別改善事務를 수행하였던 女性特別委員會에 대체하여 男女差別改善委員會를 신설하고, 기타 현행규정의 운영상 나타난 일부 미비점을 개선·보완하려는 것임.■ 주요골자1. 男女差別改善事務를 수행하기 위하여 女性部長官 소속하에 男女差別改善委員會를 두도록 함(안 제9조).2. 委員會는 委員長과 常任委員 1人을 포함한 10人 이내의 委員으로 구성하고, 委員長은 女性部長官이 되며,委員은 女性部長官의 提請으로 大統領이 임명하도록 함(안 제10조의2 신설).3. 委員의 임기는 3년으로 하고, 1차에 한하여 연임할 수 있도록 함(안 제10조의3 신설).4. 委員會의 권한중 경미한 사항은 大統領令이 정하는 바에 의하여 委員長에게 위임할 수 있도록 함(안 제37조의2 신설).']",국회운영위원회,[]
160061,  정부조직법중개정법률안,2000-07-06,정부,2000-12-27,수정가결,제16대 (2000~2004) 제213회,"['■ 제안이유새 千年의 요구에 맞는 경쟁력있고 효율적인 政府를 구현하기 위하여 國家 核心力量인 經濟政策 및 人的資源開發政策 분야의 總括·調整機能을 수행할 副總理 2人을 신설하고, 女性의 社會參與 확대 및 權益伸長을 도모하기 위하여 女性特別委員會를 女性部로 확대·개편하여 女性관련 기능을 강화하려는 것임.■ 주요골자1. 國務總理가 특별히 위임하는 事務를 처리하게 하기 위하여 副總理 2人을 둘 수 있도록 하고, 副總理는 財政經濟部長官과 敎育人的資源部長官이 각각 겸임하며, 財政經濟部長官은 經濟政策에 관하여, 敎育人的資源部長官은 人的資源開發政策에 관하여 각각 國務總理의 命을 받아 關係各部를 총괄 조정함(안 제19조의2 신설).2. 財政經濟部에 國際金融 및 經濟協力業務에 관하여 長官을 보좌하는 1級의 一般職國家公務員 1人을 둘 수 있도록 함 (안 제27조제3항 신설).3. 敎育部를 敎育人的資源部로 개칭하고, 敎育人的資源部에 次官補 1人을 두도록 함(안 제26조제1항 및 안 제28조 신설).4. 女性特別委員會를 폐지하고 女性部를 신설하되, 女性部는 保健福祉部로부터 家庭暴力·性暴力 被害者의 보호, 淪落行爲 등의 방지업무를 이관받아 女性政策의 企劃·綜合, 男女差別의 금지·救濟 등 女性의 地位向上에 관한 事務를 담당하도록 함(현행 제18조제1항 내지 제3항 삭제, 안 제42조 신설 및 부칙 제3조제74항내지 제76항).■ 위원회 수정사항□ 수정이유 및 주요골자마사의 진흥 및 축산발전을 위하여 한국마사회의 소관을 문화관광부에서 농림부로 이관하고, 일제하 일본군위안부에 대한 생활안정지원업무의 효율적 수행을 위하여 동 업무를 보건복지부소관에서 신설되는 여성부 소관사무로 이관하며, 국무조정실의 원활한 업무수행을 위하여 국무조정실장을 정부위원으로 함.']",행정자치위원회,[]
160053,  금융지주회사법안,2000-06-30,정부,2000-10-09,수정가결,제16대 (2000~2004) 제212회,"['■ 제안이유금융기관의 대형화·겸업화를 통하여 금융기관의 경쟁력을 제고하기 위하여 금융지주회사의 설립을 촉진하는 한편, 금융지주회사와 자회사의 건전한 경영을 도모함에 있어서 필요한 사항을 정하려는 것임.■ 주요골자가. 금융지주회사가 되고자 하는 자는 금융감독위원회의 인가를 받도록 함(안 제3조).나. 금융지주회사는 원칙적으로 다른 금융지주회사를 자회사로 둘 수 없도록 하되, 대통령령이 정하는 요건에해당하는 경우에는 금융지주회사 밑에 다른 금융지주회사(중간지주회사)를 둘 수 있도록 함(안 제7조).다. 동일인은 의결권있는 발행주식총수의 100분의 4를 초과하여 은행지주회사의 주식을 보유할 수 없도록 하되, 금융업만을 영위하는 금융전업기업가 등에 대하여는 예외를 인정함(안 제8조 및 제9조).라. 현행 은행법상 동일인은 발행주식총수의 100분의 4를 초과하여 은행의 주식을 소유할 수 없도록 제한하고있으나, 금융지주회사의 경우에는 당해 한도를 초과하여 은행주식을 소유할 수 있도록 함(안 제14조).마. 금융지주회사는 자회사의 경영관리업무와 그에 부수하는 업무를 제외한 다른 업무를 영위할 수 없도록 함으로써 금융지주회사가 보다 효율적으로 운영될 수 있도록 함(안 제15조).바. 금융지주회사는 자회사 밑에 손자회사를 둘 수 없도록 하되, 자회사의 업무와 연관성이 있는 금융기관 등을 손자회사로 두는 경우에는 예외적으로 이를 허용할 수 있도록 함(안 제19조).사. 금융지주회사의 효율성을 제고하고 그 설립을 촉진하기 위하여 주식교환제도와 주식이전제도를 새로이 도입하고, 동 제도를 통하여 자회사의 발행주식총수를 소유하는 금융지주회사(완전지주회사)를 설립할 수 있도록 함(안 제5장제1절 및 제2절).아. 금융지주회사는 자기자본을 초과하여 자회사의 주식을 보유할 수 없도록 하는 한편, 동일한 금융지주회사에 속하는 자회사 상호간의 신용공여는 대통령령이 정하는 한도를 초과할 수 없도록 하는 등 금융지주회사와 그 자회사등의 건전한 경영을 도모함에 있어서 필요한 사항을 규정함(안 제46조 및 제48조).자. 금융지주회사와 그 자회사등은 금융감독위원회가 정하는 경영지도기준을 준수하도록 하고, 금융지주회사와자회사등의 연결재무제표와 주요 경영상황 등을 의무적으로 공고하도록 함(안 제50조 및 제55조).■ 위원회 수정사항□ 수정이유금융전업자의 인가요건을 법률에서 구체적으로 명시하고, 타 법률에 의해 이미 설립된 금융지주회사를 이 법에따라 인가 받도록 하여 법률관계를 명확히 하며, 법률의 미비로 인하여 이 법 시행후 법적용 및 해석에 있어초래될 수 있는 혼란을 방지하기 위해 일부조문을 보완하는 한편, 기타 자구·체계등에 있어 조문을 정리하려는 것임.□ 수정주요골자1. 내외국인 동등 대우 차원에서 외국인의 은행지주회사 주식보유에 대한 은행법 준용조항을 삭제함(원안 제10조).2. 금융전업자의 인가요건을 금융전업기업가와 금융전업증권투자회사로 구분하여 구체적으로 명시함(안 제11조제2항 및 제3항).3. 금융전업기업가가 금융전업증권투자회사의 자산을 운용함에 있어 준수해야 할 사항을 대통령령으로 정할수 있도록 함(안 제14조제3항).4. 금융지주회사의 임직원이 자회사의 임원을 겸직할 수 있도록 함(안 제39조제2항).5. 이미 금융지주회사로 전환되어 공정거래위원회에 신고수리가 완료된 사례가 있어 일정기간내에 금융감독위원회의 인가를 받도록 경과조치를 부칙에 신설함(부칙 안 제3조).6. 신용공여의 경과조치가 개별 법률에 있는 경우에는 그 유예기간 동안 동일하게 경과조치를 신설함(부칙 안제5조).7. 정부가 금융지주회사를 지배하는 주주가 되는 경우 그 보유주식을 3년이내에 처분하도록 최선을 다하도록하되, 3년이 되어도 처분하지 못할 경우에는 잔여주식의 처분을 위하여 1년의 유예기간을 둠(부칙 안 제6조).']",재정경제위원회,[]
160052,  기업구조조정투자회사에관한법률안,2000-06-30,정부,2000-10-09,수정가결,제16대 (2000~2004) 제212회,"['■ 제안이유재무상태가 악화되었으나 회생가능성이 있는 기업의 경영을 정상화하고 이들 기업에 대한 금융기관의 부실채권을 효율적으로 정리할 수 있도록 기업구조조정투자회사의 설립과 운영에 관한 사항을 정함으로써 기업구조조정이 원활하게 이루어지도록 하려는 것임.■ 주요골자1. 구조조정대상이 되는 기업이 발행하는 유가증권과 이들 기업에 대한 금융기관의 대출채권을 매매하는 것을목적으로 하는 기업구조조정투자회사는 본점외의 영업소를 설치할 수 없도록 하고, 직원을 고용하거나 상근임원을 두지 못하도록 함(안 제7조제1항).2. 기업구조조정투자회사는 주식회사로 설립하여 금융감독위원회에 등록하도록 함(안 제8조 및 제9조).3. 기업구조조정투자회사가 기업구조조정을 원활히 추진할 수 있도록 하기 위하여 자기자본의 2배를 초과하지아니하는 범위에서 자금을 차입할 수 있도록 함(안 제20조제1항).4. 채권금융기관은 은행법·보험업법·종합금융회사에관한법률 등에 규정된 출자한도·투자한도 등을 초과하여기업구조조정투자회사의 주식을 소유할 수 있도록 함(안 제22조).5. 기업구조조정투자회사는 자산운용업무를 자산관리회사에 위탁하도록 하고, 자산관리회사는 위탁받은 자산을그 고유재산과 구분하여 관리하도록 함(안 제30조제1항 및 제36조제1항).6. 기업구조조정투자회사는 신탁회사 또는 신탁업을 영위하는 금융기관에 자산보관업무를 위탁하도록 함(안 제39조).7. 기업구조조정투자회사는 채권금융기관중에서 일반사무수탁회사를 선정하여 발행주식의 명의개서, 주식의 발행 등 일반사무를 위탁하도록 함(안 제41조).8. 금융감독원장은 기업구조조정투자회사 및 자산관리회사의 업무와 재산에 대하여 검사할 수 있도록 하고, 금융감독위원회는 검사 결과에 따라 등록취소·업무정지 등의 조치를 할 수 있도록 함(안 제53조).9. 이 법을 한시적으로 운영하기로 하고, 유효기간을 공포일부터 6년간으로 함(안 부칙 제2항).']",재정경제위원회,[]
160051,  전기사업법개정법률안,2000-06-30,정부,2000-12-08,수정가결,제16대 (2000~2004) 제212회,"['■ 제안이유한국전력공사가 독점하고 있는 전력산업에 경쟁체제를 도입하기 위하여 전기사업을 발전사업·송전사업·배전사업·전기판매사업으로 세분화하고, 전력거래가 경쟁에 의하여 이루어질 수 있도록 전력시장제도를 도입하는등 전력산업의 기본제도를 개편하는 한편, 이 법 시행 과정에서 나타난 일부 미비점을 개선·보완하려는 것임.■ 주요골자1. 전기사업을 종전에는 일반전기사업·발전사업 및 특정전기사업으로 구분하였으나, 앞으로는 기능별로 발전사업·송전사업·배전사업 및 전기판매사업으로 구분하여 전기사업자들이 같은 조건에서 경쟁할 수 있도록함(안 제2조).2. 전기사업자가 전력시장에서의 공정한 경쟁을 해하거나 전기사용자의 이익을 해할 수 있는 행위 등을 하는경우에는 과징금을 부과할 수 있도록 하여 전기사업자간의 공정한 경쟁환경을 조성하도록 함(안 제21조 내지 제24조).3. 전력공급능력을 안정적으로 확보하기 위하여 산업자원부장관은 전력수급의 기본방향, 전력수급의 장기전망및 전력수요관리 등의 내용을 포함하는 전력수급기본계획을 수립하여 시행하도록 함(안 제25조).4. 전력시장의 개설·운영 등을 위하여 전기사업자 등을 회원으로 하는 한국전력거래소를 설립하고, 전력은 한국전력거래소가 개설하는 전력시장에서 경쟁을 통하여 거래를 하도록 함(안 제31조 내지 제33조 및 제35조내지 제46조).5. 도서지역에의 전기공급 지원사업 기타 전력산업기반조성을 위한 사업을 원활하게 수행하기 위하여 전력산업기반기금을 설치하고, 그 기금은 전기사용자에 대하여 전기요금의 1천분의 65의 범위안에서 부과·징수하는부담금으로 조성하도록 함(안 제48조 내지 제52조).6. 전기사업자간의 공정한 경쟁환경 조성과 전기사용자의 권익에 관한 사항을 심의하고 전기사업과 관련된 분쟁에 대한 재정업무를 수행하기 위하여 산업자원부에 전기위원회를 설치함(안 제53조 내지 제60조).■ 위원회 수정사항□ 수정이유전력산업기반조성계획에 포함되는 국내무연탄의 발전용 연료사용에 관한 사항을 분명히하고, 대형 전기안전사고의 예방을 위하여 전기안전관리담당자의 교육을 의무화하며, 발전소주변지역지원사업에 대한 전력산업기반기금사용 조항의 시행일을 1년 연기하도록 함.□ 수정주요골자1. 개정안은 ""국내에서 생산되는 발전용 연료의 활용에 관한 사항""을 전력산업기반조성계획에 포함하고 있으나, 한전 민영화 이후 국내 무연탄의 발전용 연료사용에 관한 내용이 불분명한 것으로 보아 ""석탄산업법 제3조의 규정에 의한 석탄산업 장기계획상 발전용 공급량의 사용에 관한 사항""으로 수정함(안 제47조제2항제5호).2. 대형전기안전사고의 예방을 위해서는 전기안전관리담당자의 안전의식 제고와 신기술 습득이 중요하다고 보아 전기안전관리담당자의 교육을 의무화하고, 이와 관련한 교육비, 권한의 위임·위탁, 과태료 부과 등의규정을 신설함 (안 제73조제9항 및 제10항, 제97조, 제98조 및 제106조).3. 개정안에 의하면 발전소주변지역지원사업에 대한 전력산업기반기금사용 조항의 시행일을 ""2001년 1월 1일부터""로 하고 있으나, 전력산업기반기금의 준비기간을 감안하여 ""2002년 1월 1일부터""로 1년 연기함(안 부칙제1조).']",산업자원위원회,[]
160050,  발전소주변지역지원에관한법률중개정법률안,2000-06-30,정부,2000-12-08,수정가결,제16대 (2000~2004) 제212회,"['■ 제안이유電力産業의 構造改編에 의하여 韓國電力公社가 다수의 發電事業者 등으로 분할되고 發電所周邊地域 支援事業의촉진을 위하여 設置된 周邊地域支援事業基金이 電氣事業法에 의한 電力産業基盤基金에 통합됨에 따라 發電所周邊地域 支援事業의 施行에 관련된 규정을 이에 맞도록 조정하려는 것임.■ 주요골자1. 周邊地域支援事業基金을 電氣事業法에 의한 電力産業基盤基金으로 통합하여 周邊地域의 지원사업에 소요되는 비용을 同基金에서 부담하도록 함에 따라 支援事業基金에 관한 규정을 삭제함(현행 제4조 내지 제8조 삭제 및 안 제10조제2항).2. 電力産業 構造改編으로 韓國電力公社가 다수의 發電事業者 등으로 分割됨에 따라 韓國電力公社가 수립하던지원사업에 관한 計劃을 産業資源部長官이 수립하도록 하고, 각 周邊地域別 支援事業에 관한 長期計劃은 당해 地域의 市長·郡守 또는 區廳長이 수립하도록 함(안 제9조).3. 市長·郡守 또는 區廳長이 건설을 요청한 原子力發電所 및 放射性廢棄物管理施設의 주변지역 등에 대하여는지원사업을 우선시행하거나 支援金을 조기에 사용할 수 있도록 함(안 제15조제2항 및 제16조).□ 수정이유발전소주변지역의 범위를 현재 시행령에서 운영하고 있는 범위를 반영하여 분명히 규정하고, 전력산업기반기금의 준비기간을 감안하여 주변지역지원사업과 관련한 조항의 시행시기를 1년 연기하려는 것임.□ 수정주요골자1. 현재 발전소주변지역의 범위를 ""발전시설로부터 반경 5킬로미터 이내의 육지 및 도서지역""으로 규정하고 있음에도 시행령에서는 주변지역이 속하는 읍·면·동의 지역에까지 확대하여 운영하고 있는 점을 감안하여,주변지역의 범위를 ""발전시설로부터 반경 5킬로미터 이내의 육지 및 도서지역이 속하는 읍·면·동의 지역""으로 분명히 함(안 제2조제1호).2. 개정안은 ""2001년 1월 1일부터"" 이 법을 시행하는 것으로 규정하고 있으나, 시행령 준비기간을 감안하여""공포 후 2월이 경과한 날부터"" 시행토록 하고, 또한 전력산업기반기금의 준비기간을 감안하여 주변지역 지원사업과 관련한 조항의 시행시기는 ""2002년 1월 1일부터"" 로 1년 연기함(안 부칙 제1조).']",산업자원위원회,[]
160049,  전력산업구조개편촉진에관한법률안,2000-06-30,정부,2000-12-08,수정가결,제16대 (2000~2004) 제212회,"['■ 제안이유한국전력공사가 독점하고 있는 전력산업에 경쟁체제를 도입하기 위하여 한국전력공사의 발전사업 등을 수개의회사로 분할하여 단계적으로 민영화하는 전력산업의 구조개편을 지원·촉진하려는 것임.■ 주요골자1. 한국전력공사가 분할하고자 하는 때에는 미리 산업자원부장관의 인가를 받도록 하여 공사의 분할을 통한 전력산업의 구조개편이 실효성있게 이루어질 수 있도록 함(안 제3조).2. 한국전력공사의 분할과 관련된 주주총회의 소집공고기간 등을 단축하고, 소수주주에 대하여는 서면통지에갈음하여 2 이상의 일간신문에 공고할 수 있도록 하는 등 공사의 분할절차를 간소화함(안 제4조).3. 한국전력공사의 분할에 의하여 설립된 신설회사가 공사로부터 전기사업을 승계한 때에는 전기사업법 등에의하여 전기사업과 관련된 인·허가를 받은 것으로 의제하여 별도의 절차를 거치지 아니하고 그 신설회사가승계한 전기사업을 계속할 수 있도록 함(안 제6조).4. 한국전력공사의 분할에 의하여 설립된 신설회사의 설립등기 기타 자산의 등기·등록시 국민주택채권 등의매입의무를 면제하여 한국전력공사의 분할을 지원함(안 제7조).■ 위원회 수정사항□ 수정이유 및 주요골자부칙 제4항에 ""민영화의 차질 없는 추진을 위하여 이 법 시행 후 1년의 준비기간을 둔다.""는 신설회사의 민영화시기에 관한 규정을 신설함(안 부칙 제4항).']",산업자원위원회,[]
160048,  송아지생산안정에관한법률안(이강두의원등 26인),2000-06-30,의원,2000-12-21,대안반영폐기,제16대 (2000~2004) 제212회,"['■ 제안이유생우 및 쇠고기 전면 수입개방의 변화에 대처하기 위하여 송아지 생산 안정제를 추진하고, 이에 필요한 경비의재원에 관한 조치 등을 강구함으로써 적정규모의 사육기반을 유지하고 한우산업의 건전한 발전을 도모하는 것을 목적으로 한다.■ 주요골자1. 송아지생산안정제의 업무범위와 시행주체를 명확히 함(안 제3조).2. 송아지생산안정 기준가격은 1년마다 심의위원회의 심의를 거쳐 농림부장관이 결정하도록 함(안 제5조).3. 송아지생산 안정자금의 재원은 수입쇠고기 관세 상당액, 지방자치단체가 납부하는 부담금, 계약농가가 납부하는 부담금 등으로 함(안 제12조).4. 생산안정제에 관한 사항을 심의하고 농림부장관의 자문에 응하기 위해 농림부에 심의위원회를 둠(안 제14조).']",농림해양수산위원회,"['이강두', '권오을', '김기춘', '김무성', '김용갑', '김용균', '김용학', '김찬우', '목요상', '박시균', '박재욱', '박희태', '손태인', '신경식', '윤한도', '이규택', '이방호', '이상득', '이상배', '이완구', '이재창', '임인배', '정창화', '주진우', '하순봉', '허태열']"
160045,  국민건강보험법중개정법률안(김정숙의원등 29인 외 104인),2000-06-29,의원,2000-12-08,대안반영폐기,제16대 (2000~2004) 제212회,"['■ 제안이유여성의 모성기능 보호의 일환으로 임산부가 태아건강검진을 받고 산전후 휴식을 취하는 것은 여성의 건강을 위하여 매우 중요하며 국민의 재생산이라는 면에서 모성보호비용을 사회분담화하는 것이 세계적인 추세임. 그러나 우리나라 현행법상 근로여성의 산전후휴가에 대해서만 규정되어 있으며 그 휴가비용도 사업주의 전액부담으로 되어있어 산전후 충분한 휴가를 가질 수 없을 뿐만 아니라 여성의 고용을 저해하는 요인으로 작용하고 있는바, 2000년 7월 1일부터 시행될 예정인 『국민건강보험법』상 모성보호급여를 신설하여 가입자 및 피부양자중여자가 임신을 한 경우 태아건강검진 및 산전후 건강회복을 위한 기간에 대하여 휴가에 소요되는 비용의 일부를 모성보호급여로 지급받도록 하되 국가가 이를 부담 또는 보조하도록 하며 재원문제를 감안하여 대통령령이정하는 바에 따라 순차적으로 시행토록 함으로써 여성의 모성보호를 강화하려는 것임.■ 주요골자1. 급여의 종류에 모성보호급여를 신설하여 가입자 및 피부양자중 여자가 임신을 한 경우 태아건강검진 및 산전후 건강회복을 위한 기간에 대하여 휴가에 소요되는 비용의 일부를 모성보호급여로 지급하도록 함(안 제38조의2 및 제39조의2 제1항 내지 제3항 신설)2. 모성보호급여는 대통령령이 정하는 바에 의하여 순차적으로 실시하며 국가가 이를 부담 또는 보조하도록 함(안 제39조의2 제4항·제5항 신설)']",보건복지위원회,"['김정숙', '강창성', '김락기', '김용균', '김찬우', '맹형규', '박세환', '박승국', '박주천', '박창달', '박희태', '손태인', '손학규', '손희정', '신영균', '오세훈', '윤여준', '이연숙', '이원창', '이원형', '이윤성', '이재오', '전재희', '정문화', '정인봉', '조웅규', '조정무', '주진우', '홍사덕', '김학송', '김형오', '김호일', '김홍신', '나오연', '남경필', '도종이', '목요상', '민봉기', '박관용', '박근혜', '박명환', '박시균', '박원홍', '박재욱', '박종근', '박종웅', '박종희', '박헌기', '박혁규', '백승홍', '서상섭', '서정화', '서청원', '신경식', '신영국', '신현태', '심규철', '심재철', '안경률', '안상수', '안영근', '안택수', '엄호성', '원희룡', '유성근', '유흥수', '윤경식', '윤두환', '윤영탁', '윤한도', '이강두', '이규택', '이방호', '이병석', '이부영', '이상득', '이상배', '이상희', '이성헌', '이인기', '이재창', '이주영', '이한구', '이해봉', '이회창', '임인배', '임진출', '임태희', '전용원', '정병국', '정의화', '정재문', '정창화', '정형근', '최돈웅', '최병국', '최병렬', '최연희', '하순봉', '허태열', '현경대', '현승일', '황승민', '황우여']"
160044,  남녀고용평등법중개정법률안(김정숙의원등 29인 외 104인),2000-06-29,의원,2001-07-18,대안반영폐기,제16대 (2000~2004) 제212회,"['■ 제안이유현재 무급인 육아휴직기간의 소득보장을 위하여 고용보험법에서 임금의 일부를 지급하도록 하고, 가족간호휴직을 신설하여 현재 공무원에 부여되고 있는 가족간호휴직제도를 민간부분에도 도입하며, 이들 육아휴직 및 가족간호휴직이 남녀근로자 모두에게 적용되는 만큼 이와 관련된 조항을 포함하는 제3장의 제목을 \'근로자의 가족책임지원\'으로 함으로써 근로자의 가족복지 향상을 기하고자 함.■ 주요골자1. 제3장의 제목인 ""모성보호 및 복지시설 설치"" 를 ""근로자의 가족책임지원""으로 함. (안 제3장의 제목)2. 육아휴직중인 근로자에게 고용보험법에 의한 고용보험기금에서 임금의 일부분을 지급할 수 있도록 함. (안제11조제4항)3. 사업주는 근로자가 사고 또는 질병 등으로 장기간의 요양을 요하는 부모, 배우자, 자녀 또는 배우자의 부모의 간호를 위하여 휴직을 할 수 있도록 가족간호휴직제도를 신설하고, 휴직만료후 당연 복직을 명시함. (안제11조의2제1항 및 제2항)4. 근로자가 휴직기간중 그 사유가 소멸된 때는 지체없이 이를 사업주에게 신고하여야 하며, 사업주는 휴직기간 만료 이전이라도 복직을 명할 수 있도록 함. (안 제11조의2제3항)5. 가족간호휴직기간은 근속기간에 포함되지 않음을 명시함. (안 제11조의2제4항)']",환경노동위원회,"['김정숙', '강창성', '김락기', '김용균', '김찬우', '맹형규', '박세환', '박승국', '박주천', '박창달', '박희태', '손태인', '손학규', '손희정', '신영균', '오세훈', '윤여준', '이연숙', '이원창', '이원형', '이윤성', '이재오', '전재희', '정문화', '정인봉', '조웅규', '조정무', '주진우', '홍사덕', '김학송', '김형오', '김호일', '김홍신', '나오연', '남경필', '도종이', '목요상', '민봉기', '박관용', '박근혜', '박명환', '박시균', '박원홍', '박재욱', '박종근', '박종웅', '박종희', '박헌기', '박혁규', '백승홍', '서상섭', '서정화', '서청원', '신경식', '신영국', '신현태', '심규철', '심재철', '안경률', '안상수', '안영근', '안택수', '엄호성', '원희룡', '유성근', '유흥수', '윤경식', '윤두환', '윤영탁', '윤한도', '이강두', '이규택', '이방호', '이병석', '이부영', '이상득', '이상배', '이상희', '이성헌', '이인기', '이재창', '이주영', '이한구', '이해봉', '이회창', '임인배', '임진출', '임태희', '전용원', '정병국', '정의화', '정재문', '정창화', '정형근', '최돈웅', '최병국', '최병렬', '최연희', '하순봉', '허태열', '현경대', '현승일', '황승민', '황우여']"
160043,  고용보험법중개정법률안(김정숙의원등 29인 외 104인),2000-06-29,의원,2001-07-18,대안반영폐기,제16대 (2000~2004) 제212회,"['■ 제안이유현재 남녀고용평등법에 의해 허용되고 있는 근로자의 육아휴직이 무급으로 되어 있는 바, 휴직제도의 실효성제고 및 휴직근로자의 복지차원에서 휴직기간동안 임금의 일부를 지급하기 위하여 고용보험법에 휴직급여를 신설하고 육아휴직급여를 지급하도록 함으로써 근로자의 복지증진을 도모하고자 함.■ 주요골자1. 휴직에 대한 정의를 규정하고 고용보험사업에 휴직급여도 포함하도록 함.(안 제2조제4호, 안 제4조제1항)2. 제5장의2를 신설하여 육아휴직중인 근로자에게 임금의 일부를 지급하도록 함.(안 제5장의2)3. 근로자가 부담해야 하는 보험료에 휴직급여를 포함함. (안 제56조제2항 및 제57조제1항)']",환경노동위원회,"['김정숙', '강창성', '김락기', '김용균', '김찬우', '맹형규', '박세환', '박승국', '박주천', '박창달', '박희태', '손태인', '손학규', '손희정', '신영균', '오세훈', '윤여준', '이연숙', '이원창', '이원형', '이윤성', '이재오', '전재희', '정문화', '정인봉', '조웅규', '조정무', '주진우', '홍사덕', '김학송', '김형오', '김호일', '김홍신', '나오연', '남경필', '도종이', '목요상', '민봉기', '박관용', '박근혜', '박명환', '박시균', '박원홍', '박재욱', '박종근', '박종웅', '박종희', '박헌기', '박혁규', '백승홍', '서상섭', '서정화', '서청원', '신경식', '신영국', '신현태', '심규철', '심재철', '안경률', '안상수', '안영근', '안택수', '엄호성', '원희룡', '유성근', '유흥수', '윤경식', '윤두환', '윤영탁', '윤한도', '이강두', '이규택', '이방호', '이병석', '이부영', '이상득', '이상배', '이상희', '이성헌', '이인기', '이재창', '이주영', '이한구', '이해봉', '이회창', '임인배', '임진출', '임태희', '전용원', '정병국', '정의화', '정재문', '정창화', '정형근', '최돈웅', '최병국', '최병렬', '최연희', '하순봉', '허태열', '현경대', '현승일', '황승민', '황우여']"
160042,  근로기준법중개정법률안(김정숙의원등 29인 외 104인),2000-06-29,의원,2001-07-18,대안반영폐기,제16대 (2000~2004) 제212회,"['■ 제안이유근로여성의 건강과 가정을 보호·육성하고 근로자복지를 실현하기 위해서는 모성보호의 강화가 요구되는 바,현행 근로기준법에 규정된 산전후 휴가를 임산부의 태아건강검진휴가, 산전후 보호휴가 및 유산·사산시 산모보호휴가를 포함한 유급의 모성보호휴가로 확대하고, 산전후 보호휴가기간을 국제노동기구가 권장하는 기준에근접하도록 상향 조정하며 사용자가 부담하는 모성보호비용의 일부를 사회보험에서 분담하도록 하는 등 기존의모성보호 규정들을 합리적으로 개선·강화하려는 것임.■ 주요골자1. 산전후휴가를 모성보호휴가로 전환하고 사용자는 임신중의 여자에 대하여 월 1일의 유급 태아건강검진휴가를 주고, 산전후를 통하여 90일의 유급 보호휴가를 주되 산후에 45일이상이 확보되도록 하며, 유산 또는 사산할 경우 유급 산모보호휴가를 주도록 함. (안 제72조 제1항 내지 제3항).2. 모성보호휴가중인 근로자는 임금의 일부를 국민건강보험법에 의거하여 모성보호급여를 받으며, 이 경우 사용자는 모성보호급여 부분을 임금에서 제외하도록 함. (안 제72조 제4항).']",환경노동위원회,"['김정숙', '강창성', '김락기', '김용균', '김찬우', '맹형규', '박세환', '박승국', '박주천', '박창달', '박희태', '손태인', '손학규', '손희정', '신영균', '오세훈', '윤여준', '이연숙', '이원창', '이원형', '이윤성', '이재오', '전재희', '정문화', '정인봉', '조웅규', '조정무', '주진우', '홍사덕', '김학송', '김형오', '김호일', '김홍신', '나오연', '남경필', '도종이', '목요상', '민봉기', '박관용', '박근혜', '박명환', '박시균', '박원홍', '박재욱', '박종근', '박종웅', '박종희', '박헌기', '박혁규', '백승홍', '서상섭', '서정화', '서청원', '신경식', '신영국', '신현태', '심규철', '심재철', '안경률', '안상수', '안영근', '안택수', '엄호성', '원희룡', '유성근', '유흥수', '윤경식', '윤두환', '윤영탁', '윤한도', '이강두', '이규택', '이방호', '이병석', '이부영', '이상득', '이상배', '이상희', '이성헌', '이인기', '이재창', '이주영', '이한구', '이해봉', '이회창', '임인배', '임진출', '임태희', '전용원', '정병국', '정의화', '정재문', '정창화', '정형근', '최돈웅', '최병국', '최병렬', '최연희', '하순봉', '허태열', '현경대', '현승일', '황승민', '황우여']"
160041,  독도개발특별법안(윤한도의원등 24인),2000-06-28,의원,2004-05-29,임기만료폐기,제16대 (2000~2004) 제212회,"['■ 제안이유우리나라 고유의 영토인 독도를 개발함에 있어 종합개발계획을 수립하여 체계적이고 환경친화적으로 개발함으로써 유인도(有人島)로서의 확고한 기반을 갖추도록 하고 국민의 자유롭고 지속적인 왕래를 촉진시켜 독도영유권 문제를 근원적으로 해결하고자 함.■ 주요골자1. 독도의 동·서도간에 최소한의 경작을 위한 매립과 식수개발, 작물재배 및 재배시설과 방파제 및 선착장,에너지개발시설, 해양자원 연구시설, 관광 및 관련시설 등을 포함하는 독도종합개발계획을 수립하여 체계적인 개발을 함으로써 완벽한 거주기반을 조성하고 어선 등의 긴급피항 등 독도의 효율적 이용을 도모하고 국민의 왕래를 촉진하도록 함(안 제5조).2. 해양수산부장관은 독도종합개발계획에 따른 연차별투자계획을 수립하여 시행하도록 함(안 제7조).3. 독도종합개발계획의 지침 및 기준과 사업의 우선순위 조정 등을 심의하기 위하여 국회에 15인 이내의 독도종합개발심의위원회를 설치하도록 하고, 위원장은 국회 해양수산부 소관상임위원회 위원장이 되도록 함(안제9조).4. 해양수산부장관이 독도종합개발계획의 수립과 사업의 효율적인 추진을 위하여 해양수산부 차관을 위원장으로 하는 20인 이내의 독도종합개발자문위원회를 설치하도록 함(안 제10조).5. 독도종합개발사업의 시행은 해양수산부장관이 하도록 하고 필요한 경우 해당 지방자치단체의 장에게 위임할수 있도록 함(안 제11조).6. 독도개발사업에 의해 조성된 시설은 국유재산법에 의해 관리하도록 하 되 입주민에게 임대 또는 양도할 수있도록 함(안 제13조제1항).7. 입주민에 대한 입주대책을 수립·시행하도록 하고 입주민의 편의를 위해 독도의 개발시설 이용과 보조금을지원할 수 있도록 함(안 제14조 및 제15조).8. 국민의 출입의 편의를 도모하기 위하여 독도에 취항하는 선박에 대해 지원할 수 있도록 함(안 제16조).9. 독도종합개발사업의 시행과 더불어 독도에 대한 종합적인 환경영향평가를 2년마다 1회 이상 시행하도록 함(안 제17조제1항).10. 독도 등 영토에 대한 연구와 대내외적인 홍보를 위해 독도기금과 정부출연의 독도 등 영토연구기관을 설립하도록 함(안 제18조).11. 정부출연금과 독도에 설치된 시설의 이용료 및 관광요금을 징수하여 독도기금을 설치할 수 있도록 함(안제19조).12. 해양수산부장관은 필요하다고 인정할 경우 독도종합개발심의위원회의 승인을 얻어 개발시설의 이용을 제한할 수 있도록 함(안 제20조).13. 독도에 설치된 개발시설과 생태계 및 자연환경을 훼손하거나 파괴한 자는 3년 이하의 징역 또는 1천만원이하의 벌금에 처하도록 함(안 제22조).']",농림해양수산위원회,"['윤한도', '권오을', '김기춘', '김무성', '김용갑', '김용학', '김호일', '박명환', '박재욱', '박희태', '손태인', '신경식', '유흥수', '이강두', '이방호', '이부영', '이상득', '이상배', '이완구', '정창화', '정형근', '주진우', '최연희', '허태열']"
160039,  정부조직법중개정법률안(이상배의원등 30인),2000-06-27,의원,2000-12-27,폐기,제16대 (2000~2004) 제212회,"['■ 제안이유농림부가 수행하고 있는 업무내용을 명확히 하는 한편, 한국마사회를 농림부로 이관하므로써 이 법의 제정 목적인 마사의 진흥및 축산의 발전을 효율적으로 이행토록 하고자 함.■ 주요골자1. 농림부 장관이 관장하는 사무내용을 농산 . 원예 . 특작 . 식량 . 농촌개발 및 축산으로 함.2. 한국마사회를 현행 문화관광부에서 농림부관할로 바꿈.']",행정자치위원회,"['이상배', '권오을', '김광원', '김기춘', '김동욱', '김무성', '김용학', '김태호', '목요상', '박승국', '박시균', '박재욱', '박헌기', '박희태', '백승홍', '손태인', '신경식', '유흥수', '윤한도', '이강두', '이규택', '이상득', '이재오', '임인배', '정의화', '정창화', '정형근', '주진우', '하순봉', '허태열']"
160032,  경기도화성시등2개도농복합형태의시설치등에관한법률안,2000-06-23,정부,2000-12-01,원안가결,제16대 (2000~2004) 제212회,['■ 제안이유 및 주요골자수도권 배후지역으로서 높은 인구증가와 급속한 도시화·산업화의 추세에 있는 경기도 화성군 및 광주군의 2개군을 도농복합형태의 시로 개편하여 당해 지역의 주민생활의 편익을 증진시키고 도시와 농촌지역간의 균형적인발전을 도모하려는 것임.'],행정자치위원회,[]
160031,  최저임금법중개정법률안,2000-06-23,정부,2000-10-09,원안가결,제16대 (2000~2004) 제212회,"['■ 제안이유 및 주요골자勤勞者에게 최저수준의 賃金을 보장하기 위하여 施行하고 있는 最低賃金制의 적용대상을 종전에는 상시 5人 이상의 勤勞者를 사용하는 사업장으로 제한하였으나, 앞으로는 低所得 勤勞者의 생활보장과 생산성 향상을 위하여 그 적용대상을 모든 사업장으로 확대하려는 것임.']",환경노동위원회,[]
160030,  낙동강수계물관리및주민지원등에관한법률안,2000-06-23,정부,2001-12-07,대안반영폐기,제16대 (2000~2004) 제212회,"['■ 제안이유낙동강수계의 수질개선사업을 지속적으로 추진하여 왔음에도 불구하고 오염물질의 사후처리위주의 대책만으로는 근본적인 수질개선에 한계가 있고, 중·상류지역의 오염원 입지(汚染源 立地)와 관련하여 상·하류지역 사이의 갈등이 심해지는 등 수질관리여건이 갈수록 어려워지고 있음에 따라 하천인접지역에는 오염물질의 배출기준을 강화하고 배출시설(排出施設)의 설치를 제한하는 등 수질오염 예방대책을 강구하며, 지방자치단체별로 오염총량관리제(汚染總量管理制)를 의무적으로 실시하도록 하는 등 효과적인 수질관리를 도모함은 물론, 낙동강수계로부터 물을 취수하여 사용하는 최종소비자로부터 [물이용부담금]을 부과·징수하여 상류지역의 환경기초시설 설치·운영 및 주민지원사업을 지원함으로써 상·하류지역 사이의 협력을 통하여 상수원의 수질을 개선하려는 것임.■ 주요골자1. 환경부장관은 상수원으로 이용되는 낙동강수계 댐의 수질보전을 위하여 댐 및 그 상류지역중 일정거리를 수변구역(水邊區域)으로 지정하여 공장·축사·음식점·숙박시설 등의 설치를 제한할 수 있도록 함(안 제4조및 제5조).2. 시·도지사는 상수원보호구역(上水源保護區域)이 지정되지 아니한 취수시설(取水施設) 주변지역으로서 수질이 좋지 아니한 지역을 상수원보호구역으로 반드시 지정하도록 함(안 제7조).3. 낙동강수계의 물관리를 위한 물이용부담금의 부과·징수에 관한 사항 및 낙동강수계관리기금의 운용·관리에 관한 사항 등을 협의·조정하기 위하여 낙동강수계관리위원회(洛東江水系管理委員會)를 설치하고, 동위원회가 상수원보호구역·수변구역 등 상수원의 수질에 미치는 영향이 크다고 인정되는 지역의 토지 등을 매수할 수 있도록 함(안 제8조 및 제40조).4. 환경부장관은 하천구간별 목표수질을 달성하기 위하여 오염총량관리기본방침(汚染總量管理基本方針)을 수립하고, 시·도지사는 그 기본방침에 따라 오염총량관리기본계획을 수립하며, 시장·군수는 그 기본계획에 따라 오염총량관리시행계획을 수립하여 시행하도록 함(안 제9조 내지 제11조).5. 지방자치단체의 장은 자치단체별로 할당된 오염부하량을 초과하여 도시 및 산업단지의 개발 등에 관한 인·허가 등을 하여서는 아니되며, 환경부장관은 오염총량관리계획을 이행하지 아니한 자치단체에 대하여 재정적 지원의 중단 또는 삭감, 폐수배출시설(廢水排出施設) 설치 제한 등의 조치를 할 수 있도록 함(안 제16조).6. 산업단지에는 폐수를 일정기간 저류할 수 있는 완충저류시설(緩衝貯留施設)을 설치하도록 하고, 유독물 영업장 등에는 수질오염사고를 방지하기 위한 시설을 설치하도록 함(안 제18조).7. 시·도지사는 관할 시·군·구별 물수요관리목표를 정하고, 목표를 달성하지 못한 지방자치단체는 도시 및산업단지의 개발 등에 관한 인·허가 등을 제한할 수 있도록 함(안 제23조).8. 시장·군수는 상수원관리지역 및 댐주변지역의 주민이 받고 있는 불이익을 보전하기 위하여 소득증대사업·복지증진사업 등 주민지원사업을 시행하도록 함(안 제26조).9. 환경기초시설(環境基礎施設)의 설치 등 수질개선사업의 효율적 추진을 위하여 사업추진에 필요한 토지등에대한 수용(收用)의 근거를 마련하고, 수질개선사업계획에 대한 환경부장관의 승인이 있는 때에는 관계 법률에 의한 인·허가 등을 받은 것으로 보도록 함(안 제29조 내지 제31조).10. 주민지원사업 및 수질개선사업에 필요한 재원을 확보하기 위하여 낙동강수계의 물을 취수하여 사용하는 최종수요자 및 전용수도(專用水道) 설치자에게 물이용부담금을 부과·징수하도록 함(안 제35조).']",환경노동위원회,[]
160029,  농어촌주택개량촉진법중개정법률안(이상배의원등 30인),2000-06-23,의원,2001-06-28,수정가결,제16대 (2000~2004) 제212회,"['■ 제안이유농어촌의 빈집이 흉물로 방치되고 있으나, 지방자치단체가 재원을 확보하지 못하여 정비에 난항을 겪고 있고그 정비가 지연됨에 따라 농어촌의 미관을 해치는 것은 물론 범죄자의 은신처나 우범장소로 악용되고 있어 그대책이 시급하여 관련조항을 개정하려는 것임.■ 주요골자1. 빈집철거비용 및 보상비에 필요한 주거환경개선자금은 정부가 조성하도록 함(안 제8조제1항).2. 빈집철거비용 및 보상비의 용도로 사용되는 주거환경개선자금은 행정자치부령이 정하는 바에 의하여 별도로관리·운영하도록 함(안 제8조제4항).■ 위원회 수정사항□ 수정이유 및 주요골자빈집철거비용 및 보상비의 용도로 사용되는 주거환경개선자금은 행정자치부령이 정하는 바에 의하여 별도로 관리·운영하도록 한 조항을 삭제함.']",행정자치위원회,"['이상배', '강신성일', '강재섭', '권오을', '김기춘', '김동욱', '김성조', '김일윤', '김종하', '박승국', '박시균', '박재욱', '박주천', '박헌기', '박희태', '백승홍', '서정화', '신영국', '안택수', '유흥수', '윤영탁', '이강두', '이인기', '이재창', '이해봉', '임인배', '정창화', '주진우', '최선영', '현경대']"
160028,  부동산소유권이전등기등에관한특별조치법안(이상배의원등 30인),2000-06-23,의원,2004-05-29,임기만료폐기,제16대 (2000~2004) 제212회,"['■ 제안이유이 법은 2000년 6월 1일 현재 소유권보존등기가 되어 있지 아니하거나 등기부상의 권리관계가 실제와는 다른부동산에 대하여 간편한 절차로 등기를 할 수 있도록 하는 것인 바, 과거 1977년과 1992년에 제정된 부동산소유권이전등기등에관한특별조치법에 의하여 이와 같은 조치를 취한 적이 있으나 이를 알지 못하거나 해태하여아직도 이전등기를 하지 아니한 부동산실소유자가 많이 있어 이를 간편한 절차에 의해 등기를 하게 함으로써진정한 권리자의 소유권을 보호하고 재산권으로서의 기능을 할 수 있게 하고자 함.■ 주요골자1. 이 법의 적용대상 부동산을 이 법 시행일 현재 지적공부(地籍公簿)에 등재되어 있는 토지 또는 임야 및 건축물대장에 등록되어 있는 건축물로 함(안 제2조).2. 이 법의 적용범위를 1995년 6월 30일 이전에 상속·매매·증여·교환 등의 법률행위로 인하여 사실상 양도된 부동산으로서 진정한 권리자의 명의로 소유권보존등기가 되어 있지 아니한 부동산에 대하여 이를 적용하도록 함(안 제3조).3. 이 법의 적용지역 및 대상을 수복지구를 제외한 읍·면지역의 전 토지 및 건물과 시지역(인구 50만 이상의시를 제외함)의 농지 및 임야로 하되, 광역시 및 인구 50만 이상의 시에 대하여는 1995년 1월 1일 이후 광역시 또는 그 시에 편입된 지역으로 함(안 제4조).4. 미등기부동산을 사실상 양도받은 사람 등은 확인서를 첨부하여 당해 부동산의 대장소관청(臺帳所管廳)에 대장상의 소유명의인변경등록(所有名義人變更登錄) 또는 복구등록을 신청할 수 있도록 하고, 변경등록 또는복구등록된 대장상(臺帳上)의 소유명의인은 그 대장등본을 첨부하여 자기명의로 소유권이전등기를 신청할수 있도록 함(안 제6조).5. 이 법에 의한 등기를 신청하고자 하는 경우 당해 부동산의 대장소관청(臺帳所管廳)에서 발급하는 확인서를첨부하도록 하고, 그 확인서를 발급 받으려는 사람은 시장·구청장 또는 읍·면장이 당해 부동산소유지 동·리에 대통령령이 정하는 기간 이상 거주하고 있는 사람 중에서 3인 이상이 그 사실을 보증하는 보증서를첨부하여 서면으로 신청하도록 하며, 이를 접수한 대장소관청(臺帳所管廳)은 2월 이상 공고한 후 확인서를발급하도록 하되, 그 기간 중 이의신청이 있는 부동산에 대하여는 이의에 대한 처리가 완결되기 전에는 확인서를 발급하지 못하도록 함(안 제9조 및 제10조).6. 허위의 방법으로 확인서를 발급 받은 사람, 행사할 목적으로 확인서 등의 문서를 위조 또는 변조한 사람,허위의 보증서를 작성한 사람은 1년 이상 10년 이하의 징역 또는 500만원 이상 1억원 이하의 벌금에 처하거나 이를 병과할 수 있도록 함(안 제14조).7. 이 법은 2001년 1월 1일부터 시행하여 2002년 12월 31일까지 효력을 가지도록 하되, 이 법 시행 중에 확인서의 발급을 신청한 부동산에 대하여는 유효기간 경과 후 6월까지는 이 법에 의한 등기를 신청할 수 있도록함(안 부칙 제1조 및 제2조).']",법제사법위원회,"['이상배', '강신성일', '강재섭', '권오을', '김기춘', '김동욱', '김성조', '김일윤', '김종하', '박승국', '박시균', '박재욱', '박주천', '박헌기', '박희태', '백승홍', '서정화', '신영국', '안택수', '유흥수', '윤영탁', '이강두', '이인기', '이재창', '이해봉', '임인배', '정창화', '주진우', '최선영', '현경대']"
160027,  조세특례제한법중개정법률안,2000-06-21,정부,2000-10-09,수정가결,제16대 (2000~2004) 제212회,"['■ 제안이유約束어음의 不渡로 인하여 中小企業이 連鎖倒産하는 사례를 방지하기 위하여 購買企業이 購買代金을 換어음 등현금화가 용이한 방식으로 決濟하는 경우 이에 대한 稅制支援을 받을 수 있도록 하고, 老人·障碍人 등을 대상으로 하는 生計型貯蓄에서 발생하는 利子所得 및 配當所得에 대하여는 所得稅를 부과하지 아니하도록 하며, 企業構造調整이 원활하게 이루어질 수 있도록 企業改善計劃에 따른 企業分割에 대하여 稅制支援制度를 신설하려는 것임.■ 주요골자1. 企業이 購買代金을 約束어음 대신 換어음 또는 企業購買專用카드 등으로 지급하는 것을 유도하기 위하여 換어음 또는 企業購買專用카드 등에 의한 支給額이 約束어음發行額을 초과하는 경우 그 超過額의 0.5퍼센트상당액을 所得稅 또는 法人稅에서 공제하도록 함(안 제7조의2 신설).2. 企業構造調整協約에 의한 企業改善計劃에 따라 會社를 分割하는 경우 特別附加稅의 移越課稅를 인정하고,分割로 인한 承繼資産에 대한 取得稅 및 登錄稅를 면제하며, 分割로 新設되는 法人의 設立登記 등에 따른登錄稅를 면제하여 企業構造調整을 지원함(안 제45조의2 및 제119조제1항제18호 신설).3. 老人·障碍人 등이 가입하는 2千萬원 이하의 生計型貯蓄과 證券投資信託會社가 설정하는 2千萬원 이하의 信託貯蓄에 가입하는 경우에는 당해 저축으로부터 발생하는 利子所得 또는 配當所得에 대하여 所得稅를 부과하지 아니함(안 제88조의2 및 제88조의3 신설).4. 종전에는 預金保險公社가 보유하고 있는 株式중 不實金融機關의 株式을 讓渡하는 경우 證券去來稅를 면제하였으나, 앞으로는 不實金融機關을 引受 또는 合倂한 金融機關의 株式을 讓渡하는 경우에도 證券去來稅를 면제하도록 하여 預金保險公社에 의한 金融産業의 構造調整을 지원함(안 제117조제1항제8호).■ 위원회 수정사항□ 수정이유投資信託會社의 非課稅貯蓄을 조기에 판매할 수 있도록 함과 동시에 동 저축에 대하여 農漁村特別稅를 賦課하지 않도록 하여 金融市場의 安定을 도모하고, 請願의 趣旨를 受容하여 農業協同組合中央會 등의 合倂에 대한課稅特例를 신설하며, 金融持株會社法 및 企業構造調整投資會社에관한法律의 制定에 맞추어 이들 法律에 의한金融持株會社 및 企業構造調整投資會社의 設立과 運營이 원활하게 이루어질 수 있도록 稅制支援制度를 신설하기 위함.□ 수정주요골자1. 投資信託會社의 非課稅貯蓄에 관한 適用例를 이 법 시행후 최초로 加入하는 分부터 적용하도록 되어 있던것을 이 법 시행후 최초로 支給하는 所得分부터 적용되도록 修正하여 非課稅貯蓄이 조기에 판매될 수 있도록 하고, 동 저축에 대하여는 農漁村特別稅도 면제하도록 함(안 부칙 제8조·부칙 제14조 및 제15조).2. 法律 第6018號 農業協同組合法에 의하여 설립된 農業協同組合中央會가 해산된 農業協同組合中央會와 畜産業協同組合中央會 등의 稅務調整事項을 法人稅法 第49條의 규정에 불구하고 承繼할 수 있도록 함(안 제72조의2).3. 金融機關등의 株主가 2005年 12月 31日까지 金融持株會社에 株式을 移轉하거나 金融持株會社의 株式과 交換하는 경우 주식양도차익에 대한 소득세 또는 법인세를 금융지주회사의 주식을 양도할 때까지 課稅移延하고證券去來稅도 면제함(안 제52조의2 및 제117조제1항제16호 신설).4. 金融持株會社가 금융기관등의 주식을 이전받거나 금융기관과 주식을 교환함에 따라 2005年 12月 31日까지設立登記 또는 資本增加登記를 하는 경우에는 登錄稅를 면제하도록 함(안 제119조제1항제19호 신설).5. 금융지주회사가 子會社의 株式을 취득함으로써 寡占株主가 되는 경우에도 지방세법에 의한 擬制取得稅를 부과하지 않도록 함(안 제120조제5항제8호 신설).6. 企業構造調整投資會社에 출자한 居住者가 그 주식을 양도한 경우 株式讓渡差益에 대한 소득세를 비과세하고配當所得에 대하여는 分離課稅하도록 함(안 제55조제4항).7. 企業構造調整投資會社가 2003年 12月 31日까지 설립등기하는 경우 지방세법에 의한 등록세의 大都市 重課規定의 적용을 排除하고, 기업개선약정체결기업의 주식을 양도하는 경우 證券去來稅를 면제하며, 抵當權의移轉 등을 위해 登記하는 경우 登錄稅를 면제하도록 함(안 제117조제1항제17호, 제119조제1항제20호 및 동조 제6항 신설).8. 企業構造調整投資會社가 약정체결기업의 주식을 취득함으로써 寡占株主가 되는 경우에도 地方稅法에 의한擬制取得稅를 부과하지 않도록 함(안 제120조제5항제11호신설).']",재정경제위원회,[]
160026,  소득세법중개정법률안,2000-06-21,정부,2000-10-09,수정가결,제16대 (2000~2004) 제212회,"['■ 제안이유疎外階層 및 公益事業에 대한 寄附文化가 활성화될 수 있도록 개인의 寄附金에 대한 稅制支援을 확대하고, 中産層 및 庶民層의 주택마련을 지원하기 위하여 長期住宅抵當借入金의 利子償還額에 대한 所得控除制度를 신설하려는 것임.■ 주요골자1. 學術團體·藝術團體·宗敎團體 등에 지출되는 寄附金의 所得控除限度를 당해 연도 所得金額의 5퍼센트에서10퍼센트로 확대함(안 제34조제1항).2. 무료 또는 實費로 이용할 수 있는 社會福祉施設, 소년·소녀가장 등 불우이웃과 私立學校에 대한 寄附金의경우 종전에는 당해 연도 所得金額의 5퍼센트(私立學校 寄附金은 10퍼센트) 이내에서 所得控除를 받을 수있었으나, 앞으로는 寄附金 全額을 所得控除받을 수 있도록 함(안 제34조제2항제4호 내지 제7호 신설).3. 勤勞所得者가 본인의 敎育費를 지출하는 경우 종전에는 大學까지의 敎育費를 勤勞所得에서 공제받을 수 있었으나, 앞으로는 大學院의 敎育費도 勤勞所得에서 공제받을 수 있도록 함(안 제52조제1항제4호).4. 勤勞所得者가 國民住宅規模의 住宅을 구입하면서 당해 住宅에 抵當權을 설정하고 金融機關으로부터 長期住宅取得資金을 借入하는 경우, 그 借入金에 대한 利子償還額을 연간 180萬원의 한도내에서 所得控除를 받을수 있도록 함(안 제52조제3항 내지 제5항 신설).5. 國家·公益團體 등에 대한 寄附金의 경우 종전에는 勤勞所得 또는 事業所得에서만 공제를 받을 수 있었으나, 앞으로는 所得稅가 綜合課稅되는 利子·配當所得, 一時財産所得 등에서도 공제받을 수 있도록 함(안 제52조제6항 신설).■ 위원회 수정사항□ 수정이유 및 주요골자中産·庶民層의 내집 마련에 대한 稅制支援의 실효성을 提高하는 한편, 주택수요기반을 擴充하여 주택건설업계의 經營環境을 改善하기 위하여 이번에 新設되는 장기주택저당차입금 이자상환액 등 주택자금 소득공제한도를年 180萬원에서 年 300萬원으로 擴大하고 勤勞者 本人의 大學院敎育費 所得控除制度 新設은 廢止하기로 함.']",재정경제위원회,[]
160025,  옥외광고물등관리법중개정법률안(이훈평의원등 2인 외 23인),2000-06-20,의원,2001-06-28,대안반영폐기,제16대 (2000~2004) 제212회,"['■ 제안이유불법 옥외광고물의 난립으로 도시미관을 해치고 있어 관광 한국의 이미지를 실추시키고 있으나, 이에 대한 지도·단속의 미흡과 처벌규정의 미약등 관련법규의 미비로 불법옥외광고물의 근절이 실효성을 거두지 못하고 있어, 이를 효과적으로 근절하기 위하여 불법 옥외광고물이 표시 또는 설치된 물건의 소유자에 대하여도 시·도지사가 그 불법 옥외광고물의 제거 기타 필요한 조치를 명할 수 있도록 하고, 불법 옥외광고물의 제거 기타 필요한 조치의 명령에 위반한 자에 대하여 부과할 수 있는 과태료를 상향조정함으로써 불법광고물을 근절하려는것임.■ 주요골자허가 또는 신고없이 광고물을 표시·설치하거나 금지된 광고물을 설치·표시하는 등 불법광고물을 설치·표시하는 경우에, 시·도지사가 그 광고물의 설치자·관리자·광고주 또는 옥외광고업자외에 그 광고물이 설치된물건의 소유자에 대하여도 그 광고물의 제거 기타 필요한 조치를 명할 수 있도록 하고, 이 명령의 위반자에 대하여 부과할 수 있는 과태료를 50만원에서 100만원으로 상향조정함(안 제10조제1항 및 제20조).']",행정자치위원회,"['이훈평', '김명섭', '김옥두', '김원기', '박용호', '박주선', '배기선', '송석찬', '신기남', '원유철', '유용태', '윤철상', '이강래', '이낙연', '장영달', '장태완', '전갑길', '정동영', '정동채', '조재환', '조한천', '천정배', '최선영']"
160023,  경찰법중개정법률안,2000-06-19,정부,2000-12-01,원안가결,제16대 (2000~2004) 제212회,['■ 제안이유 및 주요골자總警으로 보하던 警察署長을 總警 또는 警正으로 보하도록 함으로써 警察人力의 彈力的 운영을 도모하려는 것임.'],행정자치위원회,[]
160022,  인사청문회법안,2000-06-19,위원장,2000-06-19,원안가결,제16대 (2000~2004) 제212회,"['■ 제안이유국회는 제16대국회부터 헌법에서 그 임명에 국회의 임명동의를 요하거나 국회에서 선출하도록 규정되어 있는공직자에 대하여 인사청문회를 실시하도록 함에 따라 국회법 제46조의3과 제65조의2의 규정에서 임명동의안과국회선출안을 심사할 인사청문특별위원회의 설치와 인사청문회의 실시를 규정하였으며, 이에 관하여 필요한 사항은 따로 법률로 정하도록 하였음.이에 따라 인사청문특별위원회의 구성·운영과 인사청문회의 절차 등에 관한 사항을 정하려는 것임.■ 주요골자1. 인사청문특별위원회는 국회법 제46조의3제1항의 규정에 의하여 임명동의안 또는 선출안이 제출된 때에 구성된 것으로 봄(안 제3조제1항).2. 위원회의 위원정수는 13인으로 하고, 위원장은 위원회에서 호선함(안 제3조제2항 및 제5항.)3. 위원회는 임명동의안등을 심사함에 있어서 국회법 제65조의2의 규정네 의한 인사청문회를 열어, 공직후보자를 출석하게 하여 질문을 행하고 답변과 의견을 청취함(안 제4조제1항).4. 국회에 제출하는 임명동의안등에는 임명동의요청사유서 또는 의장의 추천서외에 학력·경력, 병역사항, 재산사항, 납세실적, 범죄경력에 관한 증빙서류를 첨부함(안 제5조제1항).5. 위원회는 공직후보자로부터 10분의 범위안에서 모두(冒頭)발언을 청취하고, 위원 1인당 질문시간은 위원장이 간사와 협의하여 정하도록 함(안 제7조제1항 및 제2항).6. 위원이 공직후보자에 대하여 질문하고자 하는 경우에는 질문 요지서를 구체적으로 작성하여 위원장에게 제출하여야 하며, 위원은 공직후보자에게 서면으로 질문을 할 수 있음(안 제7조제4항 및 제5항).7. 증인등에 대한 위원회의 출석요구서는 늦어도 출석요구일 5일전에 송달되도록 함(안 제8조).8. 위원회는 임명동의안등이 회부된 날부터 12일이내에 인사청문회를 마치되 인사청문회기간은 2일이내로 하며, 인사청문회를 마친 날부터 2일이내에 심사경과보고서를 의장에게 제출함(안 제9조제1항 및 제2항).9. 인사청문회 및 서면답변은 공개하고, 다만 비공개사유에 해당하는 경우에는 위원회의 의결로 공개하지 아니할 수 있도록 함(안 제7조제6항 및 제 14조).10. 위원회에 출석한 공직후보자·증인·참고인 등이 답변·증언 또는 서면답변등을 함에 있어서 특별한 이유로 인사청문회의 비공개를 요구할 때에는 위원회의 의결로 인사청문회·서면답변을 공개하지 아니할 수 있으며, 이 경우 그 비공개요구이유는 비공개회의에서 소명하여야 함(안 제7조제6항 및 제15조).11. 위원은 위협적이거나 모욕적인 질문·발언을 하여서는 아니됨(안 제18조제1항).']",국회운영위원회,[]
160021,  외국환거래법중개정법률안,2000-06-19,정부,2000-10-09,수정가결,제16대 (2000~2004) 제212회,"['■ 제안이유 및 주요골자당초 정부는 國家競爭力을 강화하고 國民經濟生活의 편의를 제고하기 위하여 2001年 1月 1日부터 外換去來의전면자유화를 시행하기로 하였으나, 최근 國內外 市場與件의 변화와 國際金融秩序改編을 위한 새로운 論議가국제적으로 진행되고 있는 점을 감안하여 資本去來許可制의 적용시한을 3年間 연장하는 등 外換自由化의 일정을 일부 조정함으로써 우리 經濟與件에 맞게 段階的으로 外換自由化를 추진할 수 있도록 하는 한편, 현행 제도의 운영상 나타난 일부 미비점을 개선·보완하려는 것임.■ 위원회 수정사항□ 수정이유 및 주요골자1. 債權의 回收義務에 대한 구체적인 내용을 정하도록 한 大統領令에의 위임 근거가 중복되어 이를 조정하고,大統領令에서 정하고 있는 債權의 回收期限 등의 법적 근거를 명확히 함(案 第7條).2. 大統領令에 규정되어 있는 허가대상 자본거래를 법률에 포함함으로써 허가대상을 명확히 하고, 기타 引用條文 및 용어를 정비함(案 第18條第2項 및 第3項).3. 단기성 투기자금(hedge fund)등의 원화자금조달거래에 의한 환투기방지 등을 위하여 資本去來許可制의 적용시한을 2005年 12月 31日까지로 함(案 法律 第5550號 外國換去來法 附則 第2條).']",재정경제위원회,[]
160019,  국민연금법중개정법률안(김명섭의원등 20인),2000-06-16,의원,2000-12-08,대안반영폐기,제16대 (2000~2004) 제212회,['■ 제안이유 및 주요골자연금가입자는 연금을 지급받을 사유가 발생한 날이 속하는 달의 다음 달부터 수급권을 갖게 됨. 그러나 실제연금은 한달 후 말일에 받게 됨으로서 한달씩 연금을 늦게 받는 재산상의 피해를 받고 있음. 특히 1995년 7월1일부터 시작된 농어민에 대한 특례노령연금은 수급권이 2000년 7월부터 발생하나 지급은 8월말일부터 가능하므로 막대한 민원이 발생할 우려도 있음.국민의 재산권을 보호하는 차원에서 수급권이 발생한 달 말에 그 달의 연금을 지급하도록 하는 것임.'],보건복지위원회,"['김명섭', '김방림', '김성순', '김찬우', '김홍신', '박상희', '박시균', '송석찬', '송훈석', '심재철', '원희룡', '유용태', '유재건', '이재오', '이훈평', '정문화', '조정무', '최영희', '함승희', '황우여']"
160016,  제8회부산아시아·태평양장애인경기대회지원법안(유재건의원등 4인 외 16인),2000-06-15,의원,2000-12-08,대안반영폐기,제16대 (2000~2004) 제212회,"['■ 제안이유2002년에 개최하는 제8회부산아시아·태평양장애인경기대회의 준비와 운영을 위하여 설립된 부산아·태장애인경기대회조직위원회와 동대회 관련사업을 지원하여 대회를 성공적으로 개최함으로써 장애인체육을 활성화하고국위선양과 장애인복지발전을 도모하려는 것임.■ 주요골자1. 조직위원회는 그 원활한 운영과 활동을 위하여 국가 또는 지방자치단체, 정부투자기관, 법인, 단체등으로부터 필요한 편의 와 행정적·재정적인 협조 및 지원을 받을 수 있도록 함(안 제3조).2. 조직위원회는 대회의 준비 및 운영에 필요한 비용에 충당하기 위하여 체육복표의 증량발행등 수익사업을 할수 있도록 함(안 제9조).3. 조직위원회는 행정기관에 대하여 공무원을, 부산아·태장애인경기대회에 관련된 법인 또는 단체에 대하여임원 및 직원의 파견을 요청할 수 있도록 함(안 제15조).4. 부산광역시장은 부산아·태장애인경기대회의 성공적인 개최를 위하여 경기대회 관련시설 및 장애인 편의시설 등에 관한 기본계획을 수립·시행하도록 함(안 제20조).']",보건복지위원회,"['유재건', '오세훈', '이용삼', '천정배', '박상규', '박용호', '박주천', '박희태', '신기남', '심재권', '이강래', '이낙연', '이연숙', '임채정', '장영달', '한화갑']"
160015,  소기업지원을위한특별조치법중개정법률안(박광태의원등 33인),2000-06-12,의원,2000-12-08,수정가결,제16대 (2000~2004) 제212회,"['■ 제안이유소기업 지원의 내실을 기하기 위하여 소기업 범위를 조정하고, 국가경제에서 중요한 위치를 차지하는 소상공인에 대한 구체적인 지원근거 및 수단을 마련하는 등 현행 제도의 일부 미비점을 보완하기 위함.■ 주요골자1. 소상공인에 대한 체계적 지원의 근거를 마련하기 위하여 제명을 소기업및소상공인지원을위한특별조치법으로개정.2. 제조업 및 제조업관련 서비스업으로 국한된 소기업의 범위를 소·도매업, 음식업등을 포함하는 중소기업기본법령상의 소기업으로 조정하고, 소기업중 상시 종업원 10인 이하의 사업자로서 업종별 상시 종업원수 등이 대통령령이 정하는 기준에 해당하는 자를 소상공인으로 정의함(안 제1조 및 제2조).3. 중앙행정기관 및 시·도에서 수행하는 소기업에 대한 지원계획의 효율을 높이기 위하여 지원계획에 대한 조정 및 평가를 중소기업청장이 수행토록 조정함(안 제3조).4. 주식회사가 아닌 소기업을 주식회사로 전환하거나 소기업인 주식회사를 설립하는 경우에는 법인설립요건에대한 특례를 마련하고 법인전환을 희망하는 기업에 대한 지원근거를 마련함(안 제8조의2).5. 소상공인의 창업 및 경영합리화를 촉진하기 위하여 중소기업청장으로 하여금 각종 지원책을 수립토록 하고소상공인지원센터의 설치근거를 마련함(안 제10조의2 및 제10조의3).■ 위원회 수정사항□ 수정이유 및 주요골자소기업종합지원계획의 실효성 제고를 위하여 중소기업청에서 통합·조정하도록 한 소기업종합지원계획을 중소기업특별위원회의 심의를 거치도록 하고 이를 일간신문에 공고토록 함으로써 동 계획의 정책대상인 소기업에적극 홍보하도록 함(안 제3조제4항).']",산업자원위원회,"['박광태', '강운태', '고진부', '김경천', '김방림', '김영진', '김윤식', '김종하', '김태식', '김태홍', '김택기', '김호일', '맹형규', '박병석', '박주천', '배기선', '배기운', '백승홍', '송광호', '송석찬', '원유철', '이규택', '이양희', '장영신', '장태완', '전갑길', '정동채', '정철기', '조성준', '조재환', '조한천', '천용택', '천정배']"
160007,  공직선거및선거부정방지법중개정법률안(심재철의원등 22인),2000-06-02,의원,2002-02-28,대안반영폐기,제16대 (2000~2004) 제212회,['■ 제안이유 및 주요골자선거운동에 있어 현역 의원인 공직선거후보자와 현역 의원이 아닌 공직선거후보자간의 형평성을 도모하기 위하여 국회의원 및 지방의회의원에 의한 의정보고를 선거기간개시일전 30일부터 선거일까지 금지토록 하고자 함(안 제111조제1항).'],행정자치위원회,"['심재철', '김성호', '김종하', '김호일', '김홍신', '박명환', '박종희', '손희정', '안영근', '안택수', '엄호성', '오세훈', '원희룡', '윤한도', '이성헌', '임진출', '임태희', '정병국', '최영희', '하순봉', '홍사덕', '황승민']"
160006,  국회법중개정법률안(심재철의원등 22인),2000-06-02,의원,2002-02-28,대안반영폐기,제16대 (2000~2004) 제212회,"['■ 제안이유 및 주요골자제15대 국회에서는 여·야간의 첨예한 대립으로 인하여 파행적인 국회운영이 빈번하게 발생하였는 바, 이러한대립이 첨예할수록 국회운영을 책임지고 있는 의장의 중립적인 의사진행이 무엇보다 중요하므로 이를 담보하는방안으로 당적을 가진 의원이 의장으로 당선된 경우에는 당선된 날부터 7일 이내에 소속정당을 탈당하도록 하는 의장의 당적보유 금지규정을 두고자 함(안 제20조의2).']",국회운영위원회,"['심재철', '김종하', '김호일', '김홍신', '박명환', '박종희', '손희정', '안영근', '안택수', '엄호성', '오세훈', '원희룡', '윤한도', '이성헌', '이윤성', '임진출', '임태희', '정병국', '정인봉', '하순봉', '홍사덕', '황승민']"
160004,  국회법중개정법률안(오장섭의원등 2인 외 134인),2000-06-01,의원,2004-05-29,임기만료폐기,제16대 (2000~2004) 제212회,"['■ 제안이유현행 헌법은 소수정당의 보호를 위한 복수 정당제를 채택하고 있음에도, 헌법정신에 충실해야할 國會法은 외국과 비교하여 교섭단체 요건을 강화함으로써 소수정당의 원내활동을 제한하고 있음.특히, 2000년 2월 8일 의원 정수를 축소하는「公職選擧및選擧不正防止法」의 개정이 이루어지고 제16대 국회의원총선거 결과 어느 당도 국회운영을 독자적으로 결정할 수 없도록 의석이 분포되어 소수정당의 조정역할이 기대되는 상황에서 國會法상의 교섭단체구성요건이「公職選擧및選擧不正防止法」개정 이전과 같은 20인으로 존치함으로써 소수정당의 조정역할 축소 등 원내활동을 더욱 제약하는 결과를 초래하고 있음.이에 따라, 교섭단체 구성요건을 현행 20인에서 이 제도를 시행하고 있는 외국의 수준에 맞춰 10인으로 축소하고, 이에 맞추어 체포 및 구금된 의원의 석방요구, 의사일정의 변경, 의안의 발의 요건, 위원회에서 폐기된 의안의 본회의 부의요구, 의안에 대한 수정동의, 국무위원의 출석요구, 긴급현안질문, 위원회에서 본회의에 부의할 필요가 없다고 결정한 청원의 본회의 부의 요건을 완화하려는 것임.■ 주요골자1. 체포 및 구금된 의원의 석방요구를 발의할 때에는 10인 이상의 연서로 가능하도록 요건을 완화함(안 제28조).2. 교섭단체 구성 요건을 국회에 10인 이상의 소속의원을 가진 정당 또는 다른 교섭단체에 속하지 아니하는10인 이상의 의원으로 구성할 수 있도록 요건을 완화함(안 제33조제1항).3. 의사일정의 변경시 의장이 각 교섭단체대표의원과 협의하여 필요하다고 인정할 때 이외에 의원 10인 이상의연서에 의한 동의로 본회의의 의결이 있을시 가능하도록 요건을 완화함(안 제77조).4. 의안의 발의요건을 의원 10인 이상의 찬성으로 가능하도록 함(안 제79조제1항).5. 위원회에서 폐기된 의안은 위원회의 결정이 본회의에 보고된 날부터 폐회 또는 휴회중의 기간을 제외한 7일이내에 의원 20인 이상의 요구가 있을 때에는 본회의에 부의할 수 있도록 함(안 제87조제1항).6. 의안에 대한 수정동의는 그 안을 갖추고 이유를 붙여 의원 20 인 이상의 찬성자와 연서하여 의장에게 미리제출토록 함(안 제95조제1항).7. 국무위원의 출석을 요구할 경우, 그 발의는 의원 10인 이상이 이유를 명시한 서면으로 할 수 있도록 요건을완화함(안 제121조제1항).8. 의원은 10인 이상의 찬성으로 긴급현안질문을 할 것을 의장에게 요구할 수 있도록 요건을 완화함(안 제122조의3제1항).9. 위원회에서 본회의에 부의하지 아니하기로 결정한 청원은 폐회 또는 휴회기간을 제외한 7일 이내에 의원 20인 이상의 요구가 있을 때에 본회의에 부의할 수 있도록 함(안 제87조제1항).']",국회운영위원회,"['오장섭', '정균환', '강창희', '강현욱', '고진부', '곽치영', '김경재', '김경천', '김근태', '김기재', '김덕규', '김덕배', '김명섭', '김민석', '김방림', '김성순', '김성호', '김영배', '김영진', '김영환', '김옥두', '김운용', '김원기', '김원길', '김윤식', '김종필', '김종호', '김충조', '김태식', '김태홍', '김택기', '김학원', '김한길', '김홍일', '김효석', '김희선', '남궁석', '문석호', '문희상', '박광태', '박병석', '박병윤', '박상규', '박상천', '박상희', '박용호', '박인상', '박종우', '박주선', '배기선', '배기운', '서영훈', '설송웅', '설훈', '송광호', '송석찬', '송영길', '송영진', '송훈석', '신계륜', '신기남', '심규섭', '심재권', '안대륜', '안동선', '원유철', '원철희', '유삼남', '유용태', '유재건', '유재규', '윤철상', '이강래', '이근진', '이낙연', '이만섭', '이미경', '이상수', '이양희', '이완구', '이용삼', '이원성', '이윤수', '이인제', '이재선', '이재정', '이정일', '이종걸', '이창복', '이한동', '이해찬', '이협', '이호웅', '이훈평', '이희규', '임종석', '임채정', '장성민', '장성원', '장영달', '장영신', '장재식', '장정언', '장태완', '전갑길', '정대철', '정동영', '정동채', '정범구', '정세균', '정우택', '정장선', '정진석', '정철기', '조부영', '조성준', '조순형', '조재환', '조한천', '조희욱', '천용택', '천정배', '최선영', '최영희', '최용규', '최재승', '추미애', '한명숙', '한화갑', '함석재', '함승희', '허운나', '홍재형']"
160003,  문화재보호법중개정법률안(맹형규의원 외 22인),2000-05-30,의원,2004-05-29,임기만료폐기,제16대 (2000~2004) 제212회,"['■ 제안이유 및 주요골자현행 文化財保護法은 고분(古墳)·패총(貝塚)·고생물자료(古生物資料)·천연동굴(天然洞窟) 및 기타 매장 문화재의 경우 발굴 금지를 원칙으로 하고 연구의 목적이나 건설공사를 위한 부득이한 경우에 한하여 이를 예외적으로 허용하고 있음. 그러나 건설공사의 경우 발굴에 소요되는 비용을 당해 사업의 시행자가 부담하도록 하고 있어 비용부담으로 인한 민원(民願)이 발생하고 있고, 비용부담과 공사지연을 피하기 위하여 문화재 발견사실을 은폐하고 문화재를 훼손하는 사례가 자주 발생하고 있는 바, 건설공사 등을 위하여 부득이 발굴할 필요가있는 경우 발굴에 소요되는 경비는 국가 또는 지방자치단체가 부담하도록 하여 민원을 해소하고 문화재를 보호하려는 것임.']",문화관광위원회,"['맹형규', '권철현', '김영일', '김종하', '김형오', '남경필', '박명환', '박세환', '박원홍', '박주천', '백승홍', '서정화', '서청원', '신영국', '신영균', '윤한도', '이상득', '이상희', '정문화', '주진우', '하순봉', '황우여']"
160002,  국회법중개정법률안(김홍신의원등 25인),2000-05-30,의원,2002-02-28,대안반영폐기,제16대 (2000~2004) 제212회,['■ 제안이유 및 주요골자국회 소위원회의 회의록을 작성하지 않는 것은 국회의 잘못된 관례의 하나임. 앞으로는 이러한 잘못된 관례를 답습하지 않도록 관련법조문을 개정하여야 할 것임. 그래서 國會法 제69조제4항의 단서를 삭제하여 소위원회의 회의록 작성을 의무화하려는 것임.'],국회운영위원회,"['김홍신', '권오을', '권철현', '김문수', '김부겸', '김성호', '김영춘', '김영환', '김원웅', '김택기', '남경필', '맹형규', '문석호', '서상섭', '손희정', '송영길', '심재철', '오세훈', '원희룡', '이미경', '이재오', '이호웅', '임종석', '전재희', '정병국']"
160001,  국회의원수당등에관한법률중개정법률안(김홍신의원등 25인),2000-05-30,의원,2001-02-28,수정가결,제16대 (2000~2004) 제212회,"['■ 제안이유국회의원 임기는 48개월임에도 현행 법규정으로는 49개월분 세비를 수령하게 되어 있으며 이는 명백히 국민의혈세남용임.따라서, 이번 제16대국회가 이 사회의 수범이 되고자 하는 자세를 가다듬고 국민에게 존경받고 신뢰받는 풍토조성에 솔선수범하는 마음을 다지는 상징으로서 ""國會議員手當등에관한法律""을 개정하고자 함.■ 주요골자국회의원들에게 수당 등을 지급함에 있어서 종전에는 국회의원들의 임기가 개시된 날이 속하는 달의 경우, 그신분보유기간이 1월 미만인 경우에도 그 수당 등의 월액을 전액 지급하였으나, 앞으로는 일할계산하여 지급하려는 것임(안 제4조).□ 수정이유 및 주요골자개정안에서는 국회의원의 임기가 개시된 날이 속하는 월의 수당은 일할계산하여 지급하고, 국회의원의 직을 상실하는 날이 속하는 월의 수당은 현행과 같이 이를 전액지급토록 하고 있으나, 국회의원수당지급의 일관성을유지하기 위하여 국회의원의 임기가 개시되는 날이 속하는 월의 수당뿐 아니라 국회의원의 직을 상실하는 날이속하는 월의 수당도 일할계산하여 지급토록 하고자 함(안 제4조).']",국회운영위원회,"['김홍신', '권오을', '권철현', '김문수', '김부겸', '김성호', '김영춘', '김영환', '김원웅', '김택기', '남경필', '맹형규', '문석호', '서상섭', '손희정', '송영길', '심재철', '오세훈', '원희룡', '이미경', '이재오', '이호웅', '임종석', '전재희', '정병국']"
